0 0.17307692307692307 0.3629807692307692 0.16346153846153846 0.16826923076923078
0 0.1658653846153846 0.5048076923076923 0.1201923076923077 0.15865384615384615
0 0.23798076923076922 0.5084134615384616 0.08653846153846154 0.21875
0 0.25 0.39663461538461536 0.15384615384615385 0.038461538461538464
0 0.3004807692307692 0.484375 0.15865384615384615 0.15625
0 0.28125 0.6418269230769231 0.11057692307692307 0.09615384615384616
0 0.38461538461538464 0.7355769230769231 0.23076923076923078 0.1201923076923077
0 0.47836538461538464 0.84375 0.12980769230769232 0.08653846153846154
0 0.5564903846153846 0.9182692307692307 0.18028846153846154 0.15384615384615385
0 0.7451923076923077 0.9423076923076923 0.27403846153846156 0.11057692307692307
0 0.6346153846153846 0.7235576923076923 0.15865384615384615 0.09615384615384616
0 0.49759615384615385 0.7115384615384616 0.14903846153846154 0.10096153846153846
0 0.5745192307692307 0.8100961538461539 0.24519230769230768 0.13942307692307693
0 0.7043269230769231 0.7800480769230769 0.20192307692307693 0.05048076923076923
0 0.7620192307692307 0.8701923076923077 0.23076923076923078 0.0625
0 0.8653846153846154 0.8858173076923077 0.1971153846153846 0.10336538461538461
0 0.7692307692307693 0.9423076923076923 0.16346153846153846 0.057692307692307696
0 0.9591346153846154 0.6790865384615384 0.07692307692307693 0.2620192307692308
0 0.7980769230769231 0.5348557692307693 0.3317307692307692 0.05048076923076923
0 0.7524038461538461 0.5697115384615384 0.20673076923076922 0.04326923076923077
0 0.6887019230769231 0.6165865384615384 0.25721153846153844 0.06490384615384616
0 0.8497596153846154 0.6634615384615384 0.2956730769230769 0.0673076923076923
0 0.8990384615384616 0.4338942307692308 0.1971153846153846 0.12740384615384615
0 0.8774038461538461 0.2620192307692308 0.2403846153846154 0.20673076923076922
0 0.6622596153846154 0.22956730769230768 0.37740384615384615 0.14182692307692307
0 0.5024038461538461 0.23557692307692307 0.15865384615384615 0.17307692307692307
0 0.47596153846153844 0.15865384615384615 0.28846153846153844 0.1201923076923077
0 0.2932692307692308 0.22716346153846154 0.11057692307692307 0.11298076923076923
0 0.3954326923076923 0.2620192307692308 0.14182692307692307 0.16826923076923078
0 0.36538461538461536 0.3269230769230769 0.08173076923076923 0.08653846153846154
0 0.43509615384615385 0.5096153846153846 0.11057692307692307 0.2548076923076923
0 0.5961538461538461 0.47596153846153844 0.24519230769230768 0.07211538461538461
0 0.6105769230769231 0.39663461538461536 0.052884615384615384 0.16826923076923078
0 0.6538461538461539 0.32091346153846156 0.07692307692307693 0.11298076923076923
0 0.5817307692307693 0.49038461538461536 0.04326923076923077 0.04326923076923077
0 0.5552884615384616 0.6117788461538461 0.15384615384615385 0.12740384615384615
0 0.5853365384615384 0.051682692307692304 0.18509615384615385 0.09375
0 0.6778846153846154 0.055288461538461536 0.2932692307692308 0.10096153846153846
0 0.8894230769230769 0.08173076923076923 0.22115384615384615 0.15384615384615385
0 0.8774038461538461 0.15504807692307693 0.1201923076923077 0.08413461538461539
0 0.8197115384615384 0.11658653846153846 0.11538461538461539 0.11298076923076923
0 0.7403846153846154 0.3605769230769231 0.1201923076923077 0.28846153846153844
0 0.6322115384615384 0.2620192307692308 0.1201923076923077 0.15384615384615385
0 0.5408653846153846 0.5 0.9134615384615384 0.9903846153846154
