0 0.5456730769230769 0.21754807692307693 0.23076923076923078 0.34375
0 0.18269230769230768 0.6838942307692307 0.20673076923076922 0.20432692307692307
0 0.37259615384615385 0.5588942307692307 0.12980769230769232 0.10817307692307693
0 0.28846153846153844 0.5985576923076923 0.09615384615384616 0.1346153846153846
0 0.31490384615384615 0.7007211538461539 0.09615384615384616 0.10817307692307693
0 0.34134615384615385 0.6454326923076923 0.04807692307692308 0.05048076923076923
0 0.3389423076923077 0.7572115384615384 0.125 0.09615384615384616
0 0.5228365384615384 0.7548076923076923 0.11298076923076923 0.12980769230769232
0 0.5697115384615384 0.6826923076923077 0.08173076923076923 0.07692307692307693
0 0.6754807692307693 0.7319711538461539 0.1201923076923077 0.06971153846153846
0 0.5276442307692307 0.6490384615384616 0.11298076923076923 0.11057692307692307
0 0.43509615384615385 0.7644230769230769 0.07211538461538461 0.10096153846153846
0 0.042067307692307696 0.6802884615384616 0.07451923076923077 0.07692307692307693
0 0.49278846153846156 0.5192307692307693 0.9278846153846154 0.6778846153846154
0 0.3737980769230769 0.1141826923076923 0.18509615384615385 0.0889423076923077
