0 0.17427884615384615 0.8521634615384616 0.11298076923076923 0.18509615384615385
0 0.27403846153846156 0.8004807692307693 0.20192307692307693 0.17307692307692307
0 0.20192307692307693 0.9483173076923077 0.12980769230769232 0.10336538461538461
0 0.3713942307692308 0.6730769230769231 0.25240384615384615 0.20673076923076922
0 0.20192307692307693 0.5132211538461539 0.15865384615384615 0.18028846153846154
0 0.23317307692307693 0.2403846153846154 0.21153846153846154 0.1778846153846154
0 0.17307692307692307 0.3425480769230769 0.125 0.12259615384615384
0 0.4375 0.1622596153846154 0.22115384615384615 0.21875
0 0.35096153846153844 0.34615384615384615 0.22115384615384615 0.19230769230769232
0 0.3894230769230769 0.5024038461538461 0.20673076923076922 0.16826923076923078
0 0.6262019230769231 0.6490384615384616 0.31971153846153844 0.20673076923076922
0 0.59375 0.7776442307692307 0.12980769230769232 0.21875
0 0.32211538461538464 0.890625 0.3798076923076923 0.21875
0 0.5228365384615384 0.359375 0.17548076923076922 0.14182692307692307
0 0.6490384615384616 0.1346153846153846 0.19230769230769232 0.25961538461538464
0 0.7884615384615384 0.18870192307692307 0.12980769230769232 0.10817307692307693
0 0.6875 0.3641826923076923 0.15384615384615385 0.12259615384615384
0 0.6045673076923077 0.49038461538461536 0.18028846153846154 0.1201923076923077
0 0.8028846153846154 0.5108173076923077 0.14423076923076922 0.12259615384615384
0 0.7403846153846154 0.5612980769230769 0.09134615384615384 0.08413461538461539
0 0.7764423076923077 0.6262019230769231 0.052884615384615384 0.08413461538461539
0 0.8269230769230769 0.6670673076923077 0.09134615384615384 0.10336538461538461
0 0.7211538461538461 0.7463942307692307 0.12980769230769232 0.08413461538461539
0 0.8581730769230769 0.75 0.07211538461538461 0.08173076923076923
0 0.8052884615384616 0.7512019230769231 0.07692307692307693 0.06490384615384616
0 0.9326923076923077 0.8209134615384616 0.12980769230769232 0.10336538461538461
0 0.9350961538461539 0.9675480769230769 0.125 0.06490384615384616
0 0.9122596153846154 0.390625 0.10817307692307693 0.0889423076923077
0 0.9194711538461539 0.21514423076923078 0.11298076923076923 0.08413461538461539
0 0.9098557692307693 0.08653846153846154 0.11298076923076923 0.09615384615384616
