0 0.8197115384615384 0.20432692307692307 0.22115384615384615 0.17307692307692307
0 0.7548076923076923 0.10697115384615384 0.1778846153846154 0.10817307692307693
0 0.5096153846153846 0.17668269230769232 0.13942307692307693 0.07932692307692307
0 0.49759615384615385 0.27884615384615385 0.2692307692307692 0.15865384615384615
0 0.5841346153846154 0.40865384615384615 0.1778846153846154 0.125
0 0.6033653846153846 0.5564903846153846 0.21634615384615385 0.18028846153846154
0 0.6237980769230769 0.7067307692307693 0.17067307692307693 0.13942307692307693
0 0.5168269230769231 0.7668269230769231 0.1971153846153846 0.10576923076923077
0 0.43509615384615385 0.6586538461538461 0.21153846153846154 0.14903846153846154
0 0.43509615384615385 0.5480769230769231 0.15384615384615385 0.11057692307692307
0 0.3004807692307692 0.5769230769230769 0.1201923076923077 0.14903846153846154
0 0.3016826923076923 0.44471153846153844 0.13221153846153846 0.12980769230769232
0 0.41346153846153844 0.42788461538461536 0.19230769230769232 0.14423076923076922
0 0.31490384615384615 0.38461538461538464 0.10576923076923077 0.07211538461538461
0 0.328125 0.3076923076923077 0.13221153846153846 0.13942307692307693
0 0.1310096153846154 0.07451923076923077 0.25721153846153844 0.13942307692307693
3 0.3581730769230769 0.8197115384615384 0.3701923076923077 0.34615384615384615
3 0.42788461538461536 0.8629807692307693 0.10096153846153846 0.27403846153846156
1 0.21875 0.9074519230769231 0.4326923076923077 0.18509615384615385
1 0.1201923076923077 0.7860576923076923 0.23076923076923078 0.14903846153846154
