0 0.8846153846153846 0.17427884615384615 0.1778846153846154 0.3293269230769231
0 0.9855769230769231 0.10817307692307693 0.028846153846153848 0.20192307692307693
0 0.9471153846153846 0.3641826923076923 0.10576923076923077 0.2956730769230769
0 0.9230769230769231 0.6382211538461539 0.15384615384615385 0.3293269230769231
0 0.8954326923076923 0.8894230769230769 0.2091346153846154 0.22115384615384615
0 0.7644230769230769 0.7487980769230769 0.16346153846153846 0.3293269230769231
0 0.7584134615384616 0.4182692307692308 0.21394230769230768 0.3173076923076923
0 0.7091346153846154 0.1466346153846154 0.17307692307692307 0.27403846153846156
0 0.7091346153846154 0.9399038461538461 0.20673076923076922 0.1201923076923077
0 0.5829326923076923 0.7608173076923077 0.19951923076923078 0.3293269230769231
0 0.5456730769230769 0.44471153846153844 0.1971153846153846 0.3557692307692308
0 0.5384615384615384 0.1466346153846154 0.16826923076923078 0.27403846153846156
0 0.47115384615384615 0.021634615384615384 0.02403846153846154 0.028846153846153848
0 0.3629807692307692 0.1935096153846154 0.1778846153846154 0.3245192307692308
0 0.375 0.037259615384615384 0.14423076923076922 0.055288461538461536
0 0.3581730769230769 0.49759615384615385 0.1778846153846154 0.3076923076923077
0 0.3870192307692308 0.7764423076923077 0.1778846153846154 0.3173076923076923
0 0.4807692307692308 0.9362980769230769 0.1971153846153846 0.12740384615384615
0 0.29927884615384615 0.9399038461538461 0.15144230769230768 0.1201923076923077
0 0.1201923076923077 0.9591346153846154 0.1875 0.08173076923076923
0 0.2127403846153846 0.7788461538461539 0.18509615384615385 0.3125
0 0.19230769230769232 0.5096153846153846 0.16826923076923078 0.28365384615384615
0 0.21153846153846154 0.23677884615384615 0.15865384615384615 0.29086538461538464
0 0.21634615384615385 0.055288461538461536 0.16346153846153846 0.09615384615384616
0 0.07211538461538461 0.08173076923076923 0.13942307692307693 0.14423076923076922
0 0.07211538461538461 0.27163461538461536 0.13942307692307693 0.30288461538461536
0 0.06490384615384616 0.5432692307692307 0.125 0.27403846153846156
0 0.06490384615384616 0.8353365384615384 0.125 0.3245192307692308
