0 0.7271634615384616 0.84375 0.18028846153846154 0.125
0 0.28725961538461536 0.037259615384615384 0.17548076923076922 0.06971153846153846
0 0.5384615384615384 0.10576923076923077 0.21634615384615385 0.14423076923076922
0 0.3954326923076923 0.1875 0.17548076923076922 0.14903846153846154
0 0.5240384615384616 0.27524038461538464 0.1971153846153846 0.12740384615384615
0 0.7379807692307693 0.1971153846153846 0.22115384615384615 0.13942307692307693
0 0.7860576923076923 0.2980769230769231 0.1971153846153846 0.11057692307692307
0 0.8088942307692307 0.3798076923076923 0.24278846153846154 0.1346153846153846
0 0.6346153846153846 0.49278846153846156 0.21153846153846154 0.13942307692307693
0 0.8257211538461539 0.4831730769230769 0.18028846153846154 0.11057692307692307
0 0.8485576923076923 0.5985576923076923 0.23557692307692307 0.1346153846153846
0 0.8173076923076923 0.6899038461538461 0.22596153846153846 0.125
0 0.7788461538461539 0.7608173076923077 0.19230769230769232 0.11298076923076923
0 0.65625 0.8918269230769231 0.09615384615384616 0.0625
0 0.5372596153846154 0.90625 0.18028846153846154 0.11538461538461539
0 0.41346153846153844 0.9134615384615384 0.0673076923076923 0.08653846153846154
0 0.32091346153846156 0.8918269230769231 0.17067307692307693 0.13942307692307693
0 0.22716346153846154 0.9915865384615384 0.10817307692307693 0.016826923076923076
0 0.25721153846153844 0.8329326923076923 0.19230769230769232 0.1466346153846154
0 0.4375 0.8149038461538461 0.13942307692307693 0.11057692307692307
0 0.5865384615384616 0.7956730769230769 0.16346153846153846 0.14423076923076922
0 0.5793269230769231 0.7235576923076923 0.16346153846153846 0.09615384615384616
0 0.6706730769230769 0.6754807692307693 0.0673076923076923 0.0625
0 0.6478365384615384 0.5985576923076923 0.18509615384615385 0.10096153846153846
0 0.53125 0.6538461538461539 0.19230769230769232 0.14903846153846154
0 0.44471153846153844 0.7211538461538461 0.1201923076923077 0.08653846153846154
0 0.49278846153846156 0.4855769230769231 0.14423076923076922 0.12980769230769232
0 0.6418269230769231 0.4110576923076923 0.1346153846153846 0.0673076923076923
0 0.6394230769230769 0.3245192307692308 0.1201923076923077 0.12980769230769232
0 0.5324519230769231 0.37740384615384615 0.17067307692307693 0.10096153846153846
0 0.36658653846153844 0.3173076923076923 0.17067307692307693 0.1201923076923077
0 0.3942307692307692 0.43990384615384615 0.1971153846153846 0.08653846153846154
0 0.33653846153846156 0.5348557692307693 0.21153846153846154 0.12740384615384615
0 0.3425480769230769 0.6538461538461539 0.18509615384615385 0.11057692307692307
0 0.29086538461538464 0.6995192307692307 0.16346153846153846 0.1201923076923077
0 0.15625 0.7283653846153846 0.15865384615384615 0.15384615384615385
0 0.09375 0.6382211538461539 0.1778846153846154 0.0985576923076923
0 0.0733173076923077 0.5372596153846154 0.13701923076923078 0.16105769230769232
0 0.06009615384615385 0.4423076923076923 0.11057692307692307 0.07211538461538461
0 0.06009615384615385 0.38822115384615385 0.11057692307692307 0.09375
0 0.0733173076923077 0.2800480769230769 0.13701923076923078 0.12259615384615384
0 0.16826923076923078 0.35096153846153844 0.15384615384615385 0.11538461538461539
0 0.25240384615384615 0.39903846153846156 0.22115384615384615 0.14423076923076922
0 0.18269230769230768 0.4639423076923077 0.1346153846153846 0.08173076923076923
0 0.22716346153846154 0.25 0.17067307692307693 0.125
0 0.15144230769230768 0.1971153846153846 0.1346153846153846 0.07692307692307693
0 0.25721153846153844 0.12740384615384615 0.12980769230769232 0.11057692307692307
0 0.2956730769230769 0.15144230769230768 0.15384615384615385 0.1201923076923077
0 0.40865384615384615 0.06971153846153846 0.07692307692307693 0.08653846153846154
