0 0.05048076923076923 0.08653846153846154 0.08173076923076923 0.15865384615384615
0 0.140625 0.03245192307692308 0.2620192307692308 0.05048076923076923
0 0.1310096153846154 0.1622596153846154 0.18028846153846154 0.23317307692307693
0 0.06971153846153846 0.13221153846153846 0.1201923076923077 0.20673076923076922
0 0.23557692307692307 0.2980769230769231 0.23557692307692307 0.28365384615384615
0 0.4254807692307692 0.16346153846153846 0.4423076923076923 0.3125
0 0.7163461538461539 0.14423076923076922 0.24519230769230768 0.17307692307692307
0 0.59375 0.05048076923076923 0.16346153846153846 0.08653846153846154
0 0.7451923076923077 0.052884615384615384 0.17307692307692307 0.09615384615384616
0 0.9110576923076923 0.054086538461538464 0.1778846153846154 0.0985576923076923
0 0.8125 0.2283653846153846 0.1971153846153846 0.15865384615384615
0 0.8701923076923077 0.16346153846153846 0.09134615384615384 0.13942307692307693
0 0.9567307692307693 0.19110576923076922 0.08653846153846154 0.2956730769230769
0 0.9459134615384616 0.33653846153846156 0.10817307692307693 0.08173076923076923
0 0.7632211538461539 0.37259615384615385 0.2956730769230769 0.24519230769230768
0 0.5961538461538461 0.3329326923076923 0.28846153846153844 0.2620192307692308
0 0.18990384615384615 0.5360576923076923 0.3605769230769231 0.23076923076923078
0 0.07451923076923077 0.4495192307692308 0.12980769230769232 0.057692307692307696
0 0.0625 0.3942307692307692 0.11057692307692307 0.10576923076923077
0 0.0625 0.30528846153846156 0.11057692307692307 0.10096153846153846
0 0.17307692307692307 0.7043269230769231 0.3269230769230769 0.20192307692307693
0 0.04326923076923077 0.8076923076923077 0.07211538461538461 0.1875
0 0.234375 0.8617788461538461 0.37740384615384615 0.1466346153846154
0 0.23798076923076922 0.796875 0.3269230769230769 0.0985576923076923
0 0.3557692307692308 0.6466346153846154 0.28846153846153844 0.22596153846153846
0 0.4519230769230769 0.5336538461538461 0.3942307692307692 0.12980769230769232
0 0.47596153846153844 0.6454326923076923 0.24519230769230768 0.14182692307692307
0 0.5048076923076923 0.7764423076923077 0.23076923076923078 0.14423076923076922
0 0.7235576923076923 0.7091346153846154 0.40384615384615385 0.14903846153846154
0 0.7980769230769231 0.5096153846153846 0.39903846153846156 0.2692307692307692
0 0.8605769230769231 0.5817307692307693 0.27403846153846156 0.15384615384615385
0 0.8966346153846154 0.6382211538461539 0.21153846153846154 0.17067307692307693
0 0.9435096153846154 0.7644230769230769 0.11298076923076923 0.17307692307692307
0 0.7572115384615384 0.8377403846153846 0.49038461538461536 0.12740384615384615
0 0.5564903846153846 0.8930288461538461 0.10336538461538461 0.11298076923076923
0 0.23076923076923078 0.9495192307692307 0.4519230769230769 0.10096153846153846
0 0.052884615384615384 0.8930288461538461 0.08653846153846154 0.040865384615384616
0 0.40865384615384615 0.9459134615384616 0.25 0.10817307692307693
0 0.35096153846153844 0.9350961538461539 0.07211538461538461 0.04326923076923077
0 0.6201923076923077 0.9387019230769231 0.2403846153846154 0.08413461538461539
0 0.5697115384615384 0.9879807692307693 0.18269230769230768 0.02403846153846154
0 0.6995192307692307 0.9591346153846154 0.11538461538461539 0.08173076923076923
0 0.859375 0.9399038461538461 0.28125 0.125
0 0.8521634615384616 0.984375 0.2956730769230769 0.036057692307692304
