0 0.3942307692307692 0.40024038461538464 0.1346153846153846 0.10336538461538461
0 0.3918269230769231 0.47475961538461536 0.10576923076923077 0.10817307692307693
0 0.38221153846153844 0.21153846153846154 0.1201923076923077 0.15865384615384615
0 0.2932692307692308 0.25721153846153844 0.08653846153846154 0.1201923076923077
0 0.21394230769230768 0.28966346153846156 0.08173076923076923 0.0985576923076923
0 0.21634615384615385 0.21634615384615385 0.0625 0.057692307692307696
0 0.2776442307692308 0.34615384615384615 0.09375 0.0673076923076923
0 0.21033653846153846 0.3954326923076923 0.07451923076923077 0.09375
0 0.2860576923076923 0.4182692307692308 0.09134615384615384 0.08653846153846154
0 0.21394230769230768 0.46274038461538464 0.07211538461538461 0.10336538461538461
0 0.2932692307692308 0.5096153846153846 0.07692307692307693 0.08653846153846154
0 0.20552884615384615 0.5492788461538461 0.0889423076923077 0.09375
0 0.22235576923076922 0.6622596153846154 0.06971153846153846 0.11298076923076923
0 0.2512019230769231 0.7788461538461539 0.17548076923076922 0.23076923076923078
0 0.3581730769230769 0.8221153846153846 0.08653846153846154 0.14423076923076922
0 0.3713942307692308 0.7043269230769231 0.0889423076923077 0.09134615384615384
0 0.44711538461538464 0.6947115384615384 0.08653846153846154 0.09134615384615384
0 0.4423076923076923 0.8125 0.09615384615384616 0.14423076923076922
0 0.4543269230769231 0.6274038461538461 0.34615384615384615 0.07211538461538461
0 0.3485576923076923 0.5817307692307693 0.17307692307692307 0.1201923076923077
0 0.5492788461538461 0.5456730769230769 0.2283653846153846 0.07692307692307693
0 0.6466346153846154 0.5168269230769231 0.13942307692307693 0.07692307692307693
0 0.5168269230769231 0.4807692307692308 0.125 0.057692307692307696
0 0.5985576923076923 0.44350961538461536 0.21153846153846154 0.10817307692307693
0 0.5576923076923077 0.3942307692307692 0.15865384615384615 0.0625
0 0.6442307692307693 0.2283653846153846 0.0 0.004807692307692308
0 0.5276442307692307 0.30288461538461536 0.18509615384615385 0.28846153846153844
0 0.7163461538461539 0.3137019230769231 0.18269230769230768 0.25240384615384615
0 0.6466346153846154 0.6274038461538461 0.052884615384615384 0.08173076923076923
0 0.5697115384615384 0.6778846153846154 0.10096153846153846 0.1346153846153846
0 0.5528846153846154 0.7932692307692307 0.08173076923076923 0.13942307692307693
0 0.6262019230769231 0.8137019230769231 0.0889423076923077 0.10817307692307693
0 0.65625 0.7680288461538461 0.07692307692307693 0.10817307692307693
0 0.6370192307692307 0.7067307692307693 0.0625 0.09615384615384616
0 0.7283653846153846 0.625 0.038461538461538464 0.0673076923076923
0 0.7223557692307693 0.7103365384615384 0.05048076923076923 0.10336538461538461
0 0.7355769230769231 0.8197115384615384 0.0673076923076923 0.09615384615384616
0 0.6778846153846154 0.8245192307692307 0.0625 0.08653846153846154
0 0.8197115384615384 0.5108173076923077 0.07211538461538461 0.7572115384615384
0 0.7644230769230769 0.5889423076923077 0.052884615384615384 0.49038461538461536
0 0.7043269230769231 0.5757211538461539 0.08173076923076923 0.3293269230769231
0 0.6802884615384616 0.33052884615384615 0.10576923076923077 0.18028846153846154
2 0.6370192307692307 0.7211538461538461 0.2932692307692308 0.33653846153846156
2 0.24639423076923078 0.38100961538461536 0.17067307692307693 0.4495192307692308
