0 0.7956730769230769 0.3245192307692308 0.22596153846153846 0.1201923076923077
0 0.8701923076923077 0.3004807692307692 0.24519230769230768 0.11538461538461539
0 0.8293269230769231 0.24278846153846154 0.3317307692307692 0.2692307692307692
0 0.9711538461538461 0.31009615384615385 0.052884615384615384 0.13942307692307693
0 0.875 0.11538461538461539 0.24519230769230768 0.14423076923076922
0 0.20793269230769232 0.2620192307692308 0.4110576923076923 0.2644230769230769
0 0.20552884615384615 0.9254807692307693 0.21394230769230768 0.11538461538461539
0 0.1875 0.9915865384615384 0.1778846153846154 0.016826923076923076
0 0.3954326923076923 0.9567307692307693 0.18990384615384615 0.08653846153846154
0 0.27283653846153844 0.8329326923076923 0.18509615384615385 0.0985576923076923
0 0.10096153846153846 0.8389423076923077 0.1971153846153846 0.08173076923076923
0 0.21153846153846154 0.9146634615384616 0.3798076923076923 0.0985576923076923
0 0.22956730769230768 0.6346153846153846 0.21394230769230768 0.11057692307692307
0 0.7788461538461539 0.8786057692307693 0.14903846153846154 0.10336538461538461
0 0.7512019230769231 0.7704326923076923 0.11298076923076923 0.08413461538461539
0 0.7139423076923077 0.9495192307692307 0.2692307692307692 0.10096153846153846
0 0.5985576923076923 0.921875 0.22596153846153846 0.14182692307692307
0 0.6346153846153846 0.8028846153846154 0.15384615384615385 0.11057692307692307
0 0.9254807692307693 0.8581730769230769 0.12980769230769232 0.14903846153846154
0 0.9206730769230769 0.9663461538461539 0.15384615384615385 0.0673076923076923
0 0.8629807692307693 0.7620192307692307 0.14903846153846154 0.08173076923076923
1 0.22355769230769232 0.6322115384615384 0.20192307692307693 0.10576923076923077
1 0.057692307692307696 0.7055288461538461 0.10576923076923077 0.12740384615384615
1 0.05048076923076923 0.5576923076923077 0.09615384615384616 0.11538461538461539
3 0.11658653846153846 0.027644230769230768 0.13701923076923078 0.04567307692307692
2 0.7139423076923077 0.6850961538461539 0.5432692307692307 0.08173076923076923
2 0.7716346153846154 0.609375 0.4519230769230769 0.06971153846153846
