0 0.15865384615384615 0.7487980769230769 0.10096153846153846 0.18990384615384615
0 0.3245192307692308 0.8413461538461539 0.30288461538461536 0.3125
0 0.5552884615384616 0.9254807692307693 0.18269230769230768 0.1201923076923077
0 0.5420673076923077 0.7980769230769231 0.14182692307692307 0.19230769230769232
0 0.5300480769230769 0.5949519230769231 0.2091346153846154 0.22355769230769232
0 0.9519230769230769 0.8798076923076923 0.09615384615384616 0.23557692307692307
0 0.8245192307692307 0.8545673076923077 0.17307692307692307 0.15144230769230768
0 0.3137019230769231 0.609375 0.3293269230769231 0.4254807692307692
0 0.14182692307692307 0.4254807692307692 0.24519230769230768 0.24519230769230768
0 0.10336538461538461 0.5637019230769231 0.09134615384615384 0.10336538461538461
0 0.08653846153846154 0.6418269230769231 0.10096153846153846 0.08653846153846154
0 0.01201923076923077 0.4699519230769231 0.019230769230769232 0.10336538461538461
0 0.027644230769230768 0.390625 0.05048076923076923 0.055288461538461536
0 0.027644230769230768 0.3329326923076923 0.05048076923076923 0.09375
0 0.1466346153846154 0.23197115384615385 0.23076923076923078 0.2091346153846154
0 0.6610576923076923 0.10096153846153846 0.17307692307692307 0.1875
0 0.5949519230769231 0.23677884615384615 0.08413461538461539 0.15144230769230768
0 0.7103365384615384 0.28966346153846156 0.12740384615384615 0.17067307692307693
0 0.8473557692307693 0.2644230769230769 0.0985576923076923 0.16346153846153846
0 0.9459134615384616 0.24278846153846154 0.06971153846153846 0.0673076923076923
0 0.7956730769230769 0.036057692307692304 0.07692307692307693 0.0673076923076923
0 0.7307692307692307 0.027644230769230768 0.0673076923076923 0.05048076923076923
0 0.03125 0.19110576923076922 0.057692307692307696 0.17067307692307693
0 0.04927884615384615 0.07932692307692307 0.07451923076923077 0.11057692307692307
0 0.10576923076923077 0.08173076923076923 0.038461538461538464 0.04807692307692308
0 0.06370192307692307 0.027644230769230768 0.06009615384615385 0.05048076923076923
0 0.019230769230769232 0.040865384615384616 0.03365384615384615 0.07692307692307693
0 0.14423076923076922 0.08173076923076923 0.057692307692307696 0.08173076923076923
0 0.13822115384615385 0.021634615384615384 0.06971153846153846 0.038461538461538464
0 0.171875 0.04927884615384615 0.04567307692307692 0.06009615384615385
0 0.20793269230769232 0.040865384615384616 0.055288461538461536 0.07692307692307693
0 0.2439903846153846 0.10096153846153846 0.04567307692307692 0.0673076923076923
0 0.19230769230769232 0.12259615384615384 0.04326923076923077 0.052884615384615384
0 0.27283653846153844 0.054086538461538464 0.04567307692307692 0.06009615384615385
0 0.28725961538461536 0.021634615384615384 0.04567307692307692 0.038461538461538464
0 0.32211538461538464 0.019230769230769232 0.028846153846153848 0.03365384615384615
0 0.3641826923076923 0.027644230769230768 0.05048076923076923 0.05048076923076923
0 0.4206730769230769 0.027644230769230768 0.0673076923076923 0.05048076923076923
0 0.47475961538461536 0.030048076923076924 0.05048076923076923 0.055288461538461536
0 0.5420673076923077 0.046875 0.06009615384615385 0.0889423076923077
0 0.5384615384615384 0.13341346153846154 0.03365384615384615 0.055288461538461536
0 0.5456730769230769 0.07932692307692307 0.04807692307692308 0.0673076923076923
0 0.5 0.08533653846153846 0.04326923076923077 0.0985576923076923
0 0.4423076923076923 0.09495192307692307 0.08173076923076923 0.0985576923076923
0 0.3713942307692308 0.08173076923076923 0.06490384615384616 0.08173076923076923
0 0.32211538461538464 0.06009615384615385 0.028846153846153848 0.04807692307692308
0 0.30649038461538464 0.1141826923076923 0.06009615384615385 0.06009615384615385
0 0.35096153846153844 0.12620192307692307 0.057692307692307696 0.06009615384615385
0 0.3641826923076923 0.16947115384615385 0.05048076923076923 0.06971153846153846
0 0.3137019230769231 0.1658653846153846 0.055288461538461536 0.0673076923076923
0 0.3004807692307692 0.11057692307692307 0.04326923076923077 0.038461538461538464
0 0.24759615384615385 0.1658653846153846 0.04807692307692308 0.052884615384615384
0 0.28365384615384615 0.22115384615384615 0.0673076923076923 0.0673076923076923
0 0.33653846153846156 0.22956730769230768 0.057692307692307696 0.06009615384615385
0 0.3137019230769231 0.28365384615384615 0.06971153846153846 0.09134615384615384
0 0.26802884615384615 0.30528846153846156 0.05048076923076923 0.08173076923076923
0 0.27283653846153844 0.3713942307692308 0.040865384615384616 0.06971153846153846
0 0.2920673076923077 0.38822115384615385 0.026442307692307692 0.026442307692307692
0 0.32572115384615385 0.40384615384615385 0.05048076923076923 0.04807692307692308
0 0.3473557692307692 0.3389423076923077 0.08413461538461539 0.125
0 0.3954326923076923 0.33653846153846156 0.036057692307692304 0.07692307692307693
0 0.40384615384615385 0.44591346153846156 0.09134615384615384 0.0985576923076923
0 0.42908653846153844 0.38221153846153844 0.04567307692307692 0.04807692307692308
0 0.47115384615384615 0.47475961538461536 0.04326923076923077 0.026442307692307692
0 0.4891826923076923 0.43990384615384615 0.06490384615384616 0.08653846153846154
0 0.5276442307692307 0.4651442307692308 0.04567307692307692 0.06009615384615385
0 0.59375 0.49158653846153844 0.0625 0.06971153846153846
0 0.6358173076923077 0.7956730769230769 0.06490384615384616 0.1201923076923077
0 0.6838942307692307 0.6610576923076923 0.08413461538461539 0.11538461538461539
0 0.828125 0.7704326923076923 0.07451923076923077 0.06009615384615385
0 0.7728365384615384 0.6057692307692307 0.05048076923076923 0.11538461538461539
0 0.7860576923076923 0.5877403846153846 0.052884615384615384 0.14182692307692307
0 0.8329326923076923 0.6971153846153846 0.06490384615384616 0.07692307692307693
0 0.9086538461538461 0.7427884615384616 0.057692307692307696 0.04807692307692308
0 0.9567307692307693 0.47836538461538464 0.052884615384615384 0.052884615384615384
0 0.9891826923076923 0.5 0.016826923076923076 0.0673076923076923
0 0.4026442307692308 0.22956730769230768 0.07451923076923077 0.1466346153846154
0 0.43149038461538464 0.17668269230769232 0.05048076923076923 0.055288461538461536
0 0.4699519230769231 0.1658653846153846 0.040865384615384616 0.04326923076923077
0 0.46634615384615385 0.28125 0.0673076923076923 0.11057692307692307
0 0.5096153846153846 0.2127403846153846 0.04326923076923077 0.10336538461538461
0 0.4735576923076923 0.23076923076923078 0.04807692307692308 0.038461538461538464
0 0.53125 0.27884615384615385 0.057692307692307696 0.07211538461538461
0 0.5 0.34134615384615385 0.057692307692307696 0.08653846153846154
0 0.4987980769230769 0.4182692307692308 0.06971153846153846 0.0673076923076923
0 0.5600961538461539 0.359375 0.052884615384615384 0.0985576923076923
0 0.6021634615384616 0.3629807692307692 0.036057692307692304 0.0673076923076923
0 0.6442307692307693 0.421875 0.07692307692307693 0.10336538461538461
0 0.6298076923076923 0.484375 0.0673076923076923 0.0985576923076923
0 0.6935096153846154 0.5336538461538461 0.07932692307692307 0.1201923076923077
0 0.7211538461538461 0.4723557692307692 0.0625 0.055288461538461536
0 0.7415865384615384 0.5492788461538461 0.036057692307692304 0.055288461538461536
0 0.6935096153846154 0.40625 0.05048076923076923 0.08653846153846154
0 0.7512019230769231 0.4230769230769231 0.07451923076923077 0.11057692307692307
0 0.640625 0.3004807692307692 0.026442307692307692 0.09134615384615384
0 0.7752403846153846 0.3798076923076923 0.03125 0.0673076923076923
0 0.8076923076923077 0.38100961538461536 0.04326923076923077 0.0985576923076923
0 0.8617788461538461 0.3473557692307692 0.06490384615384616 0.0985576923076923
0 0.7932692307692307 0.28125 0.028846153846153848 0.0673076923076923
0 0.7752403846153846 0.22596153846153846 0.03125 0.052884615384615384
0 0.7860576923076923 0.18870192307692307 0.052884615384615384 0.055288461538461536
0 0.8257211538461539 0.15504807692307693 0.036057692307692304 0.06490384615384616
0 0.8329326923076923 0.1310096153846154 0.04567307692307692 0.06009615384615385
0 0.8076923076923077 0.09615384615384616 0.014423076923076924 0.04326923076923077
0 0.8786057692307693 0.13341346153846154 0.05048076923076923 0.06490384615384616
0 0.8689903846153846 0.16346153846153846 0.05048076923076923 0.028846153846153848
0 0.9194711538461539 0.18990384615384615 0.05048076923076923 0.04326923076923077
0 0.8786057692307693 0.203125 0.05048076923076923 0.06009615384615385
0 0.9134615384615384 0.1502403846153846 0.03365384615384615 0.03125
0 0.9146634615384616 0.11057692307692307 0.036057692307692304 0.038461538461538464
0 0.9375 0.09014423076923077 0.028846153846153848 0.03125
0 0.9459134615384616 0.12860576923076922 0.026442307692307692 0.03125
0 0.9603365384615384 0.1502403846153846 0.021634615384615384 0.03125
0 0.9819711538461539 0.1658653846153846 0.03125 0.04326923076923077
0 0.9639423076923077 0.18028846153846154 0.04807692307692308 0.04807692307692308
0 0.9819711538461539 0.20192307692307693 0.03125 0.04807692307692308
0 0.9783653846153846 0.3954326923076923 0.028846153846153848 0.055288461538461536
0 0.9891826923076923 0.38822115384615385 0.016826923076923076 0.06009615384615385
0 0.9819711538461539 0.4423076923076923 0.03125 0.04807692307692308
0 0.9819711538461539 0.3245192307692308 0.03125 0.052884615384615384
0 0.9206730769230769 0.30288461538461536 0.03365384615384615 0.04326923076923077
0 0.9459134615384616 0.3112980769230769 0.04567307692307692 0.05048076923076923
0 0.8497596153846154 0.5516826923076923 0.06490384615384616 0.17067307692307693
0 0.8257211538461539 0.46634615384615385 0.05048076923076923 0.07692307692307693
0 0.8425480769230769 0.08413461538461539 0.036057692307692304 0.03365384615384615
0 0.8725961538461539 0.07451923076923077 0.028846153846153848 0.04326923076923077
0 0.8786057692307693 0.04326923076923077 0.036057692307692304 0.04807692307692308
0 0.9242788461538461 0.06009615384615385 0.055288461538461536 0.04807692307692308
0 0.8545673076923077 0.010817307692307692 0.04567307692307692 0.016826923076923076
