0 0.9122596153846154 0.7848557692307693 0.17548076923076922 0.21875
0 0.9134615384615384 0.6045673076923077 0.17307692307692307 0.2764423076923077
0 0.8509615384615384 0.3293269230769231 0.2980769230769231 0.3798076923076923
0 0.9447115384615384 0.1778846153846154 0.10576923076923077 0.3076923076923077
0 0.8317307692307693 0.1310096153846154 0.16826923076923078 0.20432692307692307
0 0.9314903846153846 0.06370192307692307 0.13701923076923078 0.11778846153846154
0 0.6586538461538461 0.12620192307692307 0.20192307692307693 0.22355769230769232
0 0.5949519230769231 0.3894230769230769 0.13701923076923078 0.30288461538461536
0 0.7043269230769231 0.5012019230769231 0.27403846153846156 0.3389423076923077
0 0.6466346153846154 0.7560096153846154 0.3076923076923077 0.2860576923076923
0 0.7572115384615384 0.8293269230769231 0.16346153846153846 0.13942307692307693
0 0.6634615384615384 0.7692307692307693 0.4423076923076923 0.25961538461538464
0 0.5096153846153846 0.7163461538461539 0.12980769230769232 0.1971153846153846
0 0.4879807692307692 0.4879807692307692 0.23076923076923078 0.5528846153846154
0 0.5877403846153846 0.375 0.1658653846153846 0.3173076923076923
0 0.4579326923076923 0.17067307692307693 0.25240384615384615 0.3317307692307692
0 0.5997596153846154 0.037259615384615384 0.04567307692307692 0.06490384615384616
0 0.1141826923076923 0.5096153846153846 0.21875 0.35096153846153844
0 0.1658653846153846 0.7644230769230769 0.2548076923076923 0.2692307692307692
0 0.22115384615384615 0.7596153846153846 0.4326923076923077 0.28846153846153844
0 0.5288461538461539 0.5769230769230769 0.09134615384615384 0.07211538461538461
0 0.46033653846153844 0.8485576923076923 0.08413461538461539 0.1201923076923077
0 0.30528846153846156 0.5805288461538461 0.15384615384615385 0.21875
0 0.32211538461538464 0.49278846153846156 0.08173076923076923 0.1875
0 0.18509615384615385 0.3473557692307692 0.3605769230769231 0.25721153846153844
0 0.3016826923076923 0.10817307692307693 0.15625 0.20673076923076922
0 0.3641826923076923 0.1201923076923077 0.10336538461538461 0.23557692307692307
0 0.19230769230769232 0.24759615384615385 0.1875 0.10576923076923077
0 0.078125 0.20673076923076922 0.1466346153846154 0.15384615384615385
0 0.16826923076923078 0.1310096153846154 0.11538461538461539 0.14182692307692307
0 0.16105769230769232 0.03485576923076923 0.0673076923076923 0.06009615384615385
0 0.06850961538461539 0.08173076923076923 0.12740384615384615 0.15384615384615385
