0 0.6105769230769231 0.7584134615384616 0.14903846153846154 0.27163461538461536
0 0.5336538461538461 0.8293269230769231 0.11538461538461539 0.1778846153846154
0 0.4723557692307692 0.7752403846153846 0.09375 0.2283653846153846
0 0.47475961538461536 0.71875 0.13701923076923078 0.2403846153846154
0 0.3401442307692308 0.7728365384615384 0.1466346153846154 0.25721153846153844
0 0.2980769230769231 0.6189903846153846 0.13942307692307693 0.24278846153846154
0 0.11899038461538461 0.6790865384615384 0.1466346153846154 0.27163461538461536
0 0.2548076923076923 0.5192307692307693 0.10096153846153846 0.15865384615384615
0 0.19831730769230768 0.6081730769230769 0.06971153846153846 0.1875
0 0.125 0.8088942307692307 0.24519230769230768 0.11778846153846154
0 0.028846153846153848 0.8605769230769231 0.052884615384615384 0.057692307692307696
0 0.1310096153846154 0.8798076923076923 0.18028846153846154 0.08653846153846154
0 0.03365384615384615 0.75 0.0625 0.0625
0 0.025240384615384616 0.6923076923076923 0.04567307692307692 0.0625
0 0.037259615384615384 0.5649038461538461 0.06971153846153846 0.10096153846153846
0 0.6057692307692307 0.5540865384615384 0.25 0.20432692307692307
0 0.7512019230769231 0.7439903846153846 0.18990384615384615 0.33413461538461536
0 0.5420673076923077 0.5973557692307693 0.11298076923076923 0.10817307692307693
0 0.8581730769230769 0.6826923076923077 0.1971153846153846 0.0625
0 0.8942307692307693 0.7584134615384616 0.11538461538461539 0.10336538461538461
0 0.7860576923076923 0.5709134615384616 0.16826923076923078 0.19471153846153846
0 0.6490384615384616 0.2860576923076923 0.25961538461538464 0.5240384615384616
0 0.8185096153846154 0.21514423076923078 0.1466346153846154 0.2091346153846154
0 0.8810096153846154 0.48197115384615385 0.23798076923076922 0.3918269230769231
0 0.4675480769230769 0.2620192307692308 0.12740384615384615 0.15384615384615385
0 0.44711538461538464 0.09615384615384616 0.27403846153846156 0.1875
0 0.2848557692307692 0.19951923076923078 0.11778846153846154 0.15384615384615385
0 0.3798076923076923 0.25240384615384615 0.0625 0.11538461538461539
0 0.3329326923076923 0.13341346153846154 0.11298076923076923 0.11298076923076923
0 0.3473557692307692 0.30649038461538464 0.0889423076923077 0.07451923076923077
0 0.2091346153846154 0.25961538461538464 0.22115384615384615 0.21634615384615385
0 0.12980769230769232 0.4026442307692308 0.1971153846153846 0.17548076923076922
0 0.2512019230769231 0.3798076923076923 0.06490384615384616 0.09615384615384616
0 0.08653846153846154 0.3713942307692308 0.16826923076923078 0.13701923076923078
0 0.1141826923076923 0.3269230769230769 0.18028846153846154 0.15865384615384615
0 0.06129807692307692 0.33533653846153844 0.10336538461538461 0.1658653846153846
0 0.036057692307692304 0.2620192307692308 0.057692307692307696 0.0625
0 0.1045673076923077 0.07692307692307693 0.08413461538461539 0.125
0 0.1502403846153846 0.17548076923076922 0.06490384615384616 0.08653846153846154
0 0.20793269230769232 0.16466346153846154 0.040865384615384616 0.07451923076923077
0 0.17427884615384615 0.0985576923076923 0.06009615384615385 0.10096153846153846
0 0.23798076923076922 0.08774038461538461 0.057692307692307696 0.10336538461538461
0 0.27283653846153844 0.04807692307692308 0.10817307692307693 0.09134615384615384
0 0.15625 0.028846153846153848 0.09134615384615384 0.052884615384615384
0 0.0625 0.14423076923076922 0.0625 0.11538461538461539
