0 0.24759615384615385 0.15985576923076922 0.4807692307692308 0.3004807692307692
0 0.3293269230769231 0.5649038461538461 0.6442307692307693 0.7644230769230769
0 0.2764423076923077 0.921875 0.22596153846153846 0.15625
0 0.140625 0.9495192307692307 0.2283653846153846 0.10096153846153846
0 0.03485576923076923 0.9711538461538461 0.06009615384615385 0.057692307692307696
0 0.4519230769230769 0.9302884615384616 0.14423076923076922 0.13942307692307693
0 0.6274038461538461 0.8365384615384616 0.25961538461538464 0.28846153846153844
0 0.7572115384615384 0.8737980769230769 0.25 0.22355769230769232
0 0.8605769230769231 0.5745192307692307 0.27884615384615385 0.28365384615384615
0 0.8076923076923077 0.48677884615384615 0.38461538461538464 0.4254807692307692
0 0.9014423076923077 0.1466346153846154 0.20192307692307693 0.27884615384615385
