0 0.39903846153846156 0.7151442307692307 0.16346153846153846 0.12259615384615384
0 0.41947115384615385 0.8185096153846154 0.10336538461538461 0.08413461538461539
0 0.43028846153846156 0.8846153846153846 0.07211538461538461 0.052884615384615384
0 0.36538461538461536 0.8209134615384616 0.057692307692307696 0.0889423076923077
0 0.28846153846153844 0.75 0.057692307692307696 0.1971153846153846
0 0.3293269230769231 0.8846153846153846 0.23076923076923078 0.1201923076923077
0 0.21875 0.8653846153846154 0.09134615384615384 0.1875
0 0.2668269230769231 0.703125 0.0625 0.16105769230769232
0 0.23076923076923078 0.6790865384615384 0.052884615384615384 0.18509615384615385
0 0.28365384615384615 0.4543269230769231 0.23076923076923078 0.17307692307692307
0 0.3389423076923077 0.5348557692307693 0.23557692307692307 0.1466346153846154
0 0.3713942307692308 0.6057692307692307 0.17067307692307693 0.11538461538461539
0 0.5216346153846154 0.6862980769230769 0.15865384615384615 0.10336538461538461
0 0.6177884615384616 0.7403846153846154 0.14903846153846154 0.1875
0 0.578125 0.7932692307692307 0.25240384615384615 0.2644230769230769
0 0.703125 0.6526442307692307 0.24759615384615385 0.12259615384615384
0 0.53125 0.5769230769230769 0.14903846153846154 0.1201923076923077
0 0.5709134615384616 0.4495192307692308 0.25721153846153844 0.15384615384615385
0 0.33052884615384615 0.3545673076923077 0.25240384615384615 0.1658653846153846
0 0.5588942307692307 0.27524038461538464 0.25721153846153844 0.20432692307692307
0 0.33533653846153844 0.16826923076923078 0.31490384615384615 0.24519230769230768
