0 0.4423076923076923 0.4795673076923077 0.5769230769230769 0.9543269230769231
0 0.7007211538461539 0.7475961538461539 0.24278846153846154 0.4951923076923077
0 0.7007211538461539 0.35096153846153844 0.12740384615384615 0.375
0 0.8233173076923077 0.3317307692307692 0.16105769230769232 0.28365384615384615
0 0.9615384615384616 0.4519230769230769 0.07692307692307693 0.1875
0 0.8629807692307693 0.5745192307692307 0.16346153846153846 0.2644230769230769
0 0.9014423076923077 0.7151442307692307 0.11538461538461539 0.08413461538461539
0 0.9483173076923077 0.7824519230769231 0.05048076923076923 0.18028846153846154
0 0.9831730769230769 0.8834134615384616 0.03365384615384615 0.13701923076923078
0 0.9771634615384616 0.9831730769230769 0.04567307692307692 0.02403846153846154
0 0.859375 0.9362980769230769 0.08413461538461539 0.12259615384615384
