0 0.2403846153846154 0.6430288461538461 0.1971153846153846 0.18509615384615385
0 0.16706730769230768 0.47596153846153844 0.18028846153846154 0.18269230769230768
0 0.34134615384615385 0.37259615384615385 0.22596153846153846 0.20673076923076922
0 0.28365384615384615 0.5264423076923077 0.11057692307692307 0.09134615384615384
0 0.43509615384615385 0.5516826923076923 0.19230769230769232 0.2283653846153846
0 0.5276442307692307 0.4963942307692308 0.1658653846153846 0.18509615384615385
0 0.5865384615384616 0.6899038461538461 0.22596153846153846 0.22115384615384615
0 0.8293269230769231 0.6478365384615384 0.22596153846153846 0.19471153846153846
0 0.6923076923076923 0.5024038461538461 0.14423076923076922 0.15384615384615385
0 0.6514423076923077 0.39663461538461536 0.20673076923076922 0.20192307692307693
0 0.8100961538461539 0.3269230769230769 0.20192307692307693 0.16346153846153846
0 0.8401442307692307 0.49278846153846156 0.17067307692307693 0.1778846153846154
0 0.9314903846153846 0.44711538461538464 0.13701923076923078 0.22596153846153846
