0 0.8677884615384616 0.08173076923076923 0.21634615384615385 0.14903846153846154
0 0.9855769230769231 0.055288461538461536 0.02403846153846154 0.09134615384615384
0 0.8894230769230769 0.27403846153846156 0.22115384615384615 0.3125
0 0.8329326923076923 0.15144230769230768 0.036057692307692304 0.0673076923076923
0 0.6814903846153846 0.4519230769230769 0.17067307692307693 0.42788461538461536
0 0.8149038461538461 0.4735576923076923 0.11538461538461539 0.3173076923076923
0 0.9086538461538461 0.5685096153846154 0.18269230769230768 0.37740384615384615
0 0.7932692307692307 0.7451923076923077 0.25 0.2403846153846154
0 0.9399038461538461 0.7764423076923077 0.1201923076923077 0.2692307692307692
0 0.9110576923076923 0.9326923076923077 0.1778846153846154 0.1346153846153846
0 0.8401442307692307 0.9050480769230769 0.11778846153846154 0.18990384615384615
0 0.7415865384615384 0.9050480769230769 0.24278846153846154 0.18990384615384615
0 0.6298076923076923 0.7920673076923077 0.1346153846153846 0.34375
0 0.5877403846153846 0.5264423076923077 0.12740384615384615 0.1971153846153846
0 0.5673076923076923 0.2620192307692308 0.14423076923076922 0.28846153846153844
0 0.7103365384615384 0.17067307692307693 0.19951923076923078 0.32211538461538464
0 0.49399038461538464 0.5997596153846154 0.29086538461538464 0.3389423076923077
0 0.44471153846153844 0.7704326923076923 0.20673076923076922 0.22355769230769232
0 0.4699519230769231 0.8509615384615384 0.18509615384615385 0.16346153846153846
0 0.49038461538461536 0.9326923076923077 0.25 0.1346153846153846
0 0.3942307692307692 0.25721153846153844 0.2932692307692308 0.36538461538461536
0 0.41586538461538464 0.07451923076923077 0.22115384615384615 0.12980769230769232
0 0.20192307692307693 0.17307692307692307 0.1778846153846154 0.3269230769230769
0 0.057692307692307696 0.1141826923076923 0.11057692307692307 0.21394230769230768
0 0.07692307692307693 0.4206730769230769 0.14423076923076922 0.5721153846153846
0 0.15865384615384615 0.5625 0.1346153846153846 0.27884615384615385
0 0.17307692307692307 0.36538461538461536 0.07692307692307693 0.15865384615384615
0 0.28725961538461536 0.5048076923076923 0.18509615384615385 0.3942307692307692
0 0.24519230769230768 0.8125 0.22115384615384615 0.2403846153846154
0 0.1466346153846154 0.7259615384615384 0.14903846153846154 0.16826923076923078
0 0.054086538461538464 0.7920673076923077 0.10336538461538461 0.21394230769230768
0 0.1658653846153846 0.9302884615384616 0.13942307692307693 0.13942307692307693
0 0.2980769230769231 0.9074519230769231 0.17307692307692307 0.18509615384615385
0 0.056490384615384616 0.9519230769230769 0.09375 0.09615384615384616
0 0.014423076923076924 0.9519230769230769 0.02403846153846154 0.09615384615384616
0 0.5012019230769231 0.5048076923076923 0.9975961538461539 0.9951923076923077
