0 0.46634615384615385 0.49158653846153844 0.1875 0.19951923076923078
0 0.45913461538461536 0.6838942307692307 0.19230769230769232 0.24759615384615385
0 0.5600961538461539 0.7139423076923077 0.20673076923076922 0.20673076923076922
0 0.6550480769230769 0.5372596153846154 0.18028846153846154 0.33413461538461536
0 0.7211538461538461 0.6694711538461539 0.125 0.12740384615384615
0 0.7716346153846154 0.5600961538461539 0.08173076923076923 0.125
0 0.7632211538461539 0.4699519230769231 0.2620192307692308 0.14182692307692307
0 0.7512019230769231 0.34615384615384615 0.14182692307692307 0.1201923076923077
0 0.6826923076923077 0.31490384615384615 0.19230769230769232 0.18269230769230768
0 0.5144230769230769 0.33413461538461536 0.20192307692307693 0.11538461538461539
0 0.30408653846153844 0.4110576923076923 0.2620192307692308 0.1778846153846154
0 0.42427884615384615 0.5384615384615384 0.7427884615384616 0.7403846153846154
0 0.5024038461538461 0.09375 0.5096153846153846 0.18269230769230768
0 0.32572115384615385 0.19230769230769232 0.21875 0.14423076923076922
0 0.24519230769230768 0.12980769230769232 0.16826923076923078 0.2548076923076923
0 0.37740384615384615 0.15504807692307693 0.6923076923076923 0.30528846153846156
