0 0.08653846153846154 0.05048076923076923 0.15865384615384615 0.08173076923076923
0 0.03245192307692308 0.140625 0.05048076923076923 0.2620192307692308
0 0.1622596153846154 0.1310096153846154 0.23317307692307693 0.18028846153846154
0 0.13221153846153846 0.06971153846153846 0.20673076923076922 0.1201923076923077
0 0.2980769230769231 0.23557692307692307 0.28365384615384615 0.23557692307692307
0 0.16346153846153846 0.4254807692307692 0.3125 0.4423076923076923
0 0.14423076923076922 0.7163461538461539 0.17307692307692307 0.24519230769230768
0 0.05048076923076923 0.59375 0.08653846153846154 0.16346153846153846
0 0.052884615384615384 0.7451923076923077 0.09615384615384616 0.17307692307692307
0 0.052884615384615384 0.9110576923076923 0.09615384615384616 0.1778846153846154
0 0.2283653846153846 0.8125 0.15865384615384615 0.1971153846153846
0 0.16346153846153846 0.8701923076923077 0.13942307692307693 0.09134615384615384
0 0.19110576923076922 0.9567307692307693 0.2956730769230769 0.08653846153846154
0 0.33653846153846156 0.9459134615384616 0.08173076923076923 0.10817307692307693
0 0.37259615384615385 0.7632211538461539 0.24519230769230768 0.2956730769230769
0 0.3329326923076923 0.5961538461538461 0.2620192307692308 0.28846153846153844
0 0.5360576923076923 0.18990384615384615 0.23076923076923078 0.3605769230769231
0 0.4495192307692308 0.07451923076923077 0.057692307692307696 0.12980769230769232
0 0.3942307692307692 0.0625 0.10576923076923077 0.11057692307692307
0 0.30528846153846156 0.0625 0.10096153846153846 0.11057692307692307
0 0.7043269230769231 0.17307692307692307 0.20192307692307693 0.3269230769230769
0 0.8076923076923077 0.04326923076923077 0.1875 0.07211538461538461
0 0.8605769230769231 0.234375 0.14423076923076922 0.37740384615384615
0 0.796875 0.23798076923076922 0.0985576923076923 0.3269230769230769
0 0.6466346153846154 0.3557692307692308 0.22596153846153846 0.28846153846153844
0 0.5336538461538461 0.4519230769230769 0.12980769230769232 0.3942307692307692
0 0.6454326923076923 0.47596153846153844 0.14182692307692307 0.24519230769230768
0 0.7764423076923077 0.5048076923076923 0.14423076923076922 0.23076923076923078
0 0.7091346153846154 0.7235576923076923 0.14903846153846154 0.40384615384615385
0 0.5096153846153846 0.7980769230769231 0.2692307692307692 0.39903846153846156
0 0.5817307692307693 0.8605769230769231 0.15384615384615385 0.27403846153846156
0 0.6382211538461539 0.8966346153846154 0.17067307692307693 0.21153846153846154
0 0.7644230769230769 0.9435096153846154 0.17307692307692307 0.11298076923076923
0 0.8377403846153846 0.7572115384615384 0.12740384615384615 0.49038461538461536
0 0.8930288461538461 0.5564903846153846 0.11298076923076923 0.10336538461538461
0 0.9495192307692307 0.23317307692307693 0.10096153846153846 0.4519230769230769
0 0.8918269230769231 0.052884615384615384 0.038461538461538464 0.08653846153846154
0 0.9459134615384616 0.4110576923076923 0.10817307692307693 0.25
0 0.9350961538461539 0.35096153846153844 0.04326923076923077 0.07211538461538461
0 0.9387019230769231 0.6201923076923077 0.08413461538461539 0.2403846153846154
0 0.9903846153846154 0.5685096153846154 0.02403846153846154 0.18028846153846154
0 0.9591346153846154 0.6995192307692307 0.08173076923076923 0.11538461538461539
0 0.9387019230769231 0.8605769230769231 0.12259615384615384 0.27884615384615385
0 0.9831730769230769 0.8533653846153846 0.03365384615384615 0.2932692307692308
