0 0.5180288461538461 0.2536057692307692 0.16105769230769232 0.12259615384615384
0 0.5456730769230769 0.08774038461538461 0.14903846153846154 0.10336538461538461
0 0.3293269230769231 0.12259615384615384 0.125 0.10576923076923077
0 0.21634615384615385 0.06610576923076923 0.1875 0.10336538461538461
0 0.13221153846153846 0.02403846153846154 0.17307692307692307 0.038461538461538464
0 0.15144230769230768 0.17067307692307693 0.09134615384615384 0.08173076923076923
0 0.2548076923076923 0.21754807692307693 0.08653846153846154 0.0889423076923077
0 0.35697115384615385 0.22596153846153846 0.06490384615384616 0.04807692307692308
0 0.4543269230769231 0.18509615384615385 0.09615384615384616 0.052884615384615384
0 0.6466346153846154 0.29086538461538464 0.125 0.11538461538461539
0 0.5288461538461539 0.33653846153846156 0.08653846153846154 0.11057692307692307
0 0.8533653846153846 0.10576923076923077 0.13942307692307693 0.08173076923076923
0 0.9230769230769231 0.038461538461538464 0.14903846153846154 0.0625
0 0.9555288461538461 0.109375 0.0889423076923077 0.11778846153846154
0 0.9819711538461539 0.39302884615384615 0.036057692307692304 0.055288461538461536
0 0.96875 0.3473557692307692 0.0625 0.06971153846153846
0 0.9819711538461539 0.2848557692307692 0.036057692307692304 0.055288461538461536
0 0.9735576923076923 0.2283653846153846 0.057692307692307696 0.057692307692307696
0 0.40625 0.3762019230769231 0.08653846153846154 0.07451923076923077
0 0.36778846153846156 0.4362980769230769 0.09615384615384616 0.10336538461538461
0 0.2800480769230769 0.3954326923076923 0.06971153846153846 0.07451923076923077
0 0.2692307692307692 0.65625 0.08173076923076923 0.0625
0 0.21153846153846154 0.7067307692307693 0.09615384615384616 0.125
0 0.11778846153846154 0.6514423076923077 0.10096153846153846 0.0673076923076923
0 0.07932692307692307 0.5024038461538461 0.07692307692307693 0.08173076923076923
0 0.40384615384615385 0.6887019230769231 0.09134615384615384 0.0889423076923077
0 0.4891826923076923 0.7451923076923077 0.11298076923076923 0.07211538461538461
0 0.3713942307692308 0.7512019230769231 0.06971153846153846 0.07451923076923077
0 0.3076923076923077 0.7019230769230769 0.057692307692307696 0.0673076923076923
0 0.7980769230769231 0.7115384615384616 0.10576923076923077 0.08173076923076923
0 0.7932692307692307 0.7740384615384616 0.09615384615384616 0.0673076923076923
0 0.6622596153846154 0.7872596153846154 0.11298076923076923 0.07451923076923077
0 0.5961538461538461 0.78125 0.04807692307692308 0.052884615384615384
0 0.6634615384615384 0.8545673076923077 0.09615384615384616 0.0889423076923077
0 0.8076923076923077 0.8245192307692307 0.08173076923076923 0.0673076923076923
0 0.9158653846153846 0.7944711538461539 0.07692307692307693 0.0889423076923077
0 0.96875 0.7536057692307693 0.0625 0.05048076923076923
0 0.9627403846153846 0.7043269230769231 0.07451923076923077 0.0673076923076923
0 0.9555288461538461 0.6286057692307693 0.0889423076923077 0.08413461538461539
0 0.8810096153846154 0.9375 0.06971153846153846 0.07211538461538461
0 0.7800480769230769 0.9350961538461539 0.11298076923076923 0.07692307692307693
0 0.6754807692307693 0.8930288461538461 0.07692307692307693 0.07932692307692307
0 0.5528846153846154 0.9903846153846154 0.0625 0.019230769230769232
0 0.47115384615384615 0.9603365384615384 0.08653846153846154 0.040865384615384616
0 0.4230769230769231 0.9819711538461539 0.0625 0.036057692307692304
0 0.39663461538461536 0.9375 0.052884615384615384 0.07211538461538461
0 0.33413461538461536 0.9002403846153846 0.125 0.07451923076923077
0 0.08774038461538461 0.9819711538461539 0.11298076923076923 0.036057692307692304
0 0.9375 0.9603365384615384 0.125 0.08413461538461539
0 0.9735576923076923 0.8185096153846154 0.052884615384615384 0.040865384615384616
0 0.9603365384615384 0.8954326923076923 0.07932692307692307 0.04567307692307692
0 0.8701923076923077 0.6983173076923077 0.04807692307692308 0.055288461538461536
0 0.057692307692307696 0.06610576923076923 0.09615384615384616 0.07451923076923077
0 0.6802884615384616 0.027644230769230768 0.09615384615384616 0.040865384615384616
0 0.6538461538461539 0.15745192307692307 0.08653846153846154 0.10336538461538461
