0 0.17307692307692307 0.17548076923076922 0.23076923076923078 0.3317307692307692
0 0.1814903846153846 0.3425480769230769 0.3485576923076923 0.5360576923076923
0 0.07451923076923077 0.4951923076923077 0.1346153846153846 0.7115384615384616
0 0.21514423076923078 0.8173076923076923 0.18509615384615385 0.28365384615384615
0 0.08533653846153846 0.9074519230769231 0.15625 0.18028846153846154
0 0.16826923076923078 0.9651442307692307 0.12980769230769232 0.06971153846153846
0 0.14182692307692307 0.5192307692307693 0.16826923076923078 0.3125
0 0.07692307692307693 0.2932692307692308 0.11057692307692307 0.16346153846153846
0 0.375 0.6105769230769231 0.1971153846153846 0.2403846153846154
0 0.42427884615384615 0.7331730769230769 0.21875 0.24519230769230768
0 0.43509615384615385 0.9302884615384616 0.15384615384615385 0.13942307692307693
0 0.3713942307692308 0.921875 0.10817307692307693 0.15625
0 0.2620192307692308 0.9759615384615384 0.0673076923076923 0.052884615384615384
0 0.3870192307692308 0.3329326923076923 0.25 0.37740384615384615
0 0.4230769230769231 0.16105769230769232 0.3317307692307692 0.3076923076923077
0 0.41346153846153844 0.03365384615384615 0.18269230769230768 0.04807692307692308
0 0.6418269230769231 0.13221153846153846 0.1201923076923077 0.16826923076923078
0 0.6610576923076923 0.28365384615384615 0.16826923076923078 0.27884615384615385
0 0.53125 0.4014423076923077 0.10576923076923077 0.1201923076923077
0 0.6274038461538461 0.609375 0.25961538461538464 0.38221153846153844
0 0.5600961538461539 0.8605769230769231 0.1875 0.25
0 0.6466346153846154 0.9567307692307693 0.27403846153846156 0.08653846153846154
0 0.8509615384615384 0.9567307692307693 0.12980769230769232 0.09134615384615384
0 0.875 0.8389423076923077 0.057692307692307696 0.20673076923076922
0 0.7752403846153846 0.8605769230769231 0.18509615384615385 0.23076923076923078
0 0.7956730769230769 0.6442307692307693 0.2980769230769231 0.5961538461538461
0 0.9350961538461539 0.6346153846153846 0.12980769230769232 0.2932692307692308
0 0.875 0.8317307692307693 0.057692307692307696 0.15865384615384615
0 0.9086538461538461 0.4543269230769231 0.1875 0.3317307692307692
0 0.8173076923076923 0.27403846153846156 0.18269230769230768 0.27884615384615385
0 0.7475961538461539 0.0829326923076923 0.5048076923076923 0.15144230769230768
0 0.9495192307692307 0.32572115384615385 0.10096153846153846 0.3870192307692308
0 0.9495192307692307 0.8942307692307693 0.10096153846153846 0.21153846153846154
0 0.9759615384615384 0.75 0.052884615384615384 0.14903846153846154
0 0.5024038461538461 0.5036057692307693 0.9951923076923077 0.9927884615384616
