0 0.8894230769230769 0.3293269230769231 0.21634615384615385 0.14423076923076922
0 0.8377403846153846 0.11538461538461539 0.31971153846153844 0.1778846153846154
0 0.6370192307692307 0.0673076923076923 0.16346153846153846 0.1201923076923077
0 0.6959134615384616 0.203125 0.24278846153846154 0.18509615384615385
0 0.6838942307692307 0.4026442307692308 0.24759615384615385 0.2283653846153846
0 0.875 0.5228365384615384 0.22596153846153846 0.2283653846153846
0 0.8653846153846154 0.7271634615384616 0.2644230769230769 0.18990384615384615
0 0.7788461538461539 0.8605769230769231 0.33653846153846156 0.20192307692307693
0 0.6646634615384616 0.6754807692307693 0.18028846153846154 0.20673076923076922
0 0.5240384615384616 0.6322115384615384 0.2692307692307692 0.2692307692307692
0 0.703125 0.5408653846153846 0.11298076923076923 0.0673076923076923
0 0.42427884615384615 0.44350961538461536 0.25240384615384615 0.1466346153846154
0 0.47836538461538464 0.33413461538461536 0.16346153846153846 0.11538461538461539
0 0.4411057692307692 0.24519230769230768 0.24759615384615385 0.10096153846153846
0 0.4375 0.12980769230769232 0.2644230769230769 0.16346153846153846
0 0.6478365384615384 0.9471153846153846 0.31971153846153844 0.10576923076923077
0 0.43028846153846156 0.8629807692307693 0.34134615384615385 0.21634615384615385
0 0.27283653846153844 0.6286057692307693 0.25240384615384615 0.2620192307692308
0 0.23317307692307693 0.453125 0.14903846153846154 0.12740384615384615
0 0.3076923076923077 0.36538461538461536 0.1971153846153846 0.12980769230769232
0 0.15504807692307693 0.3317307692307692 0.17067307692307693 0.11538461538461539
0 0.0673076923076923 0.22115384615384615 0.12980769230769232 0.1346153846153846
0 0.23317307692307693 0.19591346153846154 0.22115384615384615 0.18509615384615385
0 0.04567307692307692 0.34134615384615385 0.08173076923076923 0.125
0 0.13822115384615385 0.7908653846153846 0.24759615384615385 0.19230769230769232
0 0.08173076923076923 0.5324519230769231 0.15384615384615385 0.35336538461538464
