0 0.25961538461538464 0.5600961538461539 0.35096153846153844 0.5096153846153846
0 0.6947115384615384 0.6346153846153846 0.3557692307692308 0.4519230769230769
0 0.9278846153846154 0.6009615384615384 0.13942307692307693 0.1971153846153846
0 0.9158653846153846 0.4855769230769231 0.16826923076923078 0.12980769230769232
0 0.46033653846153844 0.7632211538461539 0.5360576923076923 0.28125
0 0.09375 0.7680288461538461 0.18269230769230768 0.2620192307692308
0 0.44711538461538464 0.47596153846153844 0.2403846153846154 0.32211538461538464
0 0.6358173076923077 0.375 0.3629807692307692 0.17307692307692307
0 0.5793269230769231 0.21153846153846154 0.23076923076923078 0.25
0 0.7632211538461539 0.32572115384615385 0.13701923076923078 0.2620192307692308
0 0.46274038461538464 0.29447115384615385 0.07932692307692307 0.07451923076923077
