5 0.7379807692307693 0.6959134615384616 0.1971153846153846 0.29086538461538464
5 0.8870192307692307 0.7620192307692307 0.14903846153846154 0.47115384615384615
5 0.9807692307692307 0.7716346153846154 0.038461538461538464 0.4519230769230769
5 0.8137019230769231 0.47475961538461536 0.0985576923076923 0.2091346153846154
5 0.9302884615384616 0.40024038461538464 0.13942307692307693 0.2620192307692308
5 0.9326923076923077 0.13701923076923078 0.1346153846153846 0.2692307692307692
5 0.8221153846153846 0.08413461538461539 0.12980769230769232 0.16346153846153846
5 0.7740384615384616 0.21634615384615385 0.11057692307692307 0.19230769230769232
5 0.6454326923076923 0.8581730769230769 0.24278846153846154 0.27884615384615385
5 0.5432692307692307 0.078125 0.1778846153846154 0.15144230769230768
5 0.6730769230769231 0.21634615384615385 0.07692307692307693 0.4230769230769231
5 0.6694711538461539 0.21634615384615385 0.03125 0.4230769230769231
5 0.43990384615384615 0.921875 0.0625 0.15144230769230768
5 0.33774038461538464 0.8870192307692307 0.0889423076923077 0.22115384615384615
5 0.2403846153846154 0.6502403846153846 0.1346153846153846 0.5985576923076923
5 0.13942307692307693 0.7307692307692307 0.25961538461538464 0.4519230769230769
5 0.1201923076923077 0.921875 0.19230769230769232 0.15144230769230768
5 0.04567307692307692 0.7716346153846154 0.08653846153846154 0.21153846153846154
5 0.014423076923076924 0.5649038461538461 0.019230769230769232 0.15865384615384615
5 0.07091346153846154 0.39663461538461536 0.13701923076923078 0.19230769230769232
5 0.2548076923076923 0.2620192307692308 0.25961538461538464 0.22596153846153846
5 0.26322115384615385 0.0985576923076923 0.1466346153846154 0.19230769230769232
5 0.11538461538461539 0.15625 0.21153846153846154 0.3076923076923077
5 0.040865384615384616 0.06129807692307692 0.07692307692307693 0.11778846153846154
