0 0.65625 0.4110576923076923 0.0625 0.21634615384615385
0 0.2091346153846154 0.3701923076923077 0.0625 0.1778846153846154
0 0.17067307692307693 0.38461538461538464 0.0673076923076923 0.12980769230769232
0 0.234375 0.3798076923076923 0.040865384615384616 0.14423076923076922
0 0.265625 0.390625 0.05048076923076923 0.11298076923076923
0 0.09735576923076923 0.4639423076923077 0.040865384615384616 0.0625
0 0.10216346153846154 0.5372596153846154 0.05048076923076923 0.15625
0 0.1141826923076923 0.5216346153846154 0.05048076923076923 0.14423076923076922
0 0.13221153846153846 0.5360576923076923 0.057692307692307696 0.15384615384615385
0 0.15144230769230768 0.5396634615384616 0.057692307692307696 0.16105769230769232
0 0.19230769230769232 0.5432692307692307 0.03365384615384615 0.13942307692307693
0 0.1875 0.22115384615384615 0.07692307692307693 0.10576923076923077
0 0.21875 0.23197115384615385 0.0673076923076923 0.10817307692307693
0 0.24158653846153846 0.23798076923076922 0.04567307692307692 0.08653846153846154
0 0.21033653846153846 0.0889423076923077 0.040865384615384616 0.09134615384615384
0 0.23317307692307693 0.09375 0.057692307692307696 0.10576923076923077
0 0.27884615384615385 0.10096153846153846 0.057692307692307696 0.07211538461538461
0 0.22355769230769232 0.15384615384615385 0.09615384615384616 0.038461538461538464
0 0.29447115384615385 0.02283653846153846 0.06490384615384616 0.040865384615384616
0 0.2439903846153846 0.020432692307692308 0.03125 0.036057692307692304
0 0.21754807692307693 0.015625 0.036057692307692304 0.026442307692307692
0 0.6730769230769231 0.6370192307692307 0.0625 0.22596153846153846
0 0.7403846153846154 0.6418269230769231 0.07692307692307693 0.23557692307692307
0 0.7115384615384616 0.41586538461538464 0.07211538461538461 0.22596153846153846
0 0.7740384615384616 0.45072115384615385 0.0625 0.2956730769230769
0 0.8197115384615384 0.42908653846153844 0.07211538461538461 0.25240384615384615
0 0.8197115384615384 0.4519230769230769 0.10096153846153846 0.3317307692307692
0 0.9278846153846154 0.3942307692307692 0.07692307692307693 0.21634615384615385
0 0.9038461538461539 0.421875 0.08653846153846154 0.29086538461538464
0 0.9639423076923077 0.43149038461538464 0.07211538461538461 0.30528846153846156
0 0.828125 0.18028846153846154 0.040865384615384616 0.19230769230769232
0 0.8076923076923077 0.21153846153846154 0.0625 0.14903846153846154
0 0.8629807692307693 0.21875 0.03365384615384615 0.15384615384615385
0 0.6694711538461539 0.23317307692307693 0.036057692307692304 0.12980769230769232
0 0.7079326923076923 0.2127403846153846 0.040865384615384616 0.10817307692307693
0 0.734375 0.21394230769230768 0.036057692307692304 0.09134615384615384
0 0.7572115384615384 0.20552884615384615 0.0625 0.11778846153846154
0 0.9375 0.17548076923076922 0.08653846153846154 0.1971153846153846
0 0.9098557692307693 0.17548076923076922 0.040865384615384616 0.21153846153846154
0 0.9963942307692307 0.3293269230769231 0.007211538461538462 0.07211538461538461
0 0.9939903846153846 0.19230769230769232 0.01201923076923077 0.0673076923076923
0 0.9915865384615384 0.08533653846153846 0.016826923076923076 0.04567307692307692
0 0.04567307692307692 0.8521634615384616 0.07692307692307693 0.10817307692307693
0 0.17307692307692307 0.8605769230769231 0.10576923076923077 0.10576923076923077
0 0.0625 0.7043269230769231 0.10096153846153846 0.10096153846153846
0 0.11298076923076923 0.6334134615384616 0.07211538461538461 0.016826923076923076
0 0.20673076923076922 0.7115384615384616 0.11538461538461539 0.1201923076923077
0 0.33413461538461536 0.8425480769230769 0.125 0.11298076923076923
0 0.37259615384615385 0.7019230769230769 0.11057692307692307 0.10576923076923077
0 0.5769230769230769 0.7247596153846154 0.125 0.11298076923076923
0 0.5552884615384616 0.8617788461538461 0.11057692307692307 0.11778846153846154
0 0.703125 0.8762019230769231 0.13221153846153846 0.11298076923076923
0 0.8269230769230769 0.9098557692307693 0.03365384615384615 0.10817307692307693
0 0.8100961538461539 0.9038461538461539 0.014423076923076924 0.09615384615384616
0 0.8569711538461539 0.8990384615384616 0.036057692307692304 0.12980769230769232
0 0.8846153846153846 0.9050480769230769 0.028846153846153848 0.10817307692307693
0 0.9086538461538461 0.9002403846153846 0.02403846153846154 0.10817307692307693
0 0.9206730769230769 0.8846153846153846 0.019230769230769232 0.057692307692307696
0 0.796875 0.75 0.036057692307692304 0.09615384615384616
0 0.8100961538461539 0.7512019230769231 0.028846153846153848 0.06971153846153846
0 0.8293269230769231 0.7379807692307693 0.028846153846153848 0.052884615384615384
0 0.8533653846153846 0.7632211538461539 0.0625 0.11298076923076923
0 0.8665865384615384 0.7704326923076923 0.055288461538461536 0.06490384615384616
0 0.8762019230769231 0.7836538461538461 0.04567307692307692 0.04807692307692308
0 0.8581730769230769 0.6490384615384616 0.03365384615384615 0.09134615384615384
0 0.8846153846153846 0.6490384615384616 0.028846153846153848 0.10096153846153846
0 0.9074519230769231 0.6514423076923077 0.036057692307692304 0.10576923076923077
0 0.9411057692307693 0.65625 0.05048076923076923 0.09615384615384616
0 0.953125 0.65625 0.036057692307692304 0.07692307692307693
0 0.9723557692307693 0.7896634615384616 0.05048076923076923 0.11298076923076923
0 0.9447115384615384 0.7992788461538461 0.028846153846153848 0.11298076923076923
0 0.9831730769230769 0.7788461538461539 0.03365384615384615 0.10096153846153846
0 0.9855769230769231 0.9375 0.03365384615384615 0.125
0 0.9663461538461539 0.9362980769230769 0.028846153846153848 0.11778846153846154
0 0.9963942307692307 0.6346153846153846 0.007211538461538462 0.057692307692307696
0 0.5588942307692307 0.5889423076923077 0.12740384615384615 0.10576923076923077
0 0.4326923076923077 0.5841346153846154 0.11057692307692307 0.10096153846153846
0 0.28725961538461536 0.5673076923076923 0.12740384615384615 0.10576923076923077
0 0.3557692307692308 0.47115384615384615 0.11057692307692307 0.10096153846153846
0 0.49278846153846156 0.46875 0.10576923076923077 0.09615384615384616
0 0.36538461538461536 0.3557692307692308 0.10576923076923077 0.07692307692307693
0 0.3269230769230769 0.2620192307692308 0.09134615384615384 0.07211538461538461
0 0.4423076923076923 0.27163461538461536 0.10096153846153846 0.07692307692307693
0 0.5769230769230769 0.28125 0.09615384615384616 0.07692307692307693
0 0.5144230769230769 0.36778846153846156 0.09134615384615384 0.08653846153846154
0 0.021634615384615384 0.47836538461538464 0.028846153846153848 0.09134615384615384
0 0.08052884615384616 0.35336538461538464 0.1466346153846154 0.14423076923076922
0 0.08173076923076923 0.21394230769230768 0.14903846153846154 0.125
0 0.08173076923076923 0.10576923076923077 0.14903846153846154 0.09134615384615384
0 0.08653846153846154 0.026442307692307692 0.15865384615384615 0.04807692307692308
