0 0.9411057692307693 0.8076923076923077 0.11778846153846154 0.38461538461538464
0 0.9302884615384616 0.49158653846153844 0.13942307692307693 0.3870192307692308
0 0.9266826923076923 0.16346153846153846 0.10336538461538461 0.2692307692307692
0 0.9831730769230769 0.15264423076923078 0.03365384615384615 0.2764423076923077
0 0.8557692307692307 0.2980769230769231 0.11538461538461539 0.18269230769230768
0 0.8870192307692307 0.5240384615384616 0.09134615384615384 0.28365384615384615
0 0.7980769230769231 0.5673076923076923 0.22115384615384615 0.6634615384615384
0 0.8305288461538461 0.9242788461538461 0.08413461538461539 0.15144230769230768
0 0.8822115384615384 0.1201923076923077 0.1778846153846154 0.22115384615384615
0 0.7764423076923077 0.12620192307692307 0.13942307692307693 0.23317307692307693
0 0.6550480769230769 0.39663461538461536 0.13701923076923078 0.5769230769230769
0 0.6454326923076923 0.5612980769230769 0.10336538461538461 0.34375
0 0.640625 0.21514423076923078 0.11298076923076923 0.4110576923076923
0 0.6862980769230769 0.04927884615384615 0.036057692307692304 0.07932692307692307
0 0.7163461538461539 0.7415865384615384 0.09134615384615384 0.3004807692307692
0 0.6742788461538461 0.9338942307692307 0.24759615384615385 0.13221153846153846
0 0.6538461538461539 0.9182692307692307 0.14423076923076922 0.16346153846153846
0 0.6538461538461539 0.7536057692307693 0.1346153846153846 0.3004807692307692
0 0.5060096153846154 0.49038461538461536 0.17548076923076922 0.9615384615384616
0 0.4326923076923077 0.43028846153846156 0.052884615384615384 0.3269230769230769
0 0.3954326923076923 0.6153846153846154 0.18990384615384615 0.5144230769230769
0 0.3858173076923077 0.8233173076923077 0.2668269230769231 0.35336538461538464
0 0.296875 0.5432692307692307 0.15144230769230768 0.9134615384615384
0 0.375 0.2091346153846154 0.10096153846153846 0.39903846153846156
0 0.2548076923076923 0.1045673076923077 0.1346153846153846 0.18990384615384615
0 0.13581730769230768 0.13221153846153846 0.17548076923076922 0.24519230769230768
0 0.20552884615384615 0.6201923076923077 0.12259615384615384 0.7596153846153846
0 0.18269230769230768 0.7427884615384616 0.22115384615384615 0.5144230769230769
0 0.171875 0.9266826923076923 0.055288461538461536 0.1466346153846154
0 0.13581730769230768 0.22355769230769232 0.06490384615384616 0.1971153846153846
0 0.07692307692307693 0.25841346153846156 0.14423076923076922 0.5072115384615384
0 0.07692307692307693 0.65625 0.14423076923076922 0.5817307692307693
0 0.12620192307692307 0.6694711538461539 0.11778846153846154 0.3485576923076923
0 0.08173076923076923 0.9735576923076923 0.09615384615384616 0.052884615384615384
0 0.04447115384615385 0.7560096153846154 0.08413461538461539 0.4879807692307692
0 0.025240384615384616 0.23076923076923078 0.040865384615384616 0.2932692307692308
