0 0.09975961538461539 0.29447115384615385 0.19471153846153846 0.3918269230769231
0 0.20432692307692307 0.3473557692307692 0.2980769230769231 0.13221153846153846
0 0.23798076923076922 0.234375 0.2403846153846154 0.18028846153846154
0 0.2800480769230769 0.3389423076923077 0.2620192307692308 0.07692307692307693
0 0.2848557692307692 0.4074519230769231 0.18990384615384615 0.06009615384615385
0 0.1045673076923077 0.6129807692307693 0.20432692307692307 0.20673076923076922
0 0.10817307692307693 0.8413461538461539 0.15865384615384615 0.15384615384615385
0 0.4639423076923077 0.6274038461538461 0.5288461538461539 0.12980769230769232
0 0.3786057692307692 0.5973557692307693 0.37740384615384615 0.3581730769230769
0 0.36538461538461536 0.7644230769230769 0.40384615384615385 0.1778846153846154
0 0.6658653846153846 0.5 0.625 0.9951923076923077
