0 0.6875 0.6165865384615384 0.22115384615384615 0.3870192307692308
0 0.8137019230769231 0.7127403846153846 0.24759615384615385 0.37259615384615385
0 0.8918269230769231 0.6322115384615384 0.19230769230769232 0.3605769230769231
0 0.8737980769230769 0.4495192307692308 0.25240384615384615 0.47596153846153844
0 0.6658653846153846 0.375 0.14903846153846154 0.1971153846153846
0 0.6478365384615384 0.18269230769230768 0.28125 0.3269230769230769
0 0.8161057692307693 0.1658653846153846 0.11298076923076923 0.17307692307692307
0 0.5 0.20673076923076922 0.16826923076923078 0.14903846153846154
0 0.4807692307692308 0.47475961538461536 0.27403846153846156 0.3870192307692308
0 0.5829326923076923 0.8209134615384616 0.21394230769230768 0.18028846153846154
0 0.4182692307692308 0.6959134615384616 0.2980769230769231 0.3485576923076923
0 0.2776442307692308 0.5757211538461539 0.18509615384615385 0.30528846153846156
0 0.28365384615384615 0.42908653846153844 0.19230769230769232 0.14182692307692307
0 0.06490384615384616 0.6995192307692307 0.125 0.21634615384615385
0 0.42427884615384615 0.1310096153846154 0.3870192307692308 0.25721153846153844
0 0.2512019230769231 0.3581730769230769 0.21394230769230768 0.1971153846153846
0 0.06490384615384616 0.38221153846153844 0.125 0.25961538461538464
0 0.040865384615384616 0.06850961538461539 0.07692307692307693 0.13221153846153846
