0 0.7259615384615384 0.05048076923076923 0.375 0.08653846153846154
0 0.6358173076923077 0.16346153846153846 0.18509615384615385 0.15384615384615385
0 0.31490384615384615 0.028846153846153848 0.125 0.04807692307692308
0 0.3762019230769231 0.06490384615384616 0.31490384615384615 0.11538461538461539
0 0.5024038461538461 0.14543269230769232 0.08173076923076923 0.06971153846153846
0 0.11298076923076923 0.038461538461538464 0.22115384615384615 0.0625
0 0.14182692307692307 0.02403846153846154 0.20673076923076922 0.03365384615384615
0 0.13221153846153846 0.08052884615384616 0.2548076923076923 0.06971153846153846
0 0.16105769230769232 0.08052884615384616 0.3125 0.06009615384615385
0 0.17307692307692307 0.12860576923076922 0.33653846153846156 0.055288461538461536
0 0.17307692307692307 0.17307692307692307 0.33653846153846156 0.0625
0 0.04567307692307692 0.2403846153846154 0.08173076923076923 0.08653846153846154
0 0.13822115384615385 0.3125 0.2668269230769231 0.23557692307692307
0 0.036057692307692304 0.32091346153846156 0.0625 0.07932692307692307
0 0.16105769230769232 0.2644230769230769 0.17307692307692307 0.125
0 0.4519230769230769 0.19951923076923078 0.20673076923076922 0.16826923076923078
0 0.328125 0.23076923076923078 0.18509615384615385 0.11057692307692307
0 0.11057692307692307 0.49399038461538464 0.21153846153846154 0.11778846153846154
0 0.36538461538461536 0.44711538461538464 0.3701923076923077 0.23076923076923078
0 0.2776442307692308 0.33052884615384615 0.18990384615384615 0.09375
0 0.4639423076923077 0.31490384615384615 0.1971153846153846 0.09615384615384616
0 0.5288461538461539 0.3473557692307692 0.17307692307692307 0.09375
0 0.6394230769230769 0.28365384615384615 0.14423076923076922 0.08653846153846154
0 0.7560096153846154 0.12259615384615384 0.0889423076923077 0.0673076923076923
0 0.9290865384615384 0.02403846153846154 0.11298076923076923 0.03365384615384615
0 0.7115384615384616 0.41586538461538464 0.20192307692307693 0.09134615384615384
0 0.6490384615384616 0.36778846153846156 0.14903846153846154 0.08173076923076923
0 0.8293269230769231 0.37740384615384615 0.12980769230769232 0.08173076923076923
0 0.7620192307692307 0.4855769230769231 0.1971153846153846 0.09134615384615384
0 0.9026442307692307 0.45913461538461536 0.18990384615384615 0.10096153846153846
0 0.9471153846153846 0.4567307692307692 0.10096153846153846 0.08173076923076923
0 0.9110576923076923 0.40625 0.07692307692307693 0.10096153846153846
0 0.9519230769230769 0.3786057692307692 0.04326923076923077 0.06971153846153846
0 0.9675480769230769 0.3870192307692308 0.06009615384615385 0.052884615384615384
0 0.8629807692307693 0.3870192307692308 0.2692307692307692 0.1346153846153846
0 0.9338942307692307 0.29086538461538464 0.11298076923076923 0.08173076923076923
0 0.9110576923076923 0.29086538461538464 0.10096153846153846 0.057692307692307696
0 0.8629807692307693 0.2932692307692308 0.2692307692307692 0.15865384615384615
0 0.9471153846153846 0.21634615384615385 0.10096153846153846 0.0673076923076923
0 0.9675480769230769 0.18269230769230768 0.06009615384615385 0.04807692307692308
0 0.8509615384615384 0.2283653846153846 0.1971153846153846 0.16346153846153846
0 0.7524038461538461 0.31009615384615385 0.07211538461538461 0.08173076923076923
0 0.8269230769230769 0.1971153846153846 0.27884615384615385 0.21153846153846154
0 0.8509615384615384 0.14903846153846154 0.2932692307692308 0.16826923076923078
0 0.8353365384615384 0.10336538461538461 0.21394230769230768 0.15865384615384615
0 0.9639423076923077 0.04567307692307692 0.04326923076923077 0.038461538461538464
0 0.9326923076923077 0.53125 0.12980769230769232 0.09615384615384616
0 0.9675480769230769 0.5552884615384616 0.06009615384615385 0.08653846153846154
0 0.8305288461538461 0.5793269230769231 0.18990384615384615 0.10096153846153846
0 0.6286057692307693 0.5504807692307693 0.21394230769230768 0.08173076923076923
0 0.5096153846153846 0.5456730769230769 0.1201923076923077 0.09615384615384616
0 0.5973557692307693 0.6057692307692307 0.18990384615384615 0.08173076923076923
0 0.41466346153846156 0.6298076923076923 0.18990384615384615 0.10096153846153846
0 0.3449519230769231 0.6358173076923077 0.13701923076923078 0.1466346153846154
0 0.1778846153846154 0.5913461538461539 0.2548076923076923 0.12980769230769232
0 0.25 0.6923076923076923 0.10096153846153846 0.0625
0 0.1346153846153846 0.7271634615384616 0.25961538461538464 0.3293269230769231
0 0.025240384615384616 0.5216346153846154 0.040865384615384616 0.09615384615384616
0 0.5841346153846154 0.47475961538461536 0.17307692307692307 0.10336538461538461
0 0.7704326923076923 0.6490384615384616 0.18990384615384615 0.08173076923076923
0 0.7764423076923077 0.7319711538461539 0.16826923076923078 0.13701923076923078
0 0.9615384615384616 0.6538461538461539 0.07211538461538461 0.10096153846153846
0 0.8966346153846154 0.6442307692307693 0.08173076923076923 0.08173076923076923
0 0.9254807692307693 0.7259615384615384 0.14423076923076922 0.08653846153846154
0 0.9759615384615384 0.8173076923076923 0.04326923076923077 0.07692307692307693
0 0.953125 0.9158653846153846 0.0889423076923077 0.07692307692307693
0 0.9483173076923077 0.9759615384615384 0.0985576923076923 0.04807692307692308
0 0.8677884615384616 0.9747596153846154 0.0673076923076923 0.05048076923076923
0 0.32091346153846156 0.9290865384615384 0.35336538461538464 0.14182692307692307
0 0.5084134615384616 0.9807692307692307 0.13221153846153846 0.038461538461538464
0 0.5528846153846154 0.9423076923076923 0.125 0.04326923076923077
0 0.5240384615384616 0.8918269230769231 0.125 0.0673076923076923
0 0.6490384615384616 0.9939903846153846 0.11538461538461539 0.01201923076923077
0 0.078125 0.9495192307692307 0.1466346153846154 0.10096153846153846
0 0.15625 0.8088942307692307 0.30288461538461536 0.18990384615384615
0 0.15745192307692307 0.7788461538461539 0.2620192307692308 0.16826923076923078
0 0.3173076923076923 0.7175480769230769 0.10576923076923077 0.05048076923076923
0 0.5673076923076923 0.8245192307692307 0.10576923076923077 0.057692307692307696
0 0.6394230769230769 0.7740384615384616 0.14423076923076922 0.07211538461538461
0 0.5865384615384616 0.7259615384615384 0.1201923076923077 0.0673076923076923
0 0.6538461538461539 0.6634615384615384 0.10096153846153846 0.04807692307692308
0 0.6778846153846154 0.7139423076923077 0.04326923076923077 0.057692307692307696
0 0.5504807692307693 0.6586538461538461 0.1201923076923077 0.07692307692307693
0 0.4579326923076923 0.7043269230769231 0.11298076923076923 0.0625
0 0.37740384615384615 0.8413461538461539 0.09615384615384616 0.09615384615384616
0 0.40384615384615385 0.7740384615384616 0.052884615384615384 0.04326923076923077
0 0.4387019230769231 0.75 0.036057692307692304 0.019230769230769232
0 0.484375 0.75 0.06009615384615385 0.03365384615384615
0 0.5384615384615384 0.7548076923076923 0.04807692307692308 0.038461538461538464
0 0.5516826923076923 0.7716346153846154 0.036057692307692304 0.02403846153846154
0 0.5324519230769231 0.7932692307692307 0.06009615384615385 0.03365384615384615
0 0.4651442307692308 0.7788461538461539 0.06490384615384616 0.038461538461538464
0 0.4483173076923077 0.8161057692307693 0.06009615384615385 0.026442307692307692
0 0.49759615384615385 0.8245192307692307 0.04807692307692308 0.038461538461538464
0 0.4495192307692308 0.8425480769230769 0.04807692307692308 0.026442307692307692
0 0.15144230769230768 0.8846153846153846 0.10576923076923077 0.12980769230769232
0 0.3245192307692308 0.9507211538461539 0.1778846153846154 0.06490384615384616
0 0.2644230769230769 0.8810096153846154 0.1201923076923077 0.13701923076923078
0 0.2848557692307692 0.8305288461538461 0.11298076923076923 0.07932692307692307
0 0.3245192307692308 0.7788461538461539 0.12980769230769232 0.14423076923076922
0 0.6081730769230769 0.8509615384615384 0.052884615384615384 0.028846153846153848
0 0.625 0.8269230769230769 0.052884615384615384 0.03365384615384615
0 0.6610576923076923 0.8461538461538461 0.04326923076923077 0.04807692307692308
0 0.6899038461538461 0.8137019230769231 0.052884615384615384 0.026442307692307692
0 0.7175480769230769 0.8353365384615384 0.06009615384615385 0.03125
0 0.7199519230769231 0.8629807692307693 0.06490384615384616 0.03365384615384615
0 0.6141826923076923 0.8822115384615384 0.06490384615384616 0.03365384615384615
0 0.6610576923076923 0.9122596153846154 0.07692307692307693 0.040865384615384616
0 0.7019230769230769 0.9423076923076923 0.052884615384615384 0.038461538461538464
0 0.6634615384615384 0.9519230769230769 0.04807692307692308 0.038461538461538464
0 0.6610576923076923 0.9615384615384616 0.07692307692307693 0.057692307692307696
0 0.7103365384615384 0.9759615384615384 0.06009615384615385 0.03365384615384615
0 0.7103365384615384 0.9375 0.06009615384615385 0.052884615384615384
0 0.7463942307692307 0.9855769230769231 0.06490384615384616 0.028846153846153848
0 0.8028846153846154 0.9807692307692307 0.07692307692307693 0.038461538461538464
0 0.7608173076923077 0.9447115384615384 0.06490384615384616 0.04326923076923077
0 0.8137019230769231 0.9302884615384616 0.06009615384615385 0.038461538461538464
0 0.8509615384615384 0.9471153846153846 0.04326923076923077 0.03365384615384615
0 0.8701923076923077 0.9266826923076923 0.052884615384615384 0.026442307692307692
0 0.8389423076923077 0.8966346153846154 0.07692307692307693 0.03365384615384615
0 0.8689903846153846 0.8822115384615384 0.06490384615384616 0.03365384615384615
0 0.8149038461538461 0.8605769230769231 0.052884615384615384 0.028846153846153848
0 0.8461538461538461 0.8377403846153846 0.052884615384615384 0.036057692307692304
0 0.8353365384615384 0.8052884615384616 0.06009615384615385 0.038461538461538464
0 0.8846153846153846 0.7740384615384616 0.07211538461538461 0.028846153846153848
0 0.9074519230769231 0.8040865384615384 0.06009615384615385 0.026442307692307692
0 0.9459134615384616 0.7788461538461539 0.06490384615384616 0.03365384615384615
0 0.9110576923076923 0.828125 0.052884615384615384 0.016826923076923076
0 0.8990384615384616 0.8497596153846154 0.052884615384615384 0.026442307692307692
0 0.9314903846153846 0.8629807692307693 0.06009615384615385 0.03365384615384615
0 0.7716346153846154 0.8197115384615384 0.08173076923076923 0.04807692307692308
0 0.7175480769230769 0.8629807692307693 0.06009615384615385 0.03365384615384615
0 0.7680288461538461 0.9014423076923077 0.06490384615384616 0.028846153846153848
0 0.7764423076923077 0.8677884615384616 0.04807692307692308 0.028846153846153848
0 0.7211538461538461 0.8966346153846154 0.052884615384615384 0.03365384615384615
