0 0.036057692307692304 0.9567307692307693 0.057692307692307696 0.08173076923076923
0 0.11298076923076923 0.9302884615384616 0.0673076923076923 0.09134615384615384
0 0.16346153846153846 0.9675480769230769 0.057692307692307696 0.06009615384615385
0 0.22596153846153846 0.9591346153846154 0.057692307692307696 0.07692307692307693
0 0.24519230769230768 0.8305288461538461 0.0673076923076923 0.10336538461538461
0 0.3581730769230769 0.890625 0.1201923076923077 0.18028846153846154
0 0.47115384615384615 0.8209134615384616 0.11538461538461539 0.18028846153846154
0 0.4326923076923077 0.9735576923076923 0.04326923076923077 0.04807692307692308
0 0.8858173076923077 0.17908653846153846 0.2283653846153846 0.35336538461538464
0 0.7800480769230769 0.3629807692307692 0.12740384615384615 0.1875
0 0.8653846153846154 0.6850961538461539 0.11057692307692307 0.15384615384615385
0 0.8076923076923077 0.7956730769230769 0.1201923076923077 0.20673076923076922
0 0.7331730769230769 0.9110576923076923 0.14423076923076922 0.17307692307692307
0 0.6430288461538461 0.9615384615384616 0.06490384615384616 0.07211538461538461
0 0.5769230769230769 0.9735576923076923 0.0673076923076923 0.04807692307692308
0 0.9543269230769231 0.8894230769230769 0.09615384615384616 0.22115384615384615
0 0.9759615384615384 0.9399038461538461 0.04807692307692308 0.11538461538461539
0 0.9302884615384616 0.8100961538461539 0.13942307692307693 0.3798076923076923
0 0.8341346153846154 0.9134615384615384 0.0673076923076923 0.16826923076923078
0 0.8641826923076923 0.46033653846153844 0.27163461538461536 0.30528846153846156
0 0.7307692307692307 0.4735576923076923 0.17307692307692307 0.3269230769230769
0 0.7211538461538461 0.4951923076923077 0.19230769230769232 0.3076923076923077
0 0.6971153846153846 0.4951923076923077 0.21153846153846154 0.3076923076923077
0 0.6983173076923077 0.5096153846153846 0.24759615384615385 0.27884615384615385
0 0.6947115384615384 0.5432692307692307 0.24519230769230768 0.23076923076923078
0 0.5096153846153846 0.9663461538461539 0.028846153846153848 0.038461538461538464
0 0.5168269230769231 0.9230769230769231 0.04326923076923077 0.07211538461538461
0 0.49278846153846156 0.9158653846153846 0.014423076923076924 0.03365384615384615
0 0.5384615384615384 0.9411057692307693 0.02403846153846154 0.06009615384615385
0 0.5673076923076923 0.9206730769230769 0.03365384615384615 0.0673076923076923
0 0.5564903846153846 0.8533653846153846 0.036057692307692304 0.07211538461538461
0 0.5456730769230769 0.8125 0.014423076923076924 0.04326923076923077
0 0.5588942307692307 0.7980769230769231 0.021634615384615384 0.038461538461538464
0 0.5745192307692307 0.765625 0.028846153846153848 0.06009615384615385
0 0.5865384615384616 0.7211538461538461 0.02403846153846154 0.04807692307692308
0 0.6129807692307693 0.6826923076923077 0.038461538461538464 0.038461538461538464
0 0.6418269230769231 0.6658653846153846 0.02403846153846154 0.038461538461538464
0 0.6766826923076923 0.6802884615384616 0.036057692307692304 0.052884615384615384
0 0.6502403846153846 0.7043269230769231 0.036057692307692304 0.04807692307692308
0 0.6418269230769231 0.7524038461538461 0.04326923076923077 0.052884615384615384
0 0.6153846153846154 0.7235576923076923 0.03365384615384615 0.052884615384615384
0 0.6009615384615384 0.7608173076923077 0.03365384615384615 0.06009615384615385
0 0.5841346153846154 0.8125 0.038461538461538464 0.04326923076923077
0 0.6165865384615384 0.8052884615384616 0.036057692307692304 0.0673076923076923
0 0.5913461538461539 0.859375 0.038461538461538464 0.06009615384615385
0 0.6021634615384616 0.9182692307692307 0.036057692307692304 0.07211538461538461
0 0.6442307692307693 0.8918269230769231 0.03365384615384615 0.04807692307692308
0 0.625 0.8581730769230769 0.028846153846153848 0.04807692307692308
0 0.6658653846153846 0.8725961538461539 0.028846153846153848 0.04326923076923077
0 0.6550480769230769 0.8245192307692307 0.036057692307692304 0.07211538461538461
0 0.6947115384615384 0.8389423076923077 0.04326923076923077 0.07692307692307693
0 0.6682692307692307 0.7620192307692307 0.04326923076923077 0.0673076923076923
0 0.7019230769230769 0.7704326923076923 0.02403846153846154 0.06009615384615385
0 0.6947115384615384 0.7235576923076923 0.04807692307692308 0.052884615384615384
0 0.6947115384615384 0.6586538461538461 0.052884615384615384 0.08653846153846154
0 0.7379807692307693 0.7019230769230769 0.04326923076923077 0.052884615384615384
0 0.7331730769230769 0.7764423076923077 0.04326923076923077 0.09134615384615384
0 0.7415865384615384 0.6502403846153846 0.05048076923076923 0.06009615384615385
0 0.71875 0.5817307692307693 0.038461538461538464 0.0673076923076923
0 0.6875 0.5649038461538461 0.038461538461538464 0.0673076923076923
0 0.6514423076923077 0.6129807692307693 0.03365384615384615 0.04807692307692308
0 0.6274038461538461 0.6129807692307693 0.02403846153846154 0.028846153846153848
0 0.6081730769230769 0.6466346153846154 0.03365384615384615 0.052884615384615384
0 0.5721153846153846 0.6466346153846154 0.038461538461538464 0.0673076923076923
0 0.5709134615384616 0.5985576923076923 0.036057692307692304 0.04326923076923077
0 0.5576923076923077 0.5649038461538461 0.03365384615384615 0.04326923076923077
0 0.5817307692307693 0.5408653846153846 0.028846153846153848 0.04807692307692308
0 0.6009615384615384 0.5733173076923077 0.04807692307692308 0.06009615384615385
0 0.6201923076923077 0.5240384615384616 0.038461538461538464 0.038461538461538464
0 0.6514423076923077 0.5348557692307693 0.038461538461538464 0.06009615384615385
