0 0.39302884615384615 0.8942307692307693 0.18509615384615385 0.20673076923076922
0 0.6430288461538461 0.9350961538461539 0.21875 0.125
0 0.9038461538461539 0.9110576923076923 0.19230769230769232 0.17307692307692307
0 0.9519230769230769 0.8125 0.09615384615384616 0.11057692307692307
0 0.9158653846153846 0.6370192307692307 0.16826923076923078 0.2403846153846154
0 0.9675480769230769 0.5721153846153846 0.06490384615384616 0.15384615384615385
0 0.8930288461538461 0.47596153846153844 0.14182692307692307 0.125
0 0.8016826923076923 0.5528846153846154 0.14182692307692307 0.20192307692307693
0 0.10576923076923077 0.9290865384615384 0.12980769230769232 0.13701923076923078
0 0.4855769230769231 0.6346153846153846 0.10096153846153846 0.07211538461538461
0 0.5168269230769231 0.6057692307692307 0.10096153846153846 0.09134615384615384
0 0.5168269230769231 0.5745192307692307 0.10576923076923077 0.07211538461538461
0 0.5600961538461539 0.5504807692307693 0.08173076923076923 0.052884615384615384
0 0.6201923076923077 0.5348557692307693 0.0625 0.13701923076923078
0 0.6983173076923077 0.5264423076923077 0.11298076923076923 0.1201923076923077
3 0.5480769230769231 0.40384615384615385 0.125 0.21153846153846154
3 0.6574519230769231 0.5697115384615384 0.021634615384615384 0.038461538461538464
