0 0.9338942307692307 0.6105769230769231 0.13221153846153846 0.27884615384615385
0 0.9603365384615384 0.8233173076923077 0.07932692307692307 0.18028846153846154
0 0.9182692307692307 0.9326923076923077 0.16346153846153846 0.125
0 0.8485576923076923 0.7596153846153846 0.16346153846153846 0.25961538461538464
0 0.9399038461538461 0.41586538461538464 0.1201923076923077 0.17307692307692307
0 0.8990384615384616 0.36538461538461536 0.057692307692307696 0.1201923076923077
0 0.8786057692307693 0.38822115384615385 0.036057692307692304 0.10817307692307693
0 0.8257211538461539 0.3858173076923077 0.0985576923076923 0.17548076923076922
0 0.8341346153846154 0.5144230769230769 0.12980769230769232 0.16826923076923078
0 0.8173076923076923 0.6274038461538461 0.09615384615384616 0.09134615384615384
0 0.7163461538461539 0.6081730769230769 0.11057692307692307 0.16346153846153846
0 0.7548076923076923 0.8918269230769231 0.14423076923076922 0.21153846153846154
0 0.6358173076923077 0.9074519230769231 0.12740384615384615 0.18028846153846154
0 0.640625 0.7403846153846154 0.14182692307692307 0.22115384615384615
0 0.7019230769230769 0.4639423076923077 0.08653846153846154 0.11538461538461539
0 0.75 0.4254807692307692 0.07211538461538461 0.16826923076923078
0 0.7596153846153846 0.3004807692307692 0.04807692307692308 0.09134615384615384
0 0.7043269230769231 0.3004807692307692 0.07692307692307693 0.125
0 0.6887019230769231 0.2247596153846154 0.036057692307692304 0.036057692307692304
0 0.6298076923076923 0.23557692307692307 0.07211538461538461 0.14903846153846154
0 0.6370192307692307 0.37740384615384615 0.09134615384615384 0.14423076923076922
0 0.6225961538461539 0.5072115384615384 0.08653846153846154 0.125
0 0.5865384615384616 0.5721153846153846 0.125 0.16346153846153846
0 0.5649038461538461 0.6923076923076923 0.057692307692307696 0.0673076923076923
0 0.5216346153846154 0.8173076923076923 0.10576923076923077 0.16826923076923078
0 0.49038461538461536 0.9254807692307693 0.19230769230769232 0.14423076923076922
0 0.2824519230769231 0.8966346153846154 0.21875 0.1971153846153846
0 0.08774038461538461 0.8701923076923077 0.15144230769230768 0.2548076923076923
0 0.17067307692307693 0.6634615384615384 0.12980769230769232 0.24519230769230768
0 0.2848557692307692 0.6706730769230769 0.15625 0.2644230769230769
0 0.4014423076923077 0.7680288461538461 0.125 0.2283653846153846
0 0.052884615384615384 0.6923076923076923 0.09615384615384616 0.25
0 0.05048076923076923 0.5649038461538461 0.09134615384615384 0.09615384615384616
0 0.16466346153846154 0.5144230769230769 0.13221153846153846 0.14423076923076922
0 0.28725961538461536 0.5120192307692307 0.0985576923076923 0.10096153846153846
0 0.3581730769230769 0.4879807692307692 0.07692307692307693 0.13942307692307693
0 0.40865384615384615 0.5997596153846154 0.09134615384615384 0.15625
0 0.49038461538461536 0.6538461538461539 0.09615384615384616 0.16826923076923078
0 0.5180288461538461 0.515625 0.07932692307692307 0.10817307692307693
0 0.5612980769230769 0.4014423076923077 0.0889423076923077 0.14423076923076922
0 0.5408653846153846 0.2980769230769231 0.08653846153846154 0.1201923076923077
0 0.578125 0.23197115384615385 0.04567307692307692 0.10817307692307693
0 0.515625 0.19951923076923078 0.06971153846153846 0.11538461538461539
0 0.49759615384615385 0.40865384615384615 0.04807692307692308 0.11538461538461539
0 0.43990384615384615 0.5120192307692307 0.08173076923076923 0.125
0 0.4074519230769231 0.40625 0.06971153846153846 0.09615384615384616
0 0.44711538461538464 0.34375 0.09615384615384616 0.1875
0 0.4543269230769231 0.20673076923076922 0.057692307692307696 0.09615384615384616
0 0.39783653846153844 0.18870192307692307 0.05048076923076923 0.10817307692307693
0 0.36538461538461536 0.2620192307692308 0.07692307692307693 0.14423076923076922
0 0.3389423076923077 0.21153846153846154 0.04326923076923077 0.07692307692307693
0 0.27884615384615385 0.20793269230769232 0.07692307692307693 0.08413461538461539
0 0.2692307692307692 0.2956730769230769 0.08173076923076923 0.125
0 0.3125 0.38461538461538464 0.0625 0.11538461538461539
0 0.3173076923076923 0.28846153846153844 0.03365384615384615 0.09134615384615384
0 0.27163461538461536 0.4375 0.07692307692307693 0.07211538461538461
0 0.20552884615384615 0.4026442307692308 0.0889423076923077 0.10336538461538461
0 0.15985576923076922 0.3713942307692308 0.06971153846153846 0.08413461538461539
0 0.17067307692307693 0.28365384615384615 0.10576923076923077 0.11538461538461539
0 0.19471153846153846 0.2247596153846154 0.08653846153846154 0.06009615384615385
0 0.14182692307692307 0.19230769230769232 0.0673076923076923 0.07692307692307693
0 0.09134615384615384 0.21153846153846154 0.057692307692307696 0.0673076923076923
0 0.09134615384615384 0.2980769230769231 0.07211538461538461 0.1201923076923077
0 0.04447115384615385 0.35216346153846156 0.06971153846153846 0.10817307692307693
0 0.03245192307692308 0.2956730769230769 0.06009615384615385 0.17307692307692307
0 0.04326923076923077 0.45072115384615385 0.07692307692307693 0.14182692307692307
0 0.1201923076923077 0.43990384615384615 0.07692307692307693 0.13942307692307693
0 0.9423076923076923 0.15144230769230768 0.057692307692307696 0.052884615384615384
0 0.9014423076923077 0.15264423076923078 0.057692307692307696 0.036057692307692304
0 0.9230769230769231 0.09134615384615384 0.04807692307692308 0.07692307692307693
0 0.8701923076923077 0.0985576923076923 0.052884615384615384 0.07211538461538461
0 0.8245192307692307 0.1201923076923077 0.09134615384615384 0.11538461538461539
0 0.7620192307692307 0.09735576923076923 0.052884615384615384 0.07932692307692307
0 0.8125 0.04567307692307692 0.07692307692307693 0.08173076923076923
0 0.5949519230769231 0.051682692307692304 0.10817307692307693 0.09375
0 0.4567307692307692 0.038461538461538464 0.07692307692307693 0.02403846153846154
0 0.22235576923076922 0.07932692307692307 0.03125 0.04326923076923077
0 0.25600961538461536 0.0673076923076923 0.040865384615384616 0.052884615384615384
0 0.29927884615384615 0.0673076923076923 0.04567307692307692 0.04326923076923077
0 0.038461538461538464 0.11538461538461539 0.0673076923076923 0.11057692307692307
