0 0.9098557692307693 0.055288461538461536 0.18028846153846154 0.09615384615384616
0 0.9182692307692307 0.16466346153846154 0.16346153846153846 0.25721153846153844
0 0.75 0.3581730769230769 0.27403846153846156 0.6971153846153846
0 0.9362980769230769 0.4050480769230769 0.12740384615384615 0.3245192307692308
0 0.84375 0.6141826923076923 0.22115384615384615 0.4639423076923077
0 0.9326923076923077 0.7908653846153846 0.1346153846153846 0.4230769230769231
0 0.8161057692307693 0.9278846153846154 0.30528846153846156 0.14903846153846154
0 0.6971153846153846 0.9338942307692307 0.12980769230769232 0.13221153846153846
0 0.6298076923076923 0.6875 0.27884615384615385 0.6298076923076923
0 0.421875 0.6538461538461539 0.4110576923076923 0.6971153846153846
0 0.43028846153846156 0.2548076923076923 0.4375 0.49038461538461536
0 0.4807692307692308 0.19471153846153846 0.3942307692307692 0.375
0 0.13701923076923078 0.3076923076923077 0.2692307692307692 0.5961538461538461
0 0.11538461538461539 0.8533653846153846 0.22596153846153846 0.2932692307692308
0 0.14783653846153846 0.7596153846153846 0.29086538461538464 0.40865384615384615
0 0.14783653846153846 0.5733173076923077 0.14182692307692307 0.22355769230769232
