0 0.6298076923076923 0.5733173076923077 0.7163461538461539 0.6947115384615384
0 0.8533653846153846 0.4795673076923077 0.28846153846153844 0.4206730769230769
0 0.21634615384615385 0.6201923076923077 0.07692307692307693 0.20192307692307693
0 0.1201923076923077 0.30528846153846156 0.23076923076923078 0.47596153846153844
0 0.16947115384615385 0.9915865384615384 0.16105769230769232 0.016826923076923076
0 0.35697115384615385 0.9002403846153846 0.2956730769230769 0.19951923076923078
0 0.6790865384615384 0.9290865384615384 0.4014423076923077 0.14182692307692307
0 0.03245192307692308 0.9483173076923077 0.055288461538461536 0.10336538461538461
5 0.5408653846153846 0.1778846153846154 0.9134615384615384 0.34134615384615385
5 0.13701923076923078 0.6646634615384616 0.2692307692307692 0.6370192307692307
5 0.2932692307692308 0.6129807692307693 0.07692307692307693 0.2932692307692308
5 0.9314903846153846 0.9290865384615384 0.13221153846153846 0.14182692307692307
