0 0.5420673076923077 0.375 0.38221153846153844 0.32211538461538464
0 0.41346153846153844 0.5360576923076923 0.36538461538461536 0.375
0 0.24639423076923078 0.8533653846153846 0.13701923076923078 0.22115384615384615
0 0.15625 0.8269230769230769 0.09615384615384616 0.15865384615384615
0 0.7475961538461539 0.6610576923076923 0.0625 0.125
0 0.6622596153846154 0.7475961538461539 0.12259615384615384 0.1346153846153846
0 0.5745192307692307 0.8533653846153846 0.07211538461538461 0.09615384615384616
0 0.44471153846153844 0.8461538461538461 0.08653846153846154 0.09615384615384616
0 0.6550480769230769 0.6370192307692307 0.12259615384615384 0.12980769230769232
0 0.5540865384615384 0.7596153846153846 0.10817307692307693 0.19230769230769232
0 0.5192307692307693 0.8485576923076923 0.052884615384615384 0.11538461538461539
0 0.453125 0.7644230769230769 0.10817307692307693 0.11538461538461539
0 0.5084134615384616 0.7475961538461539 0.6466346153846154 0.5
0 0.11899038461538461 0.6105769230769231 0.22355769230769232 0.34134615384615385
0 0.33413461538461536 0.3173076923076923 0.33653846153846156 0.30288461538461536
0 0.15745192307692307 0.39903846153846156 0.11298076923076923 0.15384615384615385
0 0.30528846153846156 0.3173076923076923 0.10096153846153846 0.21153846153846154
0 0.3581730769230769 0.22115384615384615 0.0673076923076923 0.0625
0 0.25721153846153844 0.2692307692307692 0.12980769230769232 0.28365384615384615
0 0.10336538461538461 0.3557692307692308 0.19230769230769232 0.25961538461538464
3 0.7668269230769231 0.3545673076923077 0.46634615384615385 0.6850961538461539
3 0.7524038461538461 0.34375 0.4951923076923077 0.3557692307692308
