0 0.8858173076923077 0.24278846153846154 0.2283653846153846 0.40865384615384615
0 0.8353365384615384 0.09134615384615384 0.2668269230769231 0.16346153846153846
0 0.8509615384615384 0.5240384615384616 0.25 0.2980769230769231
0 0.6911057692307693 0.28725961538461536 0.20432692307692307 0.31971153846153844
0 0.5865384615384616 0.16105769230769232 0.20192307692307693 0.23076923076923078
0 0.5192307692307693 0.05048076923076923 0.1778846153846154 0.08173076923076923
0 0.5264423076923077 0.41346153846153844 0.1971153846153846 0.2644230769230769
0 0.6574519230769231 0.6033653846153846 0.20432692307692307 0.27403846153846156
0 0.4807692307692308 0.6081730769230769 0.16826923076923078 0.21153846153846154
0 0.34615384615384615 0.4879807692307692 0.16826923076923078 0.20673076923076922
0 0.34134615384615385 0.33774038461538464 0.10576923076923077 0.10336538461538461
0 0.4423076923076923 0.3112980769230769 0.10576923076923077 0.17548076923076922
0 0.3942307692307692 0.21153846153846154 0.14903846153846154 0.21153846153846154
0 0.4206730769230769 0.0673076923076923 0.16346153846153846 0.1201923076923077
0 0.3137019230769231 0.09134615384615384 0.12740384615384615 0.16346153846153846
0 0.27163461538461536 0.2668269230769231 0.1346153846153846 0.20673076923076922
0 0.24519230769230768 0.1466346153846154 0.07211538461538461 0.07211538461538461
0 0.14182692307692307 0.16346153846153846 0.125 0.15384615384615385
0 0.1778846153846154 0.25721153846153844 0.09134615384615384 0.15865384615384615
0 0.0889423076923077 0.3004807692307692 0.09134615384615384 0.13942307692307693
0 0.08052884615384616 0.23076923076923078 0.03125 0.0625
0 0.14903846153846154 0.3954326923076923 0.13942307692307693 0.18509615384615385
0 0.1875 0.5264423076923077 0.04807692307692308 0.13942307692307693
0 0.25961538461538464 0.5204326923076923 0.11057692307692307 0.17067307692307693
0 0.2644230769230769 0.3918269230769231 0.0625 0.09615384615384616
0 0.31490384615384615 0.6658653846153846 0.1201923076923077 0.13942307692307693
0 0.36538461538461536 0.6490384615384616 0.10096153846153846 0.1201923076923077
0 0.3629807692307692 0.7451923076923077 0.07211538461538461 0.0625
0 0.2704326923076923 0.8028846153846154 0.12740384615384615 0.15384615384615385
0 0.19110576923076922 0.6971153846153846 0.1466346153846154 0.19230769230769232
0 0.10817307692307693 0.5625 0.11057692307692307 0.15865384615384615
0 0.04447115384615385 0.7908653846153846 0.05048076923076923 0.15384615384615385
0 0.10697115384615384 0.9591346153846154 0.13221153846153846 0.08173076923076923
0 0.06370192307692307 0.8846153846153846 0.05048076923076923 0.09134615384615384
0 0.13221153846153846 0.8834134615384616 0.11057692307692307 0.10336538461538461
0 0.20673076923076922 0.9663461538461539 0.07211538461538461 0.0625
0 0.10817307692307693 0.78125 0.08173076923076923 0.08173076923076923
0 0.07932692307692307 0.6742788461538461 0.08173076923076923 0.08413461538461539
0 0.052884615384615384 0.44471153846153844 0.08653846153846154 0.20192307692307693
0 0.06971153846153846 0.036057692307692304 0.10096153846153846 0.057692307692307696
