0 0.34375 0.36778846153846156 0.1346153846153846 0.11057692307692307
0 0.5841346153846154 0.19591346153846154 0.13942307692307693 0.0889423076923077
0 0.6850961538461539 0.22115384615384615 0.13942307692307693 0.125
0 0.6105769230769231 0.4855769230769231 0.14903846153846154 0.14903846153846154
0 0.5625 0.4014423076923077 0.12980769230769232 0.07211538461538461
0 0.6274038461538461 0.6286057692307693 0.19230769230769232 0.15144230769230768
0 0.6538461538461539 0.7584134615384616 0.13942307692307693 0.11778846153846154
0 0.5504807692307693 0.796875 0.21634615384615385 0.14182692307692307
0 0.49399038461538464 0.6694711538461539 0.25240384615384615 0.13701923076923078
0 0.4543269230769231 0.5841346153846154 0.12980769230769232 0.03365384615384615
0 0.4362980769230769 0.5 0.2091346153846154 0.15384615384615385
0 0.3737980769230769 0.43509615384615385 0.06490384615384616 0.0673076923076923
0 0.31490384615384615 0.44711538461538464 0.07692307692307693 0.07692307692307693
0 0.31971153846153844 0.5264423076923077 0.10576923076923077 0.11057692307692307
0 0.34375 0.6394230769230769 0.1346153846153846 0.11538461538461539
0 0.26322115384615385 0.5973557692307693 0.06971153846153846 0.0889423076923077
0 0.46033653846153844 0.39903846153846156 0.11778846153846154 0.0625
0 0.46153846153846156 0.34615384615384615 0.09134615384615384 0.0673076923076923
