0 0.859375 0.7896634615384616 0.1658653846153846 0.4014423076923077
0 0.9675480769230769 0.7524038461538461 0.06490384615384616 0.4855769230769231
0 0.7836538461538461 0.43028846153846156 0.34615384615384615 0.8413461538461539
0 0.8858173076923077 0.44711538461538464 0.2283653846153846 0.32211538461538464
0 0.9326923076923077 0.5709134615384616 0.09134615384615384 0.1658653846153846
0 0.8737980769230769 0.1814903846153846 0.11778846153846154 0.22355769230769232
0 0.9699519230769231 0.22596153846153846 0.06009615384615385 0.2644230769230769
0 0.9483173076923077 0.40384615384615385 0.10336538461538461 0.18269230769230768
0 0.9134615384615384 0.2980769230769231 0.038461538461538464 0.10576923076923077
0 0.8461538461538461 0.30528846153846156 0.09615384615384616 0.12980769230769232
0 0.9435096153846154 0.05889423076923077 0.11298076923076923 0.11298076923076923
0 0.7391826923076923 0.13822115384615385 0.14182692307692307 0.20432692307692307
0 0.7644230769230769 0.27163461538461536 0.08173076923076923 0.14423076923076922
0 0.7055288461538461 0.5 0.14182692307692307 0.4807692307692308
0 0.6274038461538461 0.5564903846153846 0.1201923076923077 0.5793269230769231
0 0.6574519230769231 0.9170673076923077 0.07451923076923077 0.15625
0 0.6646634615384616 0.734375 0.23798076923076922 0.5264423076923077
0 0.7608173076923077 0.8461538461538461 0.09375 0.30288461538461536
0 0.5612980769230769 0.8197115384615384 0.15625 0.3557692307692308
0 0.38221153846153844 0.953125 0.16826923076923078 0.08413461538461539
0 0.3942307692307692 0.8088942307692307 0.22596153846153846 0.3485576923076923
0 0.46634615384615385 0.5420673076923077 0.20192307692307693 0.34375
0 0.5396634615384616 0.3557692307692308 0.23798076923076922 0.23076923076923078
0 0.5204326923076923 0.28966346153846156 0.13221153846153846 0.20432692307692307
0 0.6045673076923077 0.12139423076923077 0.13701923076923078 0.23798076923076922
0 0.4375 0.23677884615384615 0.21153846153846154 0.46875
0 0.39903846153846156 0.15745192307692307 0.08173076923076923 0.31009615384615385
0 0.5192307692307693 0.17427884615384615 0.038461538461538464 0.07932692307692307
0 0.40625 0.03245192307692308 0.04326923076923077 0.06009615384615385
0 0.3173076923076923 0.203125 0.1346153846153846 0.4014423076923077
0 0.2620192307692308 0.5384615384615384 0.21153846153846154 0.375
0 0.15865384615384615 0.7788461538461539 0.2644230769230769 0.4326923076923077
0 0.04326923076923077 0.43509615384615385 0.08173076923076923 0.625
0 0.02403846153846154 0.9459134615384616 0.04326923076923077 0.0985576923076923
0 0.09495192307692307 0.46033653846153844 0.18509615384615385 0.8774038461538461
0 0.11057692307692307 0.12139423076923077 0.21634615384615385 0.23798076923076922
0 0.22956730769230768 0.18990384615384615 0.10817307692307693 0.375
0 0.5012019230769231 0.5 0.9975961538461539 0.9951923076923077
