0 0.08413461538461539 0.22596153846153846 0.15384615384615385 0.15384615384615385
0 0.2283653846153846 0.28966346153846156 0.14903846153846154 0.10817307692307693
0 0.10576923076923077 0.39783653846153844 0.14423076923076922 0.10817307692307693
0 0.02403846153846154 0.4014423076923077 0.03365384615384615 0.11538461538461539
0 0.125 0.44711538461538464 0.10576923076923077 0.12980769230769232
0 0.051682692307692304 0.4639423076923077 0.0889423076923077 0.08653846153846154
0 0.30528846153846156 0.47716346153846156 0.125 0.1466346153846154
0 0.5012019230769231 0.32091346153846156 0.17548076923076922 0.14182692307692307
0 0.9290865384615384 0.11538461538461539 0.14182692307692307 0.09134615384615384
0 0.8028846153846154 0.3786057692307692 0.10576923076923077 0.07932692307692307
0 0.9783653846153846 0.43149038461538464 0.04326923076923077 0.08413461538461539
0 0.6670673076923077 0.6418269230769231 0.15625 0.09615384615384616
0 0.78125 0.7163461538461539 0.13942307692307693 0.11538461538461539
0 0.6538461538461539 0.7632211538461539 0.13942307692307693 0.10817307692307693
0 0.5096153846153846 0.7403846153846154 0.14903846153846154 0.09615384615384616
0 0.36778846153846156 0.8317307692307693 0.1201923076923077 0.08653846153846154
0 0.14903846153846154 0.7223557692307693 0.1346153846153846 0.10336538461538461
0 0.028846153846153848 0.6947115384615384 0.04326923076923077 0.11538461538461539
0 0.042067307692307696 0.7884615384615384 0.06971153846153846 0.08653846153846154
0 0.125 0.8317307692307693 0.125 0.09615384615384616
0 0.32572115384615385 0.9266826923076923 0.15625 0.10817307692307693
0 0.4375 0.8894230769230769 0.11538461538461539 0.09134615384615384
0 0.5144230769230769 0.8377403846153846 0.12980769230769232 0.0985576923076923
0 0.5480769230769231 0.9326923076923077 0.1346153846153846 0.09134615384615384
0 0.46274038461538464 0.9603365384615384 0.12259615384615384 0.07932692307692307
0 0.3389423076923077 0.9879807692307693 0.07211538461538461 0.028846153846153848
0 0.11778846153846154 0.9879807692307693 0.10096153846153846 0.028846153846153848
0 0.125 0.9519230769230769 0.125 0.052884615384615384
0 0.6153846153846154 0.8425480769230769 0.11057692307692307 0.06490384615384616
0 0.6646634615384616 0.9350961538461539 0.13221153846153846 0.08173076923076923
0 0.7644230769230769 0.859375 0.12980769230769232 0.0985576923076923
0 0.8990384615384616 0.84375 0.125 0.07692307692307693
0 0.8365384615384616 0.9110576923076923 0.10096153846153846 0.08173076923076923
0 0.7872596153846154 0.9771634615384616 0.14182692307692307 0.04567307692307692
