0 0.5745192307692307 0.9399038461538461 0.15384615384615385 0.11057692307692307
0 0.4567307692307692 0.875 0.15384615384615385 0.09134615384615384
0 0.5396634615384616 0.8088942307692307 0.09375 0.06971153846153846
0 0.48677884615384615 0.8605769230769231 0.11298076923076923 0.0625
0 0.6466346153846154 0.8533653846153846 0.15384615384615385 0.125
0 0.6129807692307693 0.7908653846153846 0.08653846153846154 0.04807692307692308
0 0.5408653846153846 0.7475961538461539 0.07692307692307693 0.04807692307692308
0 0.4230769230769231 0.7740384615384616 0.14903846153846154 0.125
0 0.3401442307692308 0.7860576923076923 0.0889423076923077 0.10096153846153846
0 0.34615384615384615 0.6911057692307693 0.15865384615384615 0.0889423076923077
0 0.35096153846153844 0.6394230769230769 0.14903846153846154 0.11538461538461539
0 0.49038461538461536 0.6899038461538461 0.15865384615384615 0.11538461538461539
0 0.6370192307692307 0.7211538461538461 0.14423076923076922 0.09134615384615384
0 0.6850961538461539 0.7223557692307693 0.09615384615384616 0.0889423076923077
0 0.7091346153846154 0.6213942307692307 0.1346153846153846 0.10817307692307693
0 0.6009615384615384 0.6322115384615384 0.14423076923076922 0.08653846153846154
0 0.4879807692307692 0.578125 0.14423076923076922 0.10817307692307693
0 0.375 0.5456730769230769 0.08173076923076923 0.07211538461538461
0 0.31009615384615385 0.5528846153846154 0.057692307692307696 0.07211538461538461
0 0.6069711538461539 0.5745192307692307 0.10336538461538461 0.04807692307692308
0 0.6850961538461539 0.5180288461538461 0.12980769230769232 0.0889423076923077
0 0.5745192307692307 0.49278846153846156 0.15384615384615385 0.125
0 0.4074519230769231 0.4651442307692308 0.18028846153846154 0.12740384615384615
0 0.3076923076923077 0.43028846153846156 0.08173076923076923 0.09615384615384616
0 0.37740384615384615 0.359375 0.12980769230769232 0.0889423076923077
0 0.2644230769230769 0.34134615384615385 0.1201923076923077 0.09615384615384616
0 0.25961538461538464 0.27403846153846156 0.0625 0.0625
0 0.2644230769230769 0.24519230769230768 0.0673076923076923 0.057692307692307696
0 0.3076923076923077 0.1875 0.14423076923076922 0.11057692307692307
0 0.4170673076923077 0.1778846153846154 0.0985576923076923 0.1201923076923077
0 0.5264423076923077 0.16826923076923078 0.14903846153846154 0.09615384615384616
0 0.5456730769230769 0.11778846153846154 0.13942307692307693 0.10096153846153846
0 0.7043269230769231 0.10576923076923077 0.14423076923076922 0.11057692307692307
0 0.7740384615384616 0.20432692307692307 0.15865384615384615 0.11538461538461539
0 0.8533653846153846 0.23076923076923078 0.125 0.10096153846153846
0 0.7788461538461539 0.31490384615384615 0.13942307692307693 0.09615384615384616
0 0.7283653846153846 0.4230769230769231 0.13942307692307693 0.10576923076923077
0 0.7716346153846154 0.49759615384615385 0.09134615384615384 0.07692307692307693
0 0.6274038461538461 0.38461538461538464 0.1346153846153846 0.10096153846153846
0 0.49759615384615385 0.3894230769230769 0.1346153846153846 0.10096153846153846
0 0.5180288461538461 0.27524038461538464 0.1658653846153846 0.12740384615384615
0 0.3629807692307692 0.27163461538461536 0.14423076923076922 0.1201923076923077
0 0.6706730769230769 0.296875 0.14903846153846154 0.10817307692307693
0 0.5384615384615384 0.04326923076923077 0.125 0.08173076923076923
0 0.46153846153846156 0.03365384615384615 0.0625 0.0625
0 0.7079326923076923 0.03245192307692308 0.13701923076923078 0.055288461538461536
0 0.6262019230769231 0.06850961538461539 0.040865384615384616 0.06971153846153846
0 0.8125 0.07692307692307693 0.0625 0.07692307692307693
0 0.8485576923076923 0.03125 0.14423076923076922 0.052884615384615384
0 0.8173076923076923 0.12980769230769232 0.07211538461538461 0.04807692307692308
0 0.9747596153846154 0.20432692307692307 0.05048076923076923 0.0673076923076923
0 0.9350961538461539 0.22355769230769232 0.0625 0.0625
0 0.9747596153846154 0.27524038461538464 0.05048076923076923 0.07451923076923077
0 0.9819711538461539 0.32211538461538464 0.03125 0.04326923076923077
