0 0.6838942307692307 0.609375 0.2860576923076923 0.43509615384615385
0 0.6682692307692307 0.7584134615384616 0.14903846153846154 0.1658653846153846
0 0.5036057692307693 0.6310096153846154 0.12259615384615384 0.1658653846153846
0 0.39783653846153844 0.6213942307692307 0.2860576923076923 0.43028846153846156
0 0.20432692307692307 0.7956730769230769 0.07692307692307693 0.11538461538461539
0 0.125 0.75 0.12980769230769232 0.14423076923076922
0 0.10697115384615384 0.8112980769230769 0.08413461538461539 0.10336538461538461
0 0.21634615384615385 0.6129807692307693 0.22115384615384615 0.28365384615384615
0 0.8533653846153846 0.7716346153846154 0.11057692307692307 0.11057692307692307
0 0.8245192307692307 0.8341346153846154 0.057692307692307696 0.0673076923076923
0 0.8894230769230769 0.8221153846153846 0.057692307692307696 0.08173076923076923
0 0.9495192307692307 0.8461538461538461 0.0625 0.07692307692307693
0 0.9591346153846154 0.7980769230769231 0.08173076923076923 0.1201923076923077
0 0.9314903846153846 0.7211538461538461 0.08413461538461539 0.12980769230769232
0 0.9543269230769231 0.5576923076923077 0.08653846153846154 0.20673076923076922
0 0.9867788461538461 0.6983173076923077 0.026442307692307692 0.10336538461538461
0 0.04447115384615385 0.6995192307692307 0.08413461538461539 0.14903846153846154
0 0.052884615384615384 0.5985576923076923 0.10096153846153846 0.14903846153846154
0 0.07091346153846154 0.48197115384615385 0.13701923076923078 0.17067307692307693
0 0.12620192307692307 0.36538461538461536 0.21394230769230768 0.25
0 0.6274038461538461 0.24278846153846154 0.17307692307692307 0.20192307692307693
0 0.7271634615384616 0.15384615384615385 0.30528846153846156 0.28846153846153844
0 0.8341346153846154 0.18870192307692307 0.13942307692307693 0.2283653846153846
0 0.9350961538461539 0.24639423076923078 0.12980769230769232 0.43509615384615385
0 0.4050480769230769 0.17427884615384615 0.33413461538461536 0.34375
0 0.5793269230769231 0.054086538461538464 0.15384615384615385 0.10336538461538461
0 0.8161057692307693 0.03365384615384615 0.12259615384615384 0.0625
0 0.9411057692307693 0.038461538461538464 0.11778846153846154 0.07211538461538461
0 0.9783653846153846 0.12259615384615384 0.04326923076923077 0.07211538461538461
0 0.7067307692307693 0.008413461538461538 0.09615384615384616 0.01201923076923077
0 0.2091346153846154 0.1346153846153846 0.052884615384615384 0.07692307692307693
0 0.25 0.10096153846153846 0.02403846153846154 0.0625
0 0.24639423076923078 0.052884615384615384 0.04567307692307692 0.07692307692307693
0 0.19831730769230768 0.057692307692307696 0.04567307692307692 0.07692307692307693
0 0.17067307692307693 0.026442307692307692 0.07211538461538461 0.04807692307692308
0 0.13221153846153846 0.06971153846153846 0.052884615384615384 0.07211538461538461
0 0.17067307692307693 0.11298076923076923 0.038461538461538464 0.0625
0 0.1466346153846154 0.13701923076923078 0.04807692307692308 0.052884615384615384
0 0.20072115384615385 0.20072115384615385 0.06490384615384616 0.09375
0 0.13701923076923078 0.1971153846153846 0.052884615384615384 0.0673076923076923
0 0.08413461538461539 0.20192307692307693 0.057692307692307696 0.07692307692307693
0 0.08533653846153846 0.125 0.06490384615384616 0.08653846153846154
0 0.09975961538461539 0.07091346153846154 0.026442307692307692 0.040865384615384616
0 0.04567307692307692 0.1658653846153846 0.038461538461538464 0.07692307692307693
0 0.04326923076923077 0.24278846153846154 0.04326923076923077 0.0673076923076923
0 0.0673076923076923 0.13701923076923078 0.12980769230769232 0.2692307692307692
0 0.8497596153846154 0.6009615384615384 0.12259615384615384 0.27403846153846156
1 0.8149038461538461 0.5108173076923077 0.28365384615384615 0.43509615384615385
