0 0.6201923076923077 0.15384615384615385 0.27403846153846156 0.1778846153846154
0 0.5721153846153846 0.051682692307692304 0.11538461538461539 0.0889423076923077
0 0.6850961538461539 0.09375 0.15384615384615385 0.17307692307692307
0 0.7596153846153846 0.10697115384615384 0.15384615384615385 0.19951923076923078
0 0.8870192307692307 0.09375 0.1778846153846154 0.17307692307692307
0 0.9050480769230769 0.11177884615384616 0.14182692307692307 0.2091346153846154
0 0.8677884615384616 0.23076923076923078 0.11057692307692307 0.09615384615384616
0 0.6358173076923077 0.24278846153846154 0.2620192307692308 0.1346153846153846
0 0.6706730769230769 0.33774038461538464 0.16826923076923078 0.2091346153846154
0 0.46634615384615385 0.38461538461538464 0.3317307692307692 0.15865384615384615
0 0.34975961538461536 0.3329326923076923 0.3293269230769231 0.1466346153846154
0 0.3473557692307692 0.23798076923076922 0.37740384615384615 0.16826923076923078
0 0.3485576923076923 0.109375 0.3317307692307692 0.20432692307692307
0 0.18028846153846154 0.33653846153846156 0.34615384615384615 0.1778846153846154
0 0.3389423076923077 0.4495192307692308 0.28846153846153844 0.13942307692307693
0 0.5060096153846154 0.49038461538461536 0.43509615384615385 0.17307692307692307
0 0.5841346153846154 0.5817307692307693 0.3125 0.125
0 0.5480769230769231 0.7091346153846154 0.18269230769230768 0.1778846153846154
0 0.2668269230769231 0.6490384615384616 0.5192307692307693 0.24519230769230768
0 0.19471153846153846 0.7019230769230769 0.375 0.15865384615384615
0 0.23076923076923078 0.5841346153846154 0.27884615384615385 0.125
0 0.2403846153846154 0.8762019230769231 0.19230769230769232 0.21875
0 0.2620192307692308 0.9567307692307693 0.15865384615384615 0.08653846153846154
0 0.38822115384615385 0.9387019230769231 0.12740384615384615 0.12259615384615384
0 0.4951923076923077 0.9591346153846154 0.10096153846153846 0.08173076923076923
0 0.16947115384615385 0.07451923076923077 0.27163461538461536 0.1346153846153846
0 0.09375 0.203125 0.17307692307692307 0.31971153846153844
0 0.028846153846153848 0.04567307692307692 0.04326923076923077 0.07692307692307693
0 0.08413461538461539 0.5072115384615384 0.15384615384615385 0.24519230769230768
0 0.09134615384615384 0.7608173076923077 0.16826923076923078 0.27163461538461536
0 0.07572115384615384 0.9459134615384616 0.14182692307692307 0.10817307692307693
0 0.9519230769230769 0.9615384615384616 0.09615384615384616 0.08173076923076923
0 0.8942307692307693 0.9759615384615384 0.057692307692307696 0.04807692307692308
0 0.7247596153846154 0.5925480769230769 0.4254807692307692 0.8149038461538461
0 0.9603365384615384 0.5540865384615384 0.07932692307692307 0.7427884615384616
0 0.5024038461538461 0.5048076923076923 0.9951923076923077 0.9951923076923077
