0 0.8822115384615384 0.22115384615384615 0.10096153846153846 0.2644230769230769
0 0.8341346153846154 0.08413461538461539 0.125 0.15384615384615385
0 0.9146634615384616 0.0625 0.04567307692307692 0.10576923076923077
0 0.8605769230769231 0.4495192307692308 0.14423076923076922 0.25
0 0.8701923076923077 0.5649038461538461 0.125 0.16346153846153846
0 0.7704326923076923 0.7463942307692307 0.3389423076923077 0.5072115384615384
0 0.7139423076923077 0.28365384615384615 0.23557692307692307 0.5480769230769231
0 0.4735576923076923 0.14182692307692307 0.27403846153846156 0.2644230769230769
0 0.38822115384615385 0.31490384615384615 0.29086538461538464 0.6105769230769231
0 0.19230769230769232 0.1346153846153846 0.1971153846153846 0.2548076923076923
0 0.28365384615384615 0.04927884615384615 0.13942307692307693 0.07932692307692307
0 0.2283653846153846 0.39663461538461536 0.2692307692307692 0.5384615384615384
0 0.04447115384615385 0.16346153846153846 0.08413461538461539 0.3125
0 0.054086538461538464 0.3161057692307692 0.10336538461538461 0.18990384615384615
0 0.02403846153846154 0.38461538461538464 0.04326923076923077 0.1201923076923077
0 0.0985576923076923 0.8966346153846154 0.19230769230769232 0.20673076923076922
0 0.13341346153846154 0.8509615384615384 0.2283653846153846 0.2980769230769231
0 0.009615384615384616 0.6021634615384616 0.014423076923076924 0.27163461538461536
0 0.203125 0.7043269230769231 0.37259615384615385 0.5913461538461539
0 0.5144230769230769 0.7572115384615384 0.33653846153846156 0.3317307692307692
0 0.4879807692307692 0.9326923076923077 0.22115384615384615 0.1346153846153846
0 0.6574519230769231 0.8798076923076923 0.1658653846153846 0.2403846153846154
0 0.7992788461538461 0.9699519230769231 0.15144230769230768 0.06009615384615385
