0 0.9447115384615384 0.4014423076923077 0.11057692307692307 0.7884615384615384
0 0.9014423076923077 0.6057692307692307 0.10576923076923077 0.34615384615384615
0 0.7980769230769231 0.30288461538461536 0.10096153846153846 0.5865384615384616
0 0.7115384615384616 0.2920673076923077 0.11538461538461539 0.5649038461538461
0 0.625 0.3954326923076923 0.15865384615384615 0.7716346153846154
0 0.4831730769230769 0.3762019230769231 0.19230769230769232 0.7331730769230769
0 0.5024038461538461 0.19230769230769232 0.08173076923076923 0.3701923076923077
0 0.36538461538461536 0.3329326923076923 0.23557692307692307 0.6466346153846154
0 0.35336538461538464 0.3557692307692308 0.3076923076923077 0.6971153846153846
0 0.29086538461538464 0.4230769230769231 0.3076923076923077 0.8317307692307693
0 0.14182692307692307 0.3713942307692308 0.27884615384615385 0.6225961538461539
0 0.14423076923076922 0.23197115384615385 0.057692307692307696 0.10817307692307693
0 0.16466346153846154 0.5841346153846154 0.3245192307692308 0.46634615384615385
0 0.15144230769230768 0.7620192307692307 0.2980769230769231 0.47596153846153844
0 0.051682692307692304 0.7716346153846154 0.0985576923076923 0.15865384615384615
0 0.09134615384615384 0.9170673076923077 0.1778846153846154 0.1658653846153846
0 0.2764423076923077 0.9759615384615384 0.1971153846153846 0.052884615384615384
0 0.46153846153846156 0.90625 0.3269230769230769 0.1875
0 0.6334134615384616 0.8509615384615384 0.3581730769230769 0.2980769230769231
0 0.8485576923076923 0.7788461538461539 0.30288461538461536 0.44711538461538464
