0 0.8605769230769231 0.20552884615384615 0.19230769230769232 0.16105769230769232
0 0.5444711538461539 0.07211538461538461 0.3485576923076923 0.13942307692307693
0 0.22596153846153846 0.06009615384615385 0.1778846153846154 0.11538461538461539
0 0.5733173076923077 0.27884615384615385 0.20432692307692307 0.1778846153846154
0 0.7283653846153846 0.4362980769230769 0.13942307692307693 0.16105769230769232
0 0.6971153846153846 0.578125 0.15384615384615385 0.1466346153846154
0 0.5144230769230769 0.4639423076923077 0.25961538461538464 0.1875
0 0.49158653846153844 0.6274038461538461 0.3581730769230769 0.20673076923076922
0 0.26322115384615385 0.5108173076923077 0.20432692307692307 0.17067307692307693
0 0.2439903846153846 0.8088942307692307 0.24278846153846154 0.20432692307692307
0 0.31850961538461536 0.34134615384615385 0.17548076923076922 0.1346153846153846
3 0.9098557692307693 0.4254807692307692 0.17548076923076922 0.27884615384615385
