0 0.5084134615384616 0.7019230769230769 0.5024038461538461 0.5913461538461539
0 0.1310096153846154 0.7055288461538461 0.24759615384615385 0.5841346153846154
0 0.2668269230769231 0.37740384615384615 0.3894230769230769 0.5528846153846154
0 0.25841346153846156 0.09615384615384616 0.28125 0.1875
0 0.5408653846153846 0.23197115384615385 0.2692307692307692 0.41586538461538464
0 0.8064903846153846 0.49038461538461536 0.3870192307692308 0.6586538461538461
0 0.7764423076923077 0.12259615384615384 0.28365384615384615 0.2403846153846154
0 0.9555288461538461 0.28365384615384615 0.0889423076923077 0.23557692307692307
0 0.9483173076923077 0.10216346153846154 0.10336538461538461 0.19951923076923078
0 0.5985576923076923 0.046875 0.1778846153846154 0.0889423076923077
