0 0.7836538461538461 0.9831730769230769 0.3798076923076923 0.03365384615384615
0 0.9483173076923077 0.9242788461538461 0.09375 0.15144230769230768
0 0.7043269230769231 0.890625 0.40865384615384615 0.16105769230769232
0 0.4230769230769231 0.9483173076923077 0.32211538461538464 0.10336538461538461
0 0.46033653846153844 0.890625 0.07932692307692307 0.036057692307692304
0 0.052884615384615384 0.9266826923076923 0.10096153846153846 0.1466346153846154
0 0.31971153846153844 0.8293269230769231 0.3317307692307692 0.13942307692307693
0 0.5576923076923077 0.7848557692307693 0.3173076923076923 0.13221153846153846
0 0.8413461538461539 0.7752403846153846 0.3076923076923077 0.14182692307692307
0 0.8004807692307693 0.6778846153846154 0.28846153846153844 0.10096153846153846
0 0.5072115384615384 0.7163461538461539 0.28846153846153844 0.11057692307692307
0 0.24759615384615385 0.6766826923076923 0.3317307692307692 0.1466346153846154
0 0.4567307692307692 0.5961538461538461 0.30288461538461536 0.1201923076923077
0 0.6983173076923077 0.6298076923076923 0.22355769230769232 0.10096153846153846
0 0.1875 0.5793269230769231 0.25 0.11057692307692307
0 0.37740384615384615 0.5264423076923077 0.1875 0.04807692307692308
0 0.6009615384615384 0.5504807692307693 0.17307692307692307 0.0625
0 0.29086538461538464 0.4963942307692308 0.47596153846153844 0.17067307692307693
0 0.4891826923076923 0.47716346153846156 0.1658653846153846 0.07451923076923077
0 0.2692307692307692 0.4495192307692308 0.40384615384615385 0.19230769230769232
0 0.23076923076923078 0.4014423076923077 0.3942307692307692 0.1778846153846154
0 0.1971153846153846 0.3557692307692308 0.34615384615384615 0.1778846153846154
0 0.038461538461538464 0.16706730769230768 0.07211538461538461 0.22355769230769232
0 0.09254807692307693 0.22716346153846154 0.10817307692307693 0.24278846153846154
0 0.17548076923076922 0.23798076923076922 0.07211538461538461 0.16826923076923078
0 0.23677884615384615 0.25721153846153844 0.05048076923076923 0.07211538461538461
0 0.16466346153846154 0.038461538461538464 0.10817307692307693 0.0673076923076923
0 0.25841346153846156 0.03245192307692308 0.09375 0.040865384615384616
0 0.3233173076923077 0.03485576923076923 0.07932692307692307 0.036057692307692304
0 0.31971153846153844 0.07091346153846154 0.23076923076923078 0.040865384615384616
0 0.37259615384615385 0.10096153846153846 0.27884615384615385 0.028846153846153848
0 0.3954326923076923 0.13822115384615385 0.22355769230769232 0.036057692307692304
0 0.38822115384615385 0.16947115384615385 0.12259615384615384 0.036057692307692304
0 0.5649038461538461 0.14182692307692307 0.20192307692307693 0.0625
0 0.47836538461538464 0.18870192307692307 0.21634615384615385 0.036057692307692304
0 0.5432692307692307 0.21153846153846154 0.1875 0.04807692307692308
0 0.5252403846153846 0.2548076923076923 0.13701923076923078 0.04326923076923077
0 0.6334134615384616 0.30528846153846156 0.18028846153846154 0.09615384615384616
0 0.7680288461538461 0.2860576923076923 0.18028846153846154 0.11538461538461539
0 0.6838942307692307 0.20192307692307693 0.2091346153846154 0.08653846153846154
0 0.7716346153846154 0.390625 0.17307692307692307 0.07932692307692307
0 0.8942307692307693 0.37259615384615385 0.1875 0.08653846153846154
0 0.9158653846153846 0.3173076923076923 0.15865384615384615 0.11057692307692307
0 0.9519230769230769 0.4182692307692308 0.08653846153846154 0.03365384615384615
0 0.8653846153846154 0.44711538461538464 0.11538461538461539 0.04807692307692308
0 0.9483173076923077 0.49399038461538464 0.09375 0.06009615384615385
0 0.734375 0.08653846153846154 0.12259615384615384 0.0673076923076923
0 0.6298076923076923 0.05048076923076923 0.1875 0.0673076923076923
0 0.7896634615384616 0.028846153846153848 0.18028846153846154 0.04807692307692308
0 0.8617788461538461 0.0625 0.1658653846153846 0.0673076923076923
0 0.9350961538461539 0.021634615384615384 0.125 0.03365384615384615
0 0.6754807692307693 0.013221153846153846 0.0673076923076923 0.016826923076923076
0 0.5865384615384616 0.019230769230769232 0.08653846153846154 0.028846153846153848
0 0.8942307692307693 0.13701923076923078 0.20192307692307693 0.10576923076923077
0 0.9591346153846154 0.20192307692307693 0.07211538461538461 0.08173076923076923
0 0.8509615384615384 0.0889423076923077 0.28846153846153844 0.11057692307692307
