0 0.8004807692307693 0.8737980769230769 0.23557692307692307 0.24759615384615385
0 0.6670673076923077 0.6298076923076923 0.3245192307692308 0.2932692307692308
0 0.5697115384615384 0.8581730769230769 0.15865384615384615 0.27884615384615385
0 0.8245192307692307 0.47836538461538464 0.1971153846153846 0.28846153846153844
0 0.7668269230769231 0.09735576923076923 0.20192307692307693 0.18028846153846154
0 0.6346153846153846 0.3173076923076923 0.1346153846153846 0.2980769230769231
0 0.5048076923076923 0.14423076923076922 0.15384615384615385 0.27403846153846156
0 0.3798076923076923 0.4423076923076923 0.14903846153846154 0.20673076923076922
4 0.08052884615384616 0.22956730769230768 0.15144230769230768 0.3629807692307692
2 0.5973557692307693 0.3076923076923077 0.2620192307692308 0.40384615384615385
2 0.7427884615384616 0.11538461538461539 0.28365384615384615 0.21634615384615385
2 0.7740384615384616 0.4639423076923077 0.3173076923076923 0.40865384615384615
2 0.4579326923076923 0.16947115384615385 0.2620192307692308 0.3245192307692308
2 0.3581730769230769 0.07211538461538461 0.125 0.12980769230769232
2 0.2536057692307692 0.06129807692307692 0.1466346153846154 0.10817307692307693
2 0.24759615384615385 0.20673076923076922 0.15865384615384615 0.3557692307692308
2 0.3701923076923077 0.44711538461538464 0.20192307692307693 0.28846153846153844
2 0.4879807692307692 0.8509615384615384 0.3125 0.2932692307692308
2 0.36658653846153844 0.7367788461538461 0.18509615384615385 0.31490384615384615
2 0.28966346153846156 0.6730769230769231 0.12740384615384615 0.0625
