0 0.5504807692307693 0.2956730769230769 0.5288461538461539 0.36538461538461536
0 0.3125 0.2932692307692308 0.004807692307692308 0.125
0 0.3004807692307692 0.3894230769230769 0.09615384615384616 0.13942307692307693
0 0.8197115384615384 0.4254807692307692 0.03365384615384615 0.04326923076923077
0 0.5396634615384616 0.75 0.5168269230769231 0.3701923076923077
0 0.8197115384615384 0.7415865384615384 0.0673076923076923 0.10336538461538461
0 0.8052884615384616 0.6334134615384616 0.028846153846153848 0.07451923076923077
0 0.8052884615384616 0.8521634615384616 0.028846153846153848 0.07451923076923077
0 0.5673076923076923 0.5649038461538461 0.2403846153846154 0.03365384615384615
0 0.27524038461538464 0.8125 0.055288461538461536 0.09615384615384616
0 0.2668269230769231 0.71875 0.038461538461538464 0.0673076923076923
0 0.27403846153846156 0.6274038461538461 0.04326923076923077 0.08173076923076923
0 0.25240384615384615 0.7644230769230769 0.0673076923076923 0.2403846153846154
2 0.5240384615384616 0.2980769230769231 0.7451923076923077 0.46634615384615385
