0 0.1346153846153846 0.38221153846153844 0.09615384615384616 0.4423076923076923
0 0.31490384615384615 0.2644230769230769 0.2692307692307692 0.35096153846153844
0 0.4098557692307692 0.3329326923076923 0.30528846153846156 0.4206730769230769
0 0.44711538461538464 0.3557692307692308 0.4230769230769231 0.27884615384615385
0 0.5408653846153846 0.4182692307692308 0.41346153846153844 0.3701923076923077
0 0.5985576923076923 0.5336538461538461 0.4519230769230769 0.23076923076923078
0 0.7908653846153846 0.5264423076923077 0.3894230769230769 0.1201923076923077
0 0.7403846153846154 0.6105769230769231 0.5192307692307693 0.15384615384615385
0 0.3858173076923077 0.6959134615384616 0.21875 0.14182692307692307
0 0.16706730769230768 0.8425480769230769 0.3293269230769231 0.31490384615384615
0 0.09495192307692307 0.6899038461538461 0.0985576923076923 0.19230769230769232
0 0.18990384615384615 0.6021634615384616 0.1346153846153846 0.34375
0 0.2620192307692308 0.6586538461538461 0.16826923076923078 0.2403846153846154
0 0.3293269230769231 0.6526442307692307 0.11057692307692307 0.14182692307692307
