0 0.8882211538461539 0.038461538461538464 0.14182692307692307 0.0625
0 0.9759615384615384 0.039663461538461536 0.04326923076923077 0.06490384615384616
0 0.8846153846153846 0.109375 0.125 0.08413461538461539
0 0.9711538461538461 0.11298076923076923 0.052884615384615384 0.08653846153846154
0 0.9326923076923077 0.1875 0.12980769230769232 0.07692307692307693
0 0.7139423076923077 0.20432692307692307 0.3269230769230769 0.21634615384615385
0 0.6442307692307693 0.06009615384615385 0.32211538461538464 0.10576923076923077
0 0.9110576923076923 0.31490384615384615 0.17307692307692307 0.1778846153846154
0 0.9206730769230769 0.47836538461538464 0.15384615384615385 0.15865384615384615
0 0.6802884615384616 0.6322115384615384 0.3942307692307692 0.2403846153846154
0 0.7956730769230769 0.6418269230769231 0.40384615384615385 0.16346153846153846
0 0.8004807692307693 0.6971153846153846 0.3942307692307692 0.16826923076923078
0 0.8004807692307693 0.7536057692307693 0.3942307692307692 0.0985576923076923
0 0.4735576923076923 0.8894230769230769 0.15384615384615385 0.09615384615384616
0 0.49158653846153844 0.8473557692307693 0.18028846153846154 0.08413461538461539
0 0.5949519230769231 0.9170673076923077 0.13701923076923078 0.11298076923076923
0 0.6466346153846154 0.8413461538461539 0.11057692307692307 0.0673076923076923
0 0.7331730769230769 0.8798076923076923 0.15865384615384615 0.13942307692307693
0 0.7860576923076923 0.8161057692307693 0.09134615384615384 0.06971153846153846
0 0.9026442307692307 0.8076923076923077 0.18028846153846154 0.09134615384615384
0 0.8713942307692307 0.8930288461538461 0.14182692307692307 0.0889423076923077
0 0.9675480769230769 0.875 0.06009615384615385 0.07211538461538461
0 0.9194711538461539 0.9699519230769231 0.15144230769230768 0.06009615384615385
0 0.7536057692307693 0.9699519230769231 0.19471153846153846 0.06009615384615385
0 0.6117788461538461 0.9879807692307693 0.11778846153846154 0.02403846153846154
0 0.4723557692307692 0.96875 0.13221153846153846 0.0625
0 0.3918269230769231 0.9831730769230769 0.04326923076923077 0.038461538461538464
0 0.39903846153846156 0.9182692307692307 0.07211538461538461 0.07692307692307693
0 0.6730769230769231 0.5240384615384616 0.2692307692307692 0.2692307692307692
0 0.5108173076923077 0.5961538461538461 0.14182692307692307 0.22596153846153846
0 0.4411057692307692 0.59375 0.14182692307692307 0.32211538461538464
0 0.40625 0.4723557692307692 0.25 0.33413461538461536
0 0.5324519230769231 0.45913461538461536 0.3389423076923077 0.27403846153846156
0 0.6370192307692307 0.42788461538461536 0.3605769230769231 0.2403846153846154
0 0.6129807692307693 0.3641826923076923 0.4855769230769231 0.30528846153846156
0 0.8353365384615384 0.37259615384615385 0.22355769230769232 0.07692307692307693
0 0.4230769230769231 0.12980769230769232 0.25 0.17307692307692307
0 0.39663461538461536 0.03245192307692308 0.20673076923076922 0.05048076923076923
0 0.16706730769230768 0.08653846153846154 0.3293269230769231 0.16346153846153846
0 0.34134615384615385 0.27283653846153844 0.1971153846153846 0.12740384615384615
0 0.24879807692307693 0.27403846153846156 0.0985576923076923 0.0625
0 0.21153846153846154 0.19591346153846154 0.08653846153846154 0.06490384615384616
0 0.19951923076923078 0.21875 0.08653846153846154 0.04807692307692308
0 0.16466346153846154 0.27524038461538464 0.06009615384615385 0.036057692307692304
0 0.20793269230769232 0.3173076923076923 0.10336538461538461 0.07692307692307693
0 0.13221153846153846 0.19591346153846154 0.09134615384615384 0.06490384615384616
0 0.08533653846153846 0.2512019230769231 0.0985576923076923 0.05048076923076923
0 0.06490384615384616 0.21754807692307693 0.038461538461538464 0.036057692307692304
0 0.0733173076923077 0.29086538461538464 0.0985576923076923 0.04326923076923077
0 0.10576923076923077 0.3293269230769231 0.08653846153846154 0.0625
0 0.3076923076923077 0.8605769230769231 0.6105769230769231 0.27884615384615385
0 0.22956730769230768 0.7259615384615384 0.25721153846153844 0.16826923076923078
0 0.27884615384615385 0.5685096153846154 0.2692307692307692 0.17067307692307693
0 0.203125 0.4254807692307692 0.25721153846153844 0.15865384615384615
0 0.07932692307692307 0.35216346153846156 0.08653846153846154 0.05048076923076923
0 0.036057692307692304 0.296875 0.0673076923076923 0.07451923076923077
0 0.016826923076923076 0.3317307692307692 0.028846153846153848 0.057692307692307696
0 0.010817307692307692 0.28125 0.016826923076923076 0.04807692307692308
0 0.03125 0.37259615384615385 0.052884615384615384 0.0625
0 0.0625 0.3942307692307692 0.0673076923076923 0.038461538461538464
0 0.06490384615384616 0.35096153846153844 0.038461538461538464 0.04326923076923077
0 0.051682692307692304 0.48197115384615385 0.0985576923076923 0.15625
0 0.0733173076923077 0.640625 0.14182692307692307 0.15625
