0 0.8245192307692307 0.8798076923076923 0.21153846153846154 0.23076923076923078
0 0.8737980769230769 0.765625 0.25240384615384615 0.12740384615384615
0 0.7451923076923077 0.9134615384615384 0.1346153846153846 0.16826923076923078
0 0.6189903846153846 0.8786057692307693 0.19471153846153846 0.23798076923076922
0 0.6310096153846154 0.625 0.20432692307692307 0.27884615384615385
0 0.8605769230769231 0.6574519230769231 0.2644230769230769 0.12259615384615384
0 0.875 0.5949519230769231 0.25 0.2091346153846154
0 0.9182692307692307 0.5576923076923077 0.15865384615384615 0.0625
0 0.890625 0.4855769230769231 0.21875 0.08173076923076923
0 0.8052884615384616 0.4326923076923077 0.21153846153846154 0.10576923076923077
0 0.25961538461538464 0.8605769230769231 0.09615384615384616 0.27403846153846156
0 0.16346153846153846 0.8894230769230769 0.09615384615384616 0.20192307692307693
0 0.0889423076923077 0.8365384615384616 0.07692307692307693 0.22596153846153846
0 0.07091346153846154 0.9326923076923077 0.07451923076923077 0.11538461538461539
0 0.026442307692307692 0.8990384615384616 0.04807692307692308 0.1875
0 0.875 0.20432692307692307 0.10576923076923077 0.14423076923076922
0 0.9230769230769231 0.2668269230769231 0.09134615384615384 0.08653846153846154
0 0.9615384615384616 0.1971153846153846 0.0673076923076923 0.07692307692307693
0 0.90625 0.1310096153846154 0.08653846153846154 0.06971153846153846
0 0.8485576923076923 0.10096153846153846 0.038461538461538464 0.057692307692307696
0 0.8004807692307693 0.12740384615384615 0.08173076923076923 0.11057692307692307
0 0.7980769230769231 0.20432692307692307 0.04807692307692308 0.0625
0 0.7379807692307693 0.14903846153846154 0.04326923076923077 0.08173076923076923
0 0.7427884615384616 0.23317307692307693 0.0673076923076923 0.08653846153846154
0 0.8076923076923077 0.25961538461538464 0.08653846153846154 0.09134615384615384
0 0.9038461538461539 0.3317307692307692 0.12980769230769232 0.11057692307692307
0 0.7259615384615384 0.03125 0.08173076923076923 0.057692307692307696
0 0.7692307692307693 0.06370192307692307 0.07211538461538461 0.12259615384615384
0 0.6875 0.05048076923076923 0.038461538461538464 0.09134615384615384
0 0.6778846153846154 0.14182692307692307 0.07692307692307693 0.13942307692307693
0 0.9242788461538461 0.07572115384615384 0.15144230769230768 0.1466346153846154
0 0.5048076923076923 0.3918269230769231 0.052884615384615384 0.11538461538461539
0 0.4495192307692308 0.31009615384615385 0.0673076923076923 0.11538461538461539
0 0.43509615384615385 0.40024038461538464 0.07211538461538461 0.0985576923076923
0 0.375 0.28125 0.0625 0.08173076923076923
0 0.37259615384615385 0.37740384615384615 0.057692307692307696 0.11057692307692307
0 0.3245192307692308 0.3245192307692308 0.04807692307692308 0.07692307692307693
0 0.27403846153846156 0.3173076923076923 0.04326923076923077 0.10576923076923077
0 0.12620192307692307 0.1778846153846154 0.0889423076923077 0.13942307692307693
0 0.14182692307692307 0.6009615384615384 0.11538461538461539 0.16346153846153846
0 0.3088942307692308 0.6574519230769231 0.11298076923076923 0.18028846153846154
0 0.3004807692307692 0.5048076923076923 0.10096153846153846 0.15865384615384615
0 0.38461538461538464 0.5985576923076923 0.0673076923076923 0.15865384615384615
0 0.46634615384615385 0.6947115384615384 0.10096153846153846 0.13942307692307693
0 0.41586538461538464 0.6514423076923077 0.0673076923076923 0.11057692307692307
0 0.36778846153846156 0.8052884615384616 0.09615384615384616 0.1875
0 0.19951923076923078 0.6923076923076923 0.08653846153846154 0.14423076923076922
0 0.10216346153846154 0.6850961538461539 0.07451923076923077 0.08653846153846154
0 0.03125 0.78125 0.052884615384615384 0.10576923076923077
0 0.1778846153846154 0.7884615384615384 0.08653846153846154 0.09134615384615384
0 0.06971153846153846 0.4098557692307692 0.1346153846153846 0.6995192307692307
0 0.25961538461538464 0.45072115384615385 0.5144230769230769 0.8966346153846154
0 0.40865384615384615 0.875 0.14903846153846154 0.23076923076923078
0 0.5 0.8990384615384616 0.1346153846153846 0.1971153846153846
0 0.5276442307692307 0.49759615384615385 0.43028846153846156 0.1971153846153846
0 0.3245192307692308 0.1466346153846154 0.3798076923076923 0.28365384615384615
0 0.609375 0.040865384615384616 0.31490384615384615 0.07692307692307693
0 0.6274038461538461 0.1466346153846154 0.11057692307692307 0.1346153846153846
0 0.5480769230769231 0.13701923076923078 0.0625 0.1971153846153846
0 0.4951923076923077 0.2091346153846154 0.04326923076923077 0.08653846153846154
0 0.625 0.27163461538461536 0.14903846153846154 0.10576923076923077
0 0.6358173076923077 0.33653846153846156 0.19471153846153846 0.14423076923076922
0 0.7463942307692307 0.31009615384615385 0.12259615384615384 0.10576923076923077
