0 0.7223557692307693 0.609375 0.22355769230769232 0.12740384615384615
0 0.6346153846153846 0.7932692307692307 0.15865384615384615 0.11538461538461539
0 0.7259615384615384 0.9134615384615384 0.20192307692307693 0.14903846153846154
0 0.7596153846153846 0.46634615384615385 0.16826923076923078 0.1201923076923077
0 0.5384615384615384 0.4338942307692308 0.11057692307692307 0.08413461538461539
0 0.5012019230769231 0.5420673076923077 0.21875 0.14182692307692307
0 0.43028846153846156 0.40384615384615385 0.15384615384615385 0.10576923076923077
0 0.5240384615384616 0.2932692307692308 0.20192307692307693 0.13942307692307693
0 0.6466346153846154 0.3894230769230769 0.20673076923076922 0.14423076923076922
0 0.19951923076923078 0.43509615384615385 0.3942307692307692 0.41346153846153844
0 0.28125 0.7752403846153846 0.5576923076923077 0.4254807692307692
