0 0.8533653846153846 0.0829326923076923 0.1778846153846154 0.1466346153846154
0 0.9591346153846154 0.09134615384615384 0.08173076923076923 0.16346153846153846
0 0.8954326923076923 0.2283653846153846 0.15144230769230768 0.21634615384615385
0 0.9242788461538461 0.28846153846153844 0.15144230769230768 0.2548076923076923
0 0.8557692307692307 0.4879807692307692 0.18269230769230768 0.21634615384615385
0 0.9711538461538461 0.5036057692307693 0.057692307692307696 0.2091346153846154
0 0.8858173076923077 0.6358173076923077 0.13701923076923078 0.20432692307692307
0 0.9507211538461539 0.6814903846153846 0.0985576923076923 0.20432692307692307
0 0.7019230769230769 0.09375 0.14423076923076922 0.16826923076923078
0 0.7860576923076923 0.18269230769230768 0.07211538461538461 0.15865384615384615
0 0.6887019230769231 0.27884615384615385 0.15144230769230768 0.22596153846153846
0 0.7980769230769231 0.29927884615384615 0.09615384615384616 0.23317307692307693
0 0.7391826923076923 0.4326923076923077 0.04567307692307692 0.10096153846153846
0 0.7475961538461539 0.5913461538461539 0.1346153846153846 0.21634615384615385
0 0.8004807692307693 0.6802884615384616 0.08173076923076923 0.125
0 0.9038461538461539 0.828125 0.1201923076923077 0.18028846153846154
0 0.9807692307692307 0.8317307692307693 0.038461538461538464 0.10576923076923077
0 0.9543269230769231 0.9242788461538461 0.09615384615384616 0.15144230769230768
0 0.8305288461538461 0.9555288461538461 0.15625 0.0889423076923077
0 0.8016826923076923 0.8605769230769231 0.13701923076923078 0.21634615384615385
0 0.7019230769230769 0.7848557692307693 0.12980769230769232 0.17548076923076922
0 0.6514423076923077 0.8822115384615384 0.08653846153846154 0.15384615384615385
0 0.6682692307692307 0.9326923076923077 0.16346153846153846 0.1346153846153846
0 0.5685096153846154 0.9086538461538461 0.10817307692307693 0.16346153846153846
0 0.6370192307692307 0.6911057692307693 0.12980769230769232 0.27163461538461536
0 0.6153846153846154 0.46875 0.19230769230769232 0.28846153846153844
0 0.6021634615384616 0.24759615384615385 0.05048076923076923 0.12980769230769232
0 0.5360576923076923 0.13942307692307693 0.1971153846153846 0.25961538461538464
0 0.3329326923076923 0.12259615384615384 0.20432692307692307 0.22596153846153846
0 0.39783653846153844 0.24519230769230768 0.13701923076923078 0.21634615384615385
0 0.4963942307692308 0.3269230769230769 0.1658653846153846 0.22115384615384615
0 0.4639423076923077 0.46875 0.10096153846153846 0.1201923076923077
0 0.5072115384615384 0.6706730769230769 0.1971153846153846 0.35096153846153844
0 0.5264423076923077 0.8317307692307693 0.1346153846153846 0.09615384615384616
0 0.44591346153846156 0.8966346153846154 0.14182692307692307 0.20673076923076922
0 0.24519230769230768 0.2127403846153846 0.18269230769230768 0.30528846153846156
0 0.08774038461538461 0.0733173076923077 0.1658653846153846 0.13221153846153846
0 0.20432692307692307 0.036057692307692304 0.0673076923076923 0.057692307692307696
0 0.057692307692307696 0.056490384615384616 0.10576923076923077 0.0985576923076923
0 0.06129807692307692 0.171875 0.11298076923076923 0.13701923076923078
0 0.11057692307692307 0.15745192307692307 0.11538461538461539 0.14182692307692307
0 0.036057692307692304 0.26802884615384615 0.0673076923076923 0.07932692307692307
0 0.07091346153846154 0.34615384615384615 0.13221153846153846 0.2548076923076923
0 0.12259615384615384 0.5901442307692307 0.16826923076923078 0.27163461538461536
0 0.2512019230769231 0.4855769230769231 0.17548076923076922 0.2644230769230769
0 0.36538461538461536 0.44471153846153844 0.09615384615384616 0.21634615384615385
0 0.40384615384615385 0.5757211538461539 0.0673076923076923 0.14182692307692307
0 0.4074519230769231 0.7572115384615384 0.07451923076923077 0.09615384615384616
0 0.31490384615384615 0.6875 0.18269230769230768 0.28365384615384615
0 0.20552884615384615 0.6646634615384616 0.05048076923076923 0.11298076923076923
0 0.078125 0.7572115384615384 0.07451923076923077 0.08653846153846154
0 0.03245192307692308 0.6875 0.055288461538461536 0.19230769230769232
0 0.02283653846153846 0.5300480769230769 0.036057692307692304 0.13221153846153846
0 0.15504807692307693 0.36538461538461536 0.08413461538461539 0.15865384615384615
0 0.016826923076923076 0.8197115384615384 0.028846153846153848 0.09615384615384616
0 0.06610576923076923 0.9014423076923077 0.12740384615384615 0.20192307692307693
0 0.20192307692307693 0.84375 0.18269230769230768 0.23557692307692307
0 0.328125 0.8810096153846154 0.12259615384615384 0.14182692307692307
0 0.25600961538461536 0.953125 0.24278846153846154 0.09375
