0 0.27163461538461536 0.7079326923076923 0.5240384615384616 0.2764423076923077
0 0.036057692307692304 0.8870192307692307 0.052884615384615384 0.052884615384615384
0 0.054086538461538464 0.9639423076923077 0.0889423076923077 0.057692307692307696
0 0.6105769230769231 0.6706730769230769 0.25 0.34615384615384615
0 0.42788461538461536 0.8581730769230769 0.4807692307692308 0.20192307692307693
0 0.5324519230769231 0.9254807692307693 0.23798076923076922 0.10096153846153846
0 0.7836538461538461 0.8641826923076923 0.25 0.18990384615384615
0 0.8125 0.7536057692307693 0.1201923076923077 0.06009615384615385
0 0.7596153846153846 0.6322115384615384 0.16826923076923078 0.21634615384615385
0 0.9651442307692307 0.4723557692307692 0.06971153846153846 0.3485576923076923
0 0.8846153846153846 0.17427884615384615 0.23076923076923078 0.3389423076923077
0 0.265625 0.34375 0.5120192307692307 0.5673076923076923
0 0.5745192307692307 0.38221153846153844 0.3317307692307692 0.3798076923076923
0 0.4963942307692308 0.13341346153846154 0.6802884615384616 0.25721153846153844
3 0.057692307692307696 0.40625 0.09615384615384616 0.03365384615384615
