0 0.2800480769230769 0.33653846153846156 0.3389423076923077 0.6682692307692307
0 0.0889423076923077 0.2403846153846154 0.09134615384615384 0.2692307692307692
0 0.17307692307692307 0.5901442307692307 0.15384615384615385 0.4639423076923077
0 0.3894230769230769 0.28725961538461536 0.0673076923076923 0.14182692307692307
0 0.4110576923076923 0.5925480769230769 0.0625 0.3389423076923077
0 0.37740384615384615 0.8425480769230769 0.08173076923076923 0.3004807692307692
0 0.2776442307692308 0.8413461538461539 0.12740384615384615 0.3125
0 0.453125 0.8149038461538461 0.0985576923076923 0.36538461538461536
0 0.49278846153846156 0.9038461538461539 0.125 0.1875
0 0.7956730769230769 0.8197115384615384 0.12980769230769232 0.28846153846153844
0 0.6802884615384616 0.9423076923076923 0.18269230769230768 0.11057692307692307
0 0.6394230769230769 0.9182692307692307 0.12980769230769232 0.07211538461538461
0 0.6237980769230769 0.8293269230769231 0.06490384615384616 0.11057692307692307
0 0.7620192307692307 0.7067307692307693 0.12980769230769232 0.07692307692307693
0 0.6947115384615384 0.7644230769230769 0.1778846153846154 0.08173076923076923
0 0.7824519230769231 0.7956730769230769 0.08413461538461539 0.08653846153846154
0 0.8028846153846154 0.5420673076923077 0.20192307692307693 0.18028846153846154
0 0.6790865384615384 0.6586538461538461 0.30528846153846156 0.16346153846153846
0 0.6514423076923077 0.6057692307692307 0.12980769230769232 0.07211538461538461
0 0.5024038461538461 0.5240384615384616 0.1346153846153846 0.15865384615384615
0 0.5144230769230769 0.37740384615384615 0.052884615384615384 0.21153846153846154
0 0.49759615384615385 0.2620192307692308 0.11057692307692307 0.32211538461538464
0 0.6694711538461539 0.28725961538461536 0.30528846153846156 0.5697115384615384
