0 0.025240384615384616 0.026442307692307692 0.040865384615384616 0.04807692307692308
0 0.04807692307692308 0.07091346153846154 0.08653846153846154 0.10336538461538461
0 0.055288461538461536 0.16346153846153846 0.10096153846153846 0.09134615384615384
0 0.04447115384615385 0.25240384615384615 0.07932692307692307 0.08173076923076923
0 0.038461538461538464 0.30408653846153844 0.07211538461538461 0.05048076923076923
0 0.019230769230769232 0.3629807692307692 0.03365384615384615 0.0673076923076923
0 0.0673076923076923 0.4182692307692308 0.125 0.0673076923076923
0 0.10216346153846154 0.4387019230769231 0.19471153846153846 0.10817307692307693
0 0.1466346153846154 0.5120192307692307 0.24519230769230768 0.09615384615384616
0 0.3605769230769231 0.6394230769230769 0.14903846153846154 0.10576923076923077
0 0.11298076923076923 0.06009615384615385 0.08653846153846154 0.11538461538461539
0 0.17067307692307693 0.1310096153846154 0.11538461538461539 0.10817307692307693
0 0.1201923076923077 0.2283653846153846 0.08173076923076923 0.11538461538461539
0 0.1658653846153846 0.24879807692307693 0.11057692307692307 0.07932692307692307
0 0.22596153846153846 0.28125 0.1201923076923077 0.08173076923076923
0 0.2860576923076923 0.038461538461538464 0.1201923076923077 0.0673076923076923
0 0.24519230769230768 0.0889423076923077 0.08173076923076923 0.08173076923076923
0 0.18269230769230768 0.039663461538461536 0.07692307692307693 0.05048076923076923
0 0.18870192307692307 0.013221153846153846 0.0985576923076923 0.021634615384615384
0 0.30649038461538464 0.18870192307692307 0.13701923076923078 0.09375
0 0.3545673076923077 0.2920673076923077 0.13701923076923078 0.09375
0 0.4326923076923077 0.3701923076923077 0.11538461538461539 0.08173076923076923
0 0.3317307692307692 0.38461538461538464 0.11057692307692307 0.07692307692307693
0 0.29447115384615385 0.3557692307692308 0.13701923076923078 0.09134615384615384
0 0.19471153846153846 0.3485576923076923 0.0673076923076923 0.0673076923076923
0 0.28365384615384615 0.13822115384615385 0.08173076923076923 0.036057692307692304
0 0.3581730769230769 0.027644230769230768 0.04326923076923077 0.05048076923076923
0 0.3389423076923077 0.0673076923076923 0.07211538461538461 0.057692307692307696
0 0.4110576923076923 0.1201923076923077 0.14903846153846154 0.1201923076923077
0 0.43990384615384615 0.038461538461538464 0.12980769230769232 0.0673076923076923
0 0.4338942307692308 0.21875 0.14182692307692307 0.09134615384615384
0 0.4855769230769231 0.28966346153846156 0.14903846153846154 0.09375
0 0.4230769230769231 0.453125 0.12980769230769232 0.07932692307692307
0 0.33413461538461536 0.4855769230769231 0.08173076923076923 0.08653846153846154
0 0.2548076923076923 0.44711538461538464 0.11057692307692307 0.11057692307692307
0 0.34375 0.5625 0.125 0.07692307692307693
0 0.43028846153846156 0.5288461538461539 0.11057692307692307 0.07211538461538461
0 0.4495192307692308 0.5673076923076923 0.07211538461538461 0.04807692307692308
0 0.5216346153846154 0.5649038461538461 0.08653846153846154 0.057692307692307696
0 0.5432692307692307 0.53125 0.1201923076923077 0.0673076923076923
0 0.6334134615384616 0.5600961538461539 0.10336538461538461 0.07211538461538461
0 0.5841346153846154 0.5913461538461539 0.07211538461538461 0.038461538461538464
0 0.7103365384615384 0.53125 0.10336538461538461 0.057692307692307696
0 0.6454326923076923 0.5 0.13701923076923078 0.057692307692307696
0 0.7524038461538461 0.4699519230769231 0.12980769230769232 0.07932692307692307
0 0.6394230769230769 0.4423076923076923 0.125 0.07692307692307693
0 0.5396634615384616 0.46875 0.0985576923076923 0.052884615384615384
0 0.5420673076923077 0.39903846153846156 0.13701923076923078 0.09615384615384616
0 0.6658653846153846 0.3713942307692308 0.15865384615384615 0.07932692307692307
0 0.7572115384615384 0.3954326923076923 0.1201923076923077 0.06490384615384616
0 0.7692307692307693 0.31490384615384615 0.1875 0.10096153846153846
0 0.6105769230769231 0.3112980769230769 0.15384615384615385 0.07932692307692307
0 0.6478365384615384 0.23557692307692307 0.14182692307692307 0.07692307692307693
0 0.5913461538461539 0.20192307692307693 0.14903846153846154 0.12980769230769232
0 0.5504807692307693 0.125 0.15384615384615385 0.14423076923076922
0 0.5600961538461539 0.03125 0.12980769230769232 0.057692307692307696
0 0.6586538461538461 0.0625 0.15384615384615385 0.1201923076923077
0 0.6959134615384616 0.14903846153846154 0.0985576923076923 0.09134615384615384
0 0.7548076923076923 0.21153846153846154 0.11538461538461539 0.11057692307692307
0 0.7632211538461539 0.11298076923076923 0.0985576923076923 0.1346153846153846
