0 0.07932692307692307 0.5877403846153846 0.14423076923076922 0.35336538461538464
0 0.06129807692307692 0.5144230769230769 0.10817307692307693 0.2692307692307692
0 0.18509615384615385 0.5384615384615384 0.07692307692307693 0.2980769230769231
0 0.09134615384615384 0.22596153846153846 0.04807692307692308 0.13942307692307693
0 0.07451923076923077 0.11899038461538461 0.028846153846153848 0.0889423076923077
0 0.028846153846153848 0.1201923076923077 0.04807692307692308 0.04326923076923077
0 0.046875 0.18990384615384615 0.07932692307692307 0.11057692307692307
0 0.12740384615384615 0.09254807692307693 0.07692307692307693 0.1658653846153846
0 0.14182692307692307 0.22355769230769232 0.052884615384615384 0.1971153846153846
0 0.3798076923076923 0.0673076923076923 0.07211538461538461 0.11538461538461539
0 0.3293269230769231 0.038461538461538464 0.04807692307692308 0.0625
0 0.41346153846153844 0.057692307692307696 0.07211538461538461 0.10096153846153846
0 0.45552884615384615 0.051682692307692304 0.06490384615384616 0.0889423076923077
0 0.5144230769230769 0.06971153846153846 0.04807692307692308 0.1201923076923077
0 0.5504807692307693 0.06370192307692307 0.02403846153846154 0.055288461538461536
0 0.5637019230769231 0.02403846153846154 0.036057692307692304 0.03365384615384615
0 0.6286057692307693 0.02403846153846154 0.06490384615384616 0.03365384615384615
0 0.25240384615384615 0.17067307692307693 0.21634615384615385 0.3269230769230769
0 0.2956730769230769 0.3329326923076923 0.1778846153846154 0.09375
0 0.39663461538461536 0.25600961538461536 0.0625 0.0889423076923077
0 0.4326923076923077 0.19951923076923078 0.0625 0.08173076923076923
0 0.2692307692307692 0.43990384615384615 0.028846153846153848 0.04326923076923077
0 0.22355769230769232 0.8461538461538461 0.20673076923076922 0.25961538461538464
0 0.17307692307692307 0.8870192307692307 0.22115384615384615 0.23076923076923078
0 0.04807692307692308 0.84375 0.08173076923076923 0.15384615384615385
0 0.025240384615384616 0.9627403846153846 0.040865384615384616 0.07451923076923077
0 0.07211538461538461 0.9567307692307693 0.0625 0.08653846153846154
0 0.3088942307692308 0.40865384615384615 0.021634615384615384 0.028846153846153848
0 0.2860576923076923 0.40865384615384615 0.019230769230769232 0.028846153846153848
0 0.3016826923076923 0.4338942307692308 0.021634615384615384 0.021634615384615384
0 0.30288461538461536 0.46153846153846156 0.019230769230769232 0.04326923076923077
0 0.2860576923076923 0.4723557692307692 0.019230769230769232 0.021634615384615384
0 0.2860576923076923 0.49759615384615385 0.014423076923076924 0.028846153846153848
0 0.2692307692307692 0.4831730769230769 0.014423076923076924 0.03365384615384615
0 0.25721153846153844 0.4675480769230769 0.019230769230769232 0.021634615384615384
0 0.33774038461538464 0.41225961538461536 0.021634615384615384 0.021634615384615384
0 0.34375 0.4423076923076923 0.03365384615384615 0.028846153846153848
0 0.3545673076923077 0.4699519230769231 0.021634615384615384 0.016826923076923076
0 0.46875 0.8990384615384616 0.04807692307692308 0.10096153846153846
0 0.3389423076923077 0.6802884615384616 0.03365384615384615 0.038461538461538464
0 0.3173076923076923 0.7091346153846154 0.019230769230769232 0.03365384615384615
0 0.4951923076923077 0.9423076923076923 0.028846153846153848 0.0673076923076923
0 0.4375 0.9495192307692307 0.0625 0.038461538461538464
0 0.5480769230769231 0.5552884615384616 0.13942307692307693 0.22115384615384615
0 0.4266826923076923 0.7427884615384616 0.15144230769230768 0.1778846153846154
0 0.4182692307692308 0.5961538461538461 0.16346153846153846 0.15865384615384615
0 0.5985576923076923 0.8509615384615384 0.0673076923076923 0.04807692307692308
0 0.6225961538461539 0.7620192307692307 0.02403846153846154 0.11538461538461539
0 0.5649038461538461 0.7019230769230769 0.11538461538461539 0.07211538461538461
0 0.5504807692307693 0.38341346153846156 0.02403846153846154 0.055288461538461536
0 0.5240384615384616 0.40625 0.028846153846153848 0.04326923076923077
0 0.5120192307692307 0.44591346153846156 0.038461538461538464 0.055288461538461536
0 0.4735576923076923 0.4014423076923077 0.04807692307692308 0.07692307692307693
0 0.5853365384615384 0.36538461538461536 0.036057692307692304 0.08173076923076923
0 0.5264423076923077 0.37259615384615385 0.15384615384615385 0.21153846153846154
0 0.6346153846153846 0.23197115384615385 0.0673076923076923 0.20432692307692307
0 0.6802884615384616 0.2091346153846154 0.07211538461538461 0.15865384615384615
0 0.7451923076923077 0.18990384615384615 0.0673076923076923 0.14423076923076922
0 0.8293269230769231 0.7884615384615384 0.09615384615384616 0.14423076923076922
0 0.96875 0.8870192307692307 0.0625 0.16826923076923078
0 0.9086538461538461 0.7283653846153846 0.07692307692307693 0.11538461538461539
0 0.8161057692307693 0.27163461538461536 0.036057692307692304 0.13942307692307693
0 0.8161057692307693 0.07932692307692307 0.036057692307692304 0.14423076923076922
0 0.9663461538461539 0.07091346153846154 0.028846153846153848 0.12740384615384615
0 0.9543269230769231 0.2548076923076923 0.02403846153846154 0.11538461538461539
0 0.9615384615384616 0.4543269230769231 0.07692307692307693 0.20673076923076922
0 0.9771634615384616 0.6033653846153846 0.04567307692307692 0.11057692307692307
0 0.7403846153846154 0.9362980769230769 0.12980769230769232 0.055288461538461536
0 0.6225961538461539 0.9206730769230769 0.07211538461538461 0.03365384615384615
0 0.5697115384615384 0.9278846153846154 0.0673076923076923 0.0625
0 0.6430288461538461 0.9543269230769231 0.021634615384615384 0.03365384615384615
0 0.625 0.9735576923076923 0.04326923076923077 0.04807692307692308
0 0.59375 0.9699519230769231 0.019230769230769232 0.021634615384615384
0 0.6382211538461539 0.9867788461538461 0.05048076923076923 0.026442307692307692
0 0.5408653846153846 0.8581730769230769 0.052884615384615384 0.0673076923076923
0 0.5637019230769231 0.9014423076923077 0.05048076923076923 0.038461538461538464
0 0.6298076923076923 0.8894230769230769 0.057692307692307696 0.028846153846153848
0 0.640625 0.8473557692307693 0.021634615384615384 0.055288461538461536
0 0.8473557692307693 0.5360576923076923 0.15144230769230768 0.33653846153846156
