0 0.7355769230769231 0.25 0.5288461538461539 0.4375
0 0.7896634615384616 0.5492788461538461 0.35336538461538464 0.27163461538461536
0 0.8533653846153846 0.7019230769230769 0.15865384615384615 0.15384615384615385
0 0.3004807692307692 0.8930288461538461 0.5961538461538461 0.2091346153846154
0 0.08052884615384616 0.7596153846153846 0.15625 0.2692307692307692
0 0.27283653846153844 0.23197115384615385 0.2620192307692308 0.3918269230769231
0 0.4206730769230769 0.12620192307692307 0.20673076923076922 0.24759615384615385
0 0.12379807692307693 0.0625 0.17067307692307693 0.1201923076923077
0 0.24158653846153846 0.03245192307692308 0.17067307692307693 0.06009615384615385
0 0.4375 0.4855769230769231 0.0625 0.08173076923076923
0 0.4723557692307692 0.5564903846153846 0.05048076923076923 0.12740384615384615
0 0.43509615384615385 0.5757211538461539 0.057692307692307696 0.10817307692307693
0 0.39663461538461536 0.5901442307692307 0.052884615384615384 0.10336538461538461
0 0.37740384615384615 0.6598557692307693 0.08173076923076923 0.0985576923076923
0 0.421875 0.7151442307692307 0.06009615384615385 0.09375
0 0.4807692307692308 0.6971153846153846 0.07692307692307693 0.1201923076923077
0 0.5492788461538461 0.7355769230769231 0.06490384615384616 0.1201923076923077
0 0.5865384615384616 0.7451923076923077 0.0625 0.1201923076923077
0 0.47716346153846156 0.7596153846153846 0.055288461538461536 0.09134615384615384
0 0.4182692307692308 0.7716346153846154 0.04807692307692308 0.038461538461538464
0 0.34375 0.7295673076923077 0.08173076923076923 0.0985576923076923
0 0.3329326923076923 0.625 0.06490384615384616 0.12980769230769232
0 0.3293269230769231 0.5745192307692307 0.07692307692307693 0.08173076923076923
0 0.26802884615384615 0.6310096153846154 0.07932692307692307 0.0985576923076923
0 0.22235576923076922 0.5817307692307693 0.055288461538461536 0.11057692307692307
0 0.22355769230769232 0.6995192307692307 0.09134615384615384 0.11538461538461539
0 0.2692307692307692 0.7620192307692307 0.0673076923076923 0.07692307692307693
0 0.20793269230769232 0.78125 0.06971153846153846 0.09134615384615384
0 0.16346153846153846 0.7151442307692307 0.028846153846153848 0.10336538461538461
