0 0.10216346153846154 0.5264423076923077 0.14182692307692307 0.1971153846153846
0 0.19951923076923078 0.4326923076923077 0.10096153846153846 0.125
0 0.2776442307692308 0.30528846153846156 0.11298076923076923 0.15865384615384615
0 0.3485576923076923 0.3125 0.04326923076923077 0.11538461538461539
0 0.39302884615384615 0.1971153846153846 0.0985576923076923 0.125
0 0.47596153846153844 0.23317307692307693 0.08173076923076923 0.08653846153846154
0 0.5060096153846154 0.31490384615384615 0.0985576923076923 0.16346153846153846
0 0.41346153846153844 0.28125 0.08173076923076923 0.08653846153846154
0 0.41466346153846156 0.38461538461538464 0.12740384615384615 0.16346153846153846
0 0.4891826923076923 0.4230769230769231 0.036057692307692304 0.052884615384615384
0 0.375 0.4423076923076923 0.0673076923076923 0.16826923076923078
0 0.3004807692307692 0.4326923076923077 0.11057692307692307 0.15865384615384615
0 0.2548076923076923 0.53125 0.14903846153846154 0.20192307692307693
0 0.18028846153846154 0.6814903846153846 0.1201923076923077 0.21875
0 0.09615384615384616 0.6598557692307693 0.0673076923076923 0.0985576923076923
0 0.265625 0.7704326923076923 0.15625 0.22355769230769232
0 0.39302884615384615 0.8942307692307693 0.15625 0.20673076923076922
0 0.5396634615384616 0.9567307692307693 0.14182692307692307 0.08173076923076923
0 0.6466346153846154 0.9158653846153846 0.14423076923076922 0.16346153846153846
0 0.7872596153846154 0.9290865384615384 0.12740384615384615 0.13701923076923078
0 0.8004807692307693 0.8100961538461539 0.13942307692307693 0.16826923076923078
0 0.8557692307692307 0.6442307692307693 0.10576923076923077 0.19230769230769232
0 0.8293269230769231 0.4807692307692308 0.1346153846153846 0.15865384615384615
0 0.7548076923076923 0.41346153846153844 0.0673076923076923 0.12980769230769232
0 0.7475961538461539 0.6310096153846154 0.13942307692307693 0.21875
0 0.6670673076923077 0.75 0.15625 0.23557692307692307
0 0.5865384615384616 0.8088942307692307 0.0625 0.10336538461538461
0 0.5072115384615384 0.8389423076923077 0.1346153846153846 0.1875
0 0.546875 0.6838942307692307 0.12740384615384615 0.18028846153846154
0 0.625 0.5600961538461539 0.11057692307692307 0.17307692307692307
0 0.7295673076923077 0.5360576923076923 0.0985576923076923 0.11538461538461539
0 0.6682692307692307 0.40384615384615385 0.11538461538461539 0.16826923076923078
0 0.625 0.3629807692307692 0.07211538461538461 0.11057692307692307
0 0.5721153846153846 0.31971153846153844 0.052884615384615384 0.08653846153846154
0 0.5625 0.44471153846153844 0.10096153846153846 0.15384615384615385
0 0.5456730769230769 0.5408653846153846 0.052884615384615384 0.11538461538461539
0 0.47115384615384615 0.5432692307692307 0.12980769230769232 0.1971153846153846
0 0.38221153846153844 0.5757211538461539 0.07692307692307693 0.0985576923076923
0 0.40384615384615385 0.7067307692307693 0.14423076923076922 0.16346153846153846
0 0.2932692307692308 0.6454326923076923 0.11538461538461539 0.10336538461538461
0 0.3473557692307692 0.5456730769230769 0.05048076923076923 0.125
4 0.8004807692307693 0.15264423076923078 0.39903846153846156 0.3004807692307692
4 0.9290865384615384 0.8689903846153846 0.14182692307692307 0.25721153846153844
4 0.9519230769230769 0.5240384615384616 0.09615384615384616 0.4326923076923077
4 0.84375 0.359375 0.1201923076923077 0.0985576923076923
4 0.5 0.0733173076923077 0.21153846153846154 0.14182692307692307
4 0.5396634615384616 0.1778846153846154 0.12740384615384615 0.052884615384615384
4 0.5673076923076923 0.2403846153846154 0.07211538461538461 0.07211538461538461
4 0.11778846153846154 0.14302884615384615 0.23076923076923078 0.28125
4 0.2860576923076923 0.1310096153846154 0.11057692307692307 0.25721153846153844
4 0.36778846153846156 0.07091346153846154 0.057692307692307696 0.13701923076923078
4 0.07692307692307693 0.3629807692307692 0.14903846153846154 0.15384615384615385
4 0.18389423076923078 0.3293269230769231 0.06490384615384616 0.08173076923076923
4 0.0985576923076923 0.8966346153846154 0.19230769230769232 0.20192307692307693
4 0.2548076923076923 0.9543269230769231 0.11538461538461539 0.08653846153846154
4 0.32572115384615385 0.9735576923076923 0.021634615384615384 0.04807692307692308
4 0.35096153846153844 0.9867788461538461 0.028846153846153848 0.021634615384615384
4 0.2127403846153846 0.875 0.036057692307692304 0.08173076923076923
4 0.2512019230769231 0.8942307692307693 0.036057692307692304 0.03365384615384615
4 0.04326923076923077 0.734375 0.08173076923076923 0.12259615384615384
4 0.10817307692307693 0.7644230769230769 0.04326923076923077 0.07211538461538461
4 0.14423076923076922 0.7788461538461539 0.028846153846153848 0.03365384615384615
4 0.020432692307692308 0.6514423076923077 0.036057692307692304 0.038461538461538464
4 0.013221153846153846 0.6141826923076923 0.021634615384615384 0.021634615384615384
4 0.016826923076923076 0.53125 0.028846153846153848 0.16826923076923078
