0 0.7980769230769231 0.4375 0.3557692307692308 0.28365384615384615
0 0.6538461538461539 0.2548076923076923 0.33653846153846156 0.2932692307692308
0 0.37259615384615385 0.14903846153846154 0.3269230769230769 0.28365384615384615
0 0.6153846153846154 0.030048076923076924 0.25 0.04567307692307692
0 0.16826923076923078 0.0889423076923077 0.22596153846153846 0.16346153846153846
0 0.21394230769230768 0.2932692307692308 0.21153846153846154 0.25
0 0.3581730769230769 0.4675480769230769 0.3269230769230769 0.29086538461538464
0 0.45913461538461536 0.3293269230769231 0.13942307692307693 0.15384615384615385
0 0.6009615384615384 0.5240384615384616 0.22115384615384615 0.2692307692307692
0 0.7596153846153846 0.7199519230769231 0.28846153846153844 0.23798076923076922
0 0.47115384615384615 0.7776442307692307 0.3173076923076923 0.2860576923076923
0 0.4014423076923077 0.6706730769230769 0.22596153846153846 0.125
0 0.20192307692307693 0.6971153846153846 0.24519230769230768 0.35096153846153844
0 0.15144230769230768 0.453125 0.125 0.13701923076923078
0 0.38100961538461536 0.8966346153846154 0.38221153846153844 0.20673076923076922
0 0.6442307692307693 0.8497596153846154 0.18269230769230768 0.11778846153846154
