0 0.10216346153846154 0.26322115384615385 0.12259615384615384 0.17067307692307693
0 0.09615384615384616 0.36778846153846156 0.1778846153846154 0.20673076923076922
0 0.22956730769230768 0.2932692307692308 0.13221153846153846 0.19230769230769232
0 0.14543269230769232 0.4879807692307692 0.1466346153846154 0.1346153846153846
0 0.21153846153846154 0.43149038461538464 0.07692307692307693 0.09375
0 0.2824519230769231 0.4495192307692308 0.0889423076923077 0.14903846153846154
0 0.2764423076923077 0.5649038461538461 0.13942307692307693 0.14423076923076922
0 0.39663461538461536 0.5805288461538461 0.11057692307692307 0.10336538461538461
0 0.37259615384615385 0.6814903846153846 0.16826923076923078 0.18028846153846154
0 0.5096153846153846 0.5973557692307693 0.1201923076923077 0.17067307692307693
0 0.4639423076923077 0.4795673076923077 0.10096153846153846 0.17067307692307693
0 0.5168269230769231 0.6682692307692307 0.09615384615384616 0.0625
0 0.6237980769230769 0.6225961538461539 0.12740384615384615 0.15384615384615385
0 0.6826923076923077 0.6706730769230769 0.15865384615384615 0.20192307692307693
0 0.7319711538461539 0.5084134615384616 0.14182692307692307 0.15625
0 0.6021634615384616 0.4098557692307692 0.14182692307692307 0.17548076923076922
0 0.5793269230769231 0.49759615384615385 0.13942307692307693 0.125
0 0.6418269230769231 0.5096153846153846 0.0625 0.08653846153846154
0 0.5072115384615384 0.3581730769230769 0.13942307692307693 0.14423076923076922
0 0.3629807692307692 0.35336538461538464 0.1346153846153846 0.34134615384615385
0 0.4807692307692308 0.21394230769230768 0.17307692307692307 0.22596153846153846
0 0.6382211538461539 0.2283653846153846 0.1466346153846154 0.20192307692307693
0 0.6947115384615384 0.3485576923076923 0.11538461538461539 0.16346153846153846
0 0.8197115384615384 0.5036057692307693 0.08173076923076923 0.11298076923076923
0 0.7908653846153846 0.41586538461538464 0.13942307692307693 0.14423076923076922
0 0.8485576923076923 0.328125 0.07692307692307693 0.11298076923076923
0 0.7776442307692307 0.24519230769230768 0.14182692307692307 0.20673076923076922
0 0.8725961538461539 0.18028846153846154 0.15384615384615385 0.20192307692307693
0 0.9375 0.2692307692307692 0.125 0.2548076923076923
0 0.8485576923076923 0.33052884615384615 0.07692307692307693 0.10817307692307693
0 0.9194711538461539 0.40865384615384615 0.10817307692307693 0.08653846153846154
1 0.3641826923076923 0.3918269230769231 0.1466346153846154 0.5
