0 0.2776442307692308 0.23197115384615385 0.15144230769230768 0.1466346153846154
0 0.21875 0.296875 0.22596153846153846 0.20432692307692307
0 0.3629807692307692 0.7908653846153846 0.28365384615384615 0.22596153846153846
0 0.18028846153846154 0.5576923076923077 0.28365384615384615 0.30288461538461536
0 0.23557692307692307 0.5204326923076923 0.17307692307692307 0.2620192307692308
0 0.31490384615384615 0.47596153846153844 0.15865384615384615 0.17307692307692307
0 0.40384615384615385 0.6153846153846154 0.16826923076923078 0.1346153846153846
0 0.5480769230769231 0.4951923076923077 0.24519230769230768 0.2403846153846154
0 0.4735576923076923 0.40384615384615385 0.16826923076923078 0.22115384615384615
0 0.4639423076923077 0.34615384615384615 0.15384615384615385 0.1875
0 0.43509615384615385 0.31009615384615385 0.2403846153846154 0.22115384615384615
0 0.5865384615384616 0.3389423076923077 0.16346153846153846 0.16346153846153846
0 0.6802884615384616 0.3293269230769231 0.10096153846153846 0.19230769230769232
0 0.6610576923076923 0.3485576923076923 0.22115384615384615 0.21634615384615385
0 0.7764423076923077 0.34375 0.09615384615384616 0.22596153846153846
0 0.8653846153846154 0.39783653846153844 0.1971153846153846 0.3293269230769231
0 0.7548076923076923 0.5276442307692307 0.1875 0.14182692307692307
0 0.7644230769230769 0.59375 0.2980769230769231 0.07211538461538461
0 0.7271634615384616 0.6262019230769231 0.31971153846153844 0.0889423076923077
0 0.8774038461538461 0.6322115384615384 0.04326923076923077 0.18269230769230768
0 0.8870192307692307 0.8028846153846154 0.16826923076923078 0.15865384615384615
0 0.7800480769230769 0.7223557692307693 0.15144230769230768 0.15144230769230768
0 0.71875 0.7632211538461539 0.10576923076923077 0.25721153846153844
0 0.5913461538461539 0.6802884615384616 0.19230769230769232 0.1201923076923077
0 0.5985576923076923 0.7908653846153846 0.1971153846153846 0.15865384615384615
