0 0.6670673076923077 0.4855769230769231 0.3581730769230769 0.21153846153846154
0 0.6358173076923077 0.375 0.4735576923076923 0.2980769230769231
0 0.8545673076923077 0.3870192307692308 0.10336538461538461 0.1201923076923077
0 0.8137019230769231 0.23798076923076922 0.20432692307692307 0.20192307692307693
0 0.6586538461538461 0.2091346153846154 0.28846153846153844 0.3076923076923077
0 0.5168269230769231 0.7536057692307693 0.1201923076923077 0.17067307692307693
0 0.8713942307692307 0.43509615384615385 0.25721153846153844 0.23557692307692307
0 0.4483173076923077 0.8052884615384616 0.10336538461538461 0.19230769230769232
0 0.3641826923076923 0.7908653846153846 0.1466346153846154 0.14423076923076922
0 0.3076923076923077 0.7139423076923077 0.1778846153846154 0.20673076923076922
0 0.4266826923076923 0.6382211538461539 0.10817307692307693 0.18509615384615385
0 0.35216346153846156 0.5048076923076923 0.1466346153846154 0.21153846153846154
0 0.27524038461538464 0.5973557692307693 0.0889423076923077 0.10817307692307693
0 0.21514423076923078 0.6502403846153846 0.10817307692307693 0.18028846153846154
0 0.13701923076923078 0.5865384615384616 0.2692307692307692 0.20673076923076922
