0 0.14182692307692307 0.8485576923076923 0.2692307692307692 0.2980769230769231
0 0.10576923076923077 0.6334134615384616 0.1971153846153846 0.24278846153846154
0 0.20673076923076922 0.4254807692307692 0.34134615384615385 0.2692307692307692
0 0.13341346153846154 0.2091346153846154 0.1658653846153846 0.23557692307692307
0 0.27884615384615385 0.08774038461538461 0.18269230769230768 0.17067307692307693
0 0.24879807692307693 0.22956730769230768 0.0889423076923077 0.17548076923076922
0 0.3293269230769231 0.24519230769230768 0.14423076923076922 0.1971153846153846
0 0.4014423076923077 0.14543269230769232 0.12980769230769232 0.10817307692307693
0 0.45552884615384615 0.23677884615384615 0.10817307692307693 0.10817307692307693
0 0.46033653846153844 0.13701923076923078 0.05048076923076923 0.052884615384615384
0 0.5 0.14903846153846154 0.0673076923076923 0.08653846153846154
0 0.5456730769230769 0.2091346153846154 0.09615384615384616 0.16346153846153846
0 0.5564903846153846 0.11298076923076923 0.0889423076923077 0.08653846153846154
0 0.6394230769230769 0.12980769230769232 0.08653846153846154 0.0673076923076923
0 0.6394230769230769 0.20432692307692307 0.10096153846153846 0.1346153846153846
0 0.43990384615384615 0.37259615384615385 0.15384615384615385 0.19230769230769232
0 0.39663461538461536 0.6754807692307693 0.38461538461538464 0.49038461538461536
0 0.47596153846153844 0.9615384615384616 0.23557692307692307 0.07211538461538461
0 0.7259615384615384 0.8221153846153846 0.33653846153846156 0.35096153846153844
0 0.6610576923076923 0.5420673076923077 0.1971153846153846 0.25240384615384615
0 0.8689903846153846 0.5709134615384616 0.2283653846153846 0.31971153846153844
0 0.9375 0.7247596153846154 0.12980769230769232 0.5360576923076923
0 0.7139423076923077 0.39903846153846156 0.4182692307692308 0.27884615384615385
0 0.8149038461538461 0.28365384615384615 0.125 0.1201923076923077
0 0.8389423076923077 0.2283653846153846 0.32211538461538464 0.3894230769230769
