0 0.5985576923076923 0.21875 0.35096153846153844 0.22115384615384615
0 0.7620192307692307 0.09615384615384616 0.3076923076923077 0.1778846153846154
0 0.20192307692307693 0.07091346153846154 0.3317307692307692 0.12740384615384615
0 0.06971153846153846 0.11298076923076923 0.1201923076923077 0.14903846153846154
0 0.1466346153846154 0.2668269230769231 0.27884615384615385 0.2644230769230769
0 0.2692307692307692 0.44350961538461536 0.3317307692307692 0.21875
0 0.3894230769230769 0.29927884615384615 0.20192307692307693 0.17067307692307693
0 0.609375 0.4579326923076923 0.3389423076923077 0.23317307692307693
0 0.7644230769230769 0.29086538461538464 0.19230769230769232 0.1875
0 0.8810096153846154 0.5228365384615384 0.23798076923076922 0.2283653846153846
0 0.9266826923076923 0.29447115384615385 0.1466346153846154 0.27163461538461536
0 0.7355769230769231 0.6875 0.3076923076923077 0.22115384615384615
0 0.5168269230769231 0.6057692307692307 0.15384615384615385 0.11057692307692307
0 0.375 0.7055288461538461 0.3269230769230769 0.24759615384615385
0 0.11057692307692307 0.6346153846153846 0.20192307692307693 0.18269230769230768
0 0.11538461538461539 0.8004807692307693 0.21153846153846154 0.16346153846153846
0 0.23557692307692307 0.9086538461538461 0.25961538461538464 0.18269230769230768
0 0.046875 0.9194711538461539 0.07932692307692307 0.16105769230769232
0 0.5432692307692307 0.9230769230769231 0.3269230769230769 0.15865384615384615
0 0.5865384615384616 0.8004807692307693 0.16346153846153846 0.1778846153846154
0 0.7872596153846154 0.890625 0.22355769230769232 0.17548076923076922
0 0.9375 0.7295673076923077 0.125 0.20432692307692307
0 0.90625 0.8798076923076923 0.09134615384615384 0.17307692307692307
0 0.7932692307692307 0.9867788461538461 0.13942307692307693 0.026442307692307692
0 0.48197115384615385 0.11298076923076923 0.22355769230769232 0.125
