0 0.3389423076923077 0.34375 0.21153846153846154 0.2692307692307692
0 0.18629807692307693 0.4879807692307692 0.3581730769230769 0.3605769230769231
0 0.12620192307692307 0.71875 0.23798076923076922 0.3798076923076923
0 0.31009615384615385 0.7860576923076923 0.16826923076923078 0.27884615384615385
0 0.3737980769230769 0.6802884615384616 0.21875 0.22115384615384615
0 0.39663461538461536 0.65625 0.2644230769230769 0.33653846153846156
0 0.5252403846153846 0.4735576923076923 0.25721153846153844 0.33653846153846156
0 0.5769230769230769 0.2644230769230769 0.21634615384615385 0.14903846153846154
0 0.8173076923076923 0.3629807692307692 0.2644230769230769 0.28846153846153844
0 0.6742788461538461 0.5865384615384616 0.28125 0.3798076923076923
0 0.5444711538461539 0.8197115384615384 0.23798076923076922 0.2932692307692308
0 0.7992788461538461 0.7764423076923077 0.2620192307692308 0.2692307692307692
0 0.9146634615384616 0.5925480769230769 0.17067307692307693 0.2860576923076923
0 0.9206730769230769 0.8233173076923077 0.15865384615384615 0.21875
