0 0.6814903846153846 0.1346153846153846 0.06009615384615385 0.038461538461538464
0 0.12620192307692307 0.038461538461538464 0.06490384615384616 0.038461538461538464
0 0.042067307692307696 0.1971153846153846 0.07451923076923077 0.052884615384615384
0 0.04567307692307692 0.25240384615384615 0.08173076923076923 0.057692307692307696
0 0.0625 0.1778846153846154 0.07211538461538461 0.02403846153846154
0 0.3701923076923077 0.03365384615384615 0.10096153846153846 0.057692307692307696
0 0.2860576923076923 0.6754807692307693 0.5288461538461539 0.16826923076923078
0 0.234375 0.5504807692307693 0.31009615384615385 0.09134615384615384
0 0.42908653846153844 0.578125 0.0889423076923077 0.05048076923076923
0 0.5625 0.5829326923076923 0.15384615384615385 0.026442307692307692
0 0.6754807692307693 0.5240384615384616 0.04807692307692308 0.04326923076923077
0 0.7788461538461539 0.4951923076923077 0.07692307692307693 0.04807692307692308
0 0.8461538461538461 0.4639423076923077 0.07692307692307693 0.04326923076923077
0 0.125 0.44350961538461536 0.22115384615384615 0.11298076923076923
0 0.31490384615384615 0.43028846153846156 0.23076923076923078 0.08653846153846154
0 0.4338942307692308 0.3918269230769231 0.16105769230769232 0.10096153846153846
3 0.4651442307692308 0.5769230769230769 0.06490384615384616 0.08653846153846154
