0 0.38341346153846156 0.25961538461538464 0.09375 0.15384615384615385
0 0.31971153846153844 0.37740384615384615 0.1201923076923077 0.16826923076923078
0 0.33413461538461536 0.5216346153846154 0.08173076923076923 0.12980769230769232
0 0.27403846153846156 0.6045673076923077 0.08653846153846154 0.38221153846153844
0 0.2692307692307692 0.9026442307692307 0.07692307692307693 0.19471153846153846
0 0.13341346153846154 0.5036057692307693 0.25721153846153844 0.9927884615384616
0 0.2403846153846154 0.10576923076923077 0.23557692307692307 0.1971153846153846
0 0.4567307692307692 0.23557692307692307 0.08653846153846154 0.14903846153846154
0 0.5132211538461539 0.22235576923076922 0.07932692307692307 0.14182692307692307
0 0.41947115384615385 0.15985576923076922 0.09375 0.10336538461538461
0 0.4567307692307692 0.38461538461538464 0.11057692307692307 0.15384615384615385
0 0.4831730769230769 0.32211538461538464 0.07692307692307693 0.08173076923076923
0 0.4495192307692308 0.5264423076923077 0.0673076923076923 0.11057692307692307
0 0.3918269230769231 0.4795673076923077 0.0625 0.0985576923076923
0 0.39663461538461536 0.5576923076923077 0.04807692307692308 0.08173076923076923
0 0.5528846153846154 0.44471153846153844 0.07692307692307693 0.16346153846153846
0 0.5120192307692307 0.5721153846153846 0.09134615384615384 0.15384615384615385
0 0.4879807692307692 0.7019230769230769 0.057692307692307696 0.11057692307692307
0 0.42788461538461536 0.6694711538461539 0.057692307692307696 0.14182692307692307
0 0.39903846153846156 0.75 0.08653846153846154 0.14903846153846154
0 0.3317307692307692 0.7235576923076923 0.0673076923076923 0.11057692307692307
0 0.3125 0.6201923076923077 0.08173076923076923 0.11057692307692307
0 0.38341346153846156 0.6394230769230769 0.05048076923076923 0.09134615384615384
0 0.4495192307692308 0.7980769230769231 0.057692307692307696 0.08173076923076923
0 0.3798076923076923 0.9002403846153846 0.08653846153846154 0.0985576923076923
0 0.3425480769230769 0.8533653846153846 0.10817307692307693 0.15865384615384615
0 0.5204326923076923 0.7608173076923077 0.07932692307692307 0.13701923076923078
0 0.5540865384615384 0.6634615384615384 0.06490384615384616 0.1201923076923077
0 0.5348557692307693 0.8221153846153846 0.09375 0.12980769230769232
0 0.4963942307692308 0.9411057692307693 0.0985576923076923 0.11778846153846154
0 0.5925480769230769 0.9459134615384616 0.09375 0.10817307692307693
0 0.5985576923076923 0.8557692307692307 0.08173076923076923 0.12980769230769232
0 0.6514423076923077 0.7824519230769231 0.10096153846153846 0.13701923076923078
0 0.5985576923076923 0.7259615384615384 0.0625 0.125
0 0.6045673076923077 0.5997596153846154 0.09375 0.14182692307692307
0 0.5985576923076923 0.453125 0.0625 0.13701923076923078
0 0.6490384615384616 0.36658653846153844 0.09134615384615384 0.13701923076923078
0 0.5793269230769231 0.25721153846153844 0.08653846153846154 0.14903846153846154
0 0.6310096153846154 0.08653846153846154 0.07932692307692307 0.125
0 0.7067307692307693 0.15625 0.11538461538461539 0.1875
0 0.7463942307692307 0.2247596153846154 0.09375 0.13701923076923078
0 0.5925480769230769 0.10336538461538461 0.09375 0.19230769230769232
0 0.9314903846153846 0.9375 0.13701923076923078 0.125
0 0.9783653846153846 0.9879807692307693 0.04326923076923077 0.028846153846153848
0 0.9567307692307693 0.8846153846153846 0.0673076923076923 0.09134615384615384
0 0.8774038461538461 0.8533653846153846 0.07692307692307693 0.14903846153846154
0 0.9567307692307693 0.7956730769230769 0.07211538461538461 0.07692307692307693
0 0.9230769230769231 0.6995192307692307 0.08653846153846154 0.15865384615384615
0 0.8245192307692307 0.7355769230769231 0.08653846153846154 0.1201923076923077
0 0.8629807692307693 0.6225961538461539 0.08173076923076923 0.09134615384615384
0 0.8689903846153846 0.4963942307692308 0.07932692307692307 0.10336538461538461
0 0.8317307692307693 0.41586538461538464 0.11057692307692307 0.15865384615384615
0 0.8822115384615384 0.30288461538461536 0.08173076923076923 0.1875
0 0.8293269230769231 0.234375 0.057692307692307696 0.06009615384615385
0 0.9759615384615384 0.3545673076923077 0.04807692307692308 0.21394230769230768
0 0.9759615384615384 0.18870192307692307 0.04807692307692308 0.13221153846153846
0 0.9759615384615384 0.0625 0.04807692307692308 0.11057692307692307
0 0.7427884615384616 0.3894230769230769 0.09615384615384616 0.16826923076923078
0 0.6682692307692307 0.4807692307692308 0.07692307692307693 0.125
0 0.7091346153846154 0.5096153846153846 0.07211538461538461 0.125
0 0.7043269230769231 0.6334134615384616 0.08173076923076923 0.13701923076923078
0 0.7560096153846154 0.6730769230769231 0.10817307692307693 0.15865384615384615
0 0.7776442307692307 0.5432692307692307 0.09375 0.1201923076923077
0 0.7379807692307693 0.8149038461538461 0.08653846153846154 0.125
0 0.71875 0.9074519230769231 0.08173076923076923 0.13701923076923078
0 0.703125 0.9675480769230769 0.1466346153846154 0.06490384615384616
