0 0.4266826923076923 0.43509615384615385 0.4543269230769231 0.7548076923076923
0 0.1201923076923077 0.4411057692307692 0.23076923076923078 0.41586538461538464
0 0.5216346153846154 0.44350961538461536 0.8125 0.3004807692307692
0 0.8052884615384616 0.28365384615384615 0.32211538461538464 0.5528846153846154
0 0.24519230769230768 0.75 0.47596153846153844 0.4326923076923077
0 0.2956730769230769 0.7355769230769231 0.49038461538461536 0.3173076923076923
0 0.6766826923076923 0.7824519230769231 0.34375 0.43509615384615385
0 0.5528846153846154 0.9375 0.1778846153846154 0.12980769230769232
0 0.9350961538461539 0.5168269230769231 0.12980769230769232 0.4326923076923077
0 0.8954326923076923 0.7524038461538461 0.2091346153846154 0.3317307692307692
0 0.8581730769230769 0.9194711538461539 0.17307692307692307 0.16105769230769232
