0 0.8834134615384616 0.8545673076923077 0.23317307692307693 0.29086538461538464
0 0.6959134615384616 0.8689903846153846 0.20432692307692307 0.25721153846153844
0 0.49759615384615385 0.5072115384615384 0.4182692307692308 0.5769230769230769
0 0.5745192307692307 0.12259615384615384 0.21634615384615385 0.22596153846153846
0 0.5504807692307693 0.9567307692307693 0.125 0.09134615384615384
0 0.5769230769230769 0.8629807692307693 0.1346153846153846 0.14423076923076922
0 0.3389423076923077 0.7211538461538461 0.10096153846153846 0.13942307692307693
0 0.41346153846153844 0.8197115384615384 0.10096153846153846 0.13942307692307693
0 0.4951923076923077 0.8100961538461539 0.0673076923076923 0.07692307692307693
0 0.4807692307692308 0.9411057692307693 0.09134615384615384 0.11298076923076923
0 0.44350961538461536 0.9855769230769231 0.07932692307692307 0.028846153846153848
0 0.4182692307692308 0.9230769230769231 0.08173076923076923 0.08653846153846154
0 0.3473557692307692 0.875 0.09375 0.1346153846153846
0 0.34975961538461536 0.9699519230769231 0.10817307692307693 0.06009615384615385
0 0.26802884615384615 0.9567307692307693 0.0889423076923077 0.09134615384615384
0 0.2620192307692308 0.8317307692307693 0.10096153846153846 0.15384615384615385
0 0.23076923076923078 0.6923076923076923 0.10096153846153846 0.12980769230769232
0 0.19110576923076922 0.8533653846153846 0.09375 0.16346153846153846
0 0.13341346153846154 0.7475961538461539 0.10817307692307693 0.057692307692307696
0 0.16466346153846154 0.6646634615384616 0.09375 0.11778846153846154
0 0.09975961538461539 0.6322115384615384 0.10817307692307693 0.14423076923076922
0 0.046875 0.4831730769230769 0.08413461538461539 0.14423076923076922
0 0.1346153846153846 0.5144230769230769 0.08653846153846154 0.1346153846153846
0 0.23317307692307693 0.5228365384615384 0.10576923076923077 0.15625
0 0.2956730769230769 0.6298076923076923 0.07692307692307693 0.09615384615384616
0 0.20192307692307693 0.39302884615384615 0.10576923076923077 0.0889423076923077
0 0.10697115384615384 0.375 0.09375 0.125
0 0.0673076923076923 0.31971153846153844 0.0673076923076923 0.07692307692307693
0 0.14903846153846154 0.2824519230769231 0.07692307692307693 0.11298076923076923
0 0.2860576923076923 0.30288461538461536 0.09615384615384616 0.15384615384615385
0 0.3918269230769231 0.23317307692307693 0.1201923076923077 0.1201923076923077
0 0.47115384615384615 0.14302884615384615 0.07211538461538461 0.11298076923076923
0 0.37259615384615385 0.13221153846153846 0.11538461538461539 0.15384615384615385
0 0.29927884615384615 0.1875 0.05048076923076923 0.08173076923076923
0 0.20192307692307693 0.20552884615384615 0.1201923076923077 0.10817307692307693
0 0.11778846153846154 0.17548076923076922 0.0625 0.13942307692307693
0 0.057692307692307696 0.05889423076923077 0.10096153846153846 0.10336538461538461
0 0.1778846153846154 0.03365384615384615 0.1346153846153846 0.052884615384615384
0 0.203125 0.08774038461538461 0.13221153846153846 0.10817307692307693
0 0.3004807692307692 0.03365384615384615 0.09134615384615384 0.052884615384615384
0 0.3942307692307692 0.038461538461538464 0.08173076923076923 0.0625
