0 0.15144230769230768 0.31009615384615385 0.28365384615384615 0.4423076923076923
0 0.2776442307692308 0.46634615384615385 0.06971153846153846 0.028846153846153848
0 0.22956730769230768 0.47716346153846156 0.05048076923076923 0.03125
0 0.06971153846153846 0.9338942307692307 0.1201923076923077 0.10817307692307693
0 0.140625 0.9435096153846154 0.11298076923076923 0.06971153846153846
0 0.15985576923076922 0.9867788461538461 0.11298076923076923 0.026442307692307692
0 0.052884615384615384 0.8257211538461539 0.08653846153846154 0.11298076923076923
0 0.09615384615384616 0.7379807692307693 0.1778846153846154 0.07692307692307693
0 0.31971153846153844 0.7644230769230769 0.32211538461538464 0.13942307692307693
0 0.24759615384615385 0.859375 0.3269230769230769 0.13221153846153846
0 0.22355769230769232 0.9615384615384616 0.08653846153846154 0.04807692307692308
0 0.8786057692307693 0.9098557692307693 0.24278846153846154 0.18028846153846154
0 0.8461538461538461 0.8701923076923077 0.13942307692307693 0.04807692307692308
0 0.7980769230769231 0.9074519230769231 0.08173076923076923 0.040865384615384616
0 0.6947115384615384 0.9807692307692307 0.2403846153846154 0.038461538461538464
0 0.6706730769230769 0.9831730769230769 0.1875 0.028846153846153848
0 0.6346153846153846 0.9711538461538461 0.10576923076923077 0.028846153846153848
0 0.7367788461538461 0.9543269230769231 0.09375 0.028846153846153848
0 0.7283653846153846 0.9014423076923077 0.1201923076923077 0.057692307692307696
0 0.6754807692307693 0.9314903846153846 0.10096153846153846 0.040865384615384616
0 0.5841346153846154 0.8834134615384616 0.3076923076923077 0.15144230769230768
0 0.4495192307692308 0.8389423076923077 0.07692307692307693 0.04326923076923077
0 0.4182692307692308 0.8701923076923077 0.08653846153846154 0.057692307692307696
0 0.390625 0.9098557692307693 0.06971153846153846 0.036057692307692304
0 0.3173076923076923 0.9134615384615384 0.10096153846153846 0.04807692307692308
0 0.2620192307692308 0.9375 0.10096153846153846 0.03365384615384615
0 0.3137019230769231 0.96875 0.06971153846153846 0.038461538461538464
0 0.3762019230769231 0.9747596153846154 0.06971153846153846 0.05048076923076923
0 0.41225961538461536 0.9459134615384616 0.11298076923076923 0.036057692307692304
0 0.47836538461538464 0.9807692307692307 0.15865384615384615 0.038461538461538464
0 0.8028846153846154 0.7524038461538461 0.3942307692307692 0.12980769230769232
0 0.7872596153846154 0.7668269230769231 0.4254807692307692 0.21634615384615385
0 0.5288461538461539 0.7740384615384616 0.16826923076923078 0.08173076923076923
0 0.5384615384615384 0.6057692307692307 0.49038461538461536 0.25
0 0.3245192307692308 0.5444711538461539 0.25 0.12259615384615384
0 0.17067307692307693 0.5733173076923077 0.20673076923076922 0.10336538461538461
0 0.038461538461538464 0.5576923076923077 0.057692307692307696 0.09615384615384616
0 0.1201923076923077 0.6454326923076923 0.22115384615384615 0.10817307692307693
0 0.22355769230769232 0.6586538461538461 0.20192307692307693 0.07211538461538461
0 0.9254807692307693 0.5540865384615384 0.14903846153846154 0.13221153846153846
0 0.9350961538461539 0.6346153846153846 0.12980769230769232 0.0625
0 0.8112980769230769 0.6346153846153846 0.13221153846153846 0.1201923076923077
0 0.7980769230769231 0.6322115384615384 0.057692307692307696 0.038461538461538464
0 0.8966346153846154 0.3317307692307692 0.20673076923076922 0.17307692307692307
0 0.7211538461538461 0.43028846153846156 0.25 0.16826923076923078
0 0.53125 0.38221153846153844 0.5673076923076923 0.23557692307692307
0 0.7932692307692307 0.5084134615384616 0.1201923076923077 0.06009615384615385
0 0.7524038461538461 0.5552884615384616 0.125 0.052884615384615384
0 0.6911057692307693 0.5120192307692307 0.09375 0.038461538461538464
0 0.875 0.4543269230769231 0.10576923076923077 0.052884615384615384
0 0.9182692307692307 0.43028846153846156 0.10576923076923077 0.04807692307692308
0 0.9627403846153846 0.46634615384615385 0.07451923076923077 0.0673076923076923
0 0.9110576923076923 0.5072115384615384 0.1201923076923077 0.052884615384615384
0 0.9603365384615384 0.5324519230769231 0.07932692307692307 0.05048076923076923
0 0.8858173076923077 0.5697115384615384 0.09375 0.038461538461538464
0 0.859375 0.5420673076923077 0.11298076923076923 0.040865384615384616
0 0.47475961538461536 0.3701923076923077 0.37740384615384615 0.16826923076923078
0 0.31971153846153844 0.3004807692307692 0.04326923076923077 0.03365384615384615
0 0.59375 0.2932692307692308 0.16346153846153846 0.0625
0 0.5600961538461539 0.22115384615384615 0.15865384615384615 0.07692307692307693
0 0.6850961538461539 0.18269230769230768 0.15865384615384615 0.07692307692307693
0 0.7019230769230769 0.25240384615384615 0.125 0.07692307692307693
0 0.8269230769230769 0.21394230769230768 0.13942307692307693 0.07692307692307693
0 0.8076923076923077 0.14182692307692307 0.16346153846153846 0.07692307692307693
0 0.9375 0.17548076923076922 0.125 0.07692307692307693
0 0.9471153846153846 0.21394230769230768 0.0625 0.02403846153846154
0 0.9951923076923077 0.20072115384615385 0.009615384615384616 0.03125
0 0.7451923076923077 0.2764423076923077 0.0625 0.019230769230769232
0 0.7043269230769231 0.2956730769230769 0.057692307692307696 0.02403846153846154
0 0.4182692307692308 0.24759615384615385 0.13942307692307693 0.09134615384615384
0 0.3173076923076923 0.20673076923076922 0.10096153846153846 0.15865384615384615
0 0.4411057692307692 0.18629807692307693 0.09375 0.05048076923076923
0 0.5084134615384616 0.1622596153846154 0.06971153846153846 0.03125
0 0.5757211538461539 0.171875 0.05048076923076923 0.021634615384615384
0 0.5649038461538461 0.14423076923076922 0.04326923076923077 0.02403846153846154
0 0.6442307692307693 0.11538461538461539 0.16346153846153846 0.07211538461538461
0 0.7283653846153846 0.078125 0.08173076923076923 0.03125
0 0.7980769230769231 0.08413461538461539 0.057692307692307696 0.038461538461538464
0 0.9182692307692307 0.1201923076923077 0.057692307692307696 0.028846153846153848
0 0.8774038461538461 0.0733173076923077 0.10096153846153846 0.05048076923076923
0 0.9663461538461539 0.04326923076923077 0.0625 0.03365384615384615
