0 0.7980769230769231 0.31490384615384615 0.09134615384615384 0.1201923076923077
0 0.8209134615384616 0.15384615384615385 0.03125 0.052884615384615384
0 0.7728365384615384 0.13822115384615385 0.055288461538461536 0.07451923076923077
0 0.7524038461538461 0.15384615384615385 0.04326923076923077 0.052884615384615384
0 0.7019230769230769 0.1346153846153846 0.0625 0.09134615384615384
0 0.6514423076923077 0.14182692307692307 0.03365384615384615 0.052884615384615384
0 0.5913461538461539 0.12259615384615384 0.057692307692307696 0.09134615384615384
0 0.5144230769230769 0.12860576923076922 0.10096153846153846 0.10336538461538461
0 0.42908653846153844 0.15144230769230768 0.040865384615384616 0.057692307692307696
0 0.4567307692307692 0.10336538461538461 0.04807692307692308 0.0625
0 0.46033653846153844 0.15264423076923078 0.040865384615384616 0.04567307692307692
0 0.41346153846153844 0.10336538461538461 0.04807692307692308 0.0625
0 0.36658653846153844 0.15384615384615385 0.04567307692307692 0.052884615384615384
0 0.39783653846153844 0.15625 0.026442307692307692 0.03365384615384615
0 0.6850961538461539 0.2620192307692308 0.052884615384615384 0.08653846153846154
0 0.7283653846153846 0.32211538461538464 0.0625 0.08173076923076923
0 0.6983173076923077 0.3545673076923077 0.05048076923076923 0.07451923076923077
0 0.65625 0.3137019230769231 0.0625 0.08413461538461539
0 0.8737980769230769 0.4182692307692308 0.040865384615384616 0.0625
0 0.8786057692307693 0.4723557692307692 0.03125 0.04567307692307692
0 0.9002403846153846 0.5108173076923077 0.04567307692307692 0.06971153846153846
0 0.9543269230769231 0.5600961538461539 0.03365384615384615 0.038461538461538464
0 0.9290865384615384 0.5709134615384616 0.03125 0.07451923076923077
0 0.9567307692307693 0.609375 0.03365384615384615 0.04567307692307692
0 0.9699519230769231 0.6538461538461539 0.03125 0.057692307692307696
0 0.9507211538461539 0.6971153846153846 0.021634615384615384 0.038461538461538464
0 0.9230769230769231 0.7163461538461539 0.028846153846153848 0.057692307692307696
0 0.9362980769230769 0.6538461538461539 0.026442307692307692 0.057692307692307696
0 0.9158653846153846 0.6141826923076923 0.028846153846153848 0.04567307692307692
0 0.890625 0.5709134615384616 0.04567307692307692 0.05048076923076923
0 0.8774038461538461 0.625 0.04326923076923077 0.057692307692307696
0 0.8653846153846154 0.6790865384615384 0.038461538461538464 0.05048076923076923
0 0.9050480769230769 0.6706730769230769 0.036057692307692304 0.057692307692307696
0 0.8894230769230769 0.7259615384615384 0.038461538461538464 0.0625
0 0.8533653846153846 0.7283653846153846 0.03365384615384615 0.057692307692307696
0 0.8581730769230769 0.5552884615384616 0.052884615384615384 0.0625
0 0.8004807692307693 0.6298076923076923 0.03365384615384615 0.0625
0 0.8377403846153846 0.625 0.03125 0.057692307692307696
0 0.7788461538461539 0.6538461538461539 0.038461538461538464 0.057692307692307696
0 0.8185096153846154 0.6778846153846154 0.040865384615384616 0.057692307692307696
0 0.8149038461538461 0.7283653846153846 0.04326923076923077 0.057692307692307696
0 0.7692307692307693 0.7079326923076923 0.03365384615384615 0.05048076923076923
0 0.6454326923076923 0.35336538461538464 0.055288461538461536 0.0625
0 0.578125 0.3401442307692308 0.04567307692307692 0.06971153846153846
0 0.45552884615384615 0.35697115384615385 0.055288461538461536 0.07932692307692307
0 0.3858173076923077 0.34975961538461536 0.06009615384615385 0.07451923076923077
0 0.33052884615384615 0.3401442307692308 0.04567307692307692 0.06971153846153846
0 0.25961538461538464 0.3137019230769231 0.028846153846153848 0.040865384615384616
0 0.1971153846153846 0.30288461538461536 0.04326923076923077 0.0625
0 0.22235576923076922 0.3076923076923077 0.03125 0.038461538461538464
0 0.15144230769230768 0.31971153846153844 0.028846153846153848 0.038461538461538464
0 0.15504807692307693 0.3629807692307692 0.03125 0.03365384615384615
0 0.17908653846153846 0.3449519230769231 0.021634615384615384 0.04567307692307692
0 0.21394230769230768 0.3425480769230769 0.04807692307692308 0.05048076923076923
0 0.0889423076923077 0.5192307692307693 0.0625 0.08653846153846154
0 0.020432692307692308 0.6790865384615384 0.036057692307692304 0.03125
0 0.016826923076923076 0.9086538461538461 0.028846153846153848 0.0625
0 0.02403846153846154 0.9555288461538461 0.04326923076923077 0.06490384615384616
0 0.036057692307692304 0.9747596153846154 0.038461538461538464 0.04567307692307692
0 0.07211538461538461 0.9747596153846154 0.04807692307692308 0.04567307692307692
0 0.10817307692307693 0.9831730769230769 0.02403846153846154 0.028846153846153848
0 0.12860576923076922 0.96875 0.06490384615384616 0.057692307692307696
0 0.17908653846153846 0.9543269230769231 0.040865384615384616 0.08653846153846154
0 0.14182692307692307 0.9314903846153846 0.0625 0.05048076923076923
0 0.08052884615384616 0.921875 0.06009615384615385 0.07932692307692307
0 0.10096153846153846 0.8990384615384616 0.0625 0.08173076923076923
0 0.04927884615384615 0.9050480769230769 0.04567307692307692 0.036057692307692304
0 0.1466346153846154 0.8966346153846154 0.02403846153846154 0.028846153846153848
0 0.17548076923076922 0.9038461538461539 0.028846153846153848 0.028846153846153848
0 0.028846153846153848 0.6454326923076923 0.052884615384615384 0.040865384615384616
0 0.021634615384615384 0.7175480769230769 0.038461538461538464 0.04567307692307692
0 0.057692307692307696 0.7307692307692307 0.08173076923076923 0.028846153846153848
0 0.8461538461538461 0.41466346153846156 0.02403846153846154 0.04567307692307692
0 0.8149038461538461 0.3858173076923077 0.019230769230769232 0.021634615384615384
0 0.8521634615384616 0.4651442307692308 0.03125 0.04567307692307692
0 0.8629807692307693 0.49759615384615385 0.02403846153846154 0.028846153846153848
0 0.8269230769230769 0.49399038461538464 0.038461538461538464 0.04567307692307692
0 0.8149038461538461 0.43149038461538464 0.04807692307692308 0.06971153846153846
0 0.7824519230769231 0.3737980769230769 0.04567307692307692 0.06971153846153846
0 0.7451923076923077 0.40384615384615385 0.03365384615384615 0.057692307692307696
0 0.7668269230769231 0.4338942307692308 0.03365384615384615 0.05048076923076923
0 0.7524038461538461 0.45913461538461536 0.04326923076923077 0.057692307692307696
0 0.7896634615384616 0.4735576923076923 0.03125 0.052884615384615384
0 0.7908653846153846 0.5048076923076923 0.028846153846153848 0.02403846153846154
0 0.8257211538461539 0.48197115384615385 0.036057692307692304 0.04567307692307692
0 0.8173076923076923 0.5709134615384616 0.038461538461538464 0.040865384615384616
0 0.7884615384615384 0.5709134615384616 0.0673076923076923 0.08413461538461539
0 0.7367788461538461 0.5276442307692307 0.06971153846153846 0.11298076923076923
0 0.6814903846153846 0.5144230769230769 0.07451923076923077 0.1201923076923077
0 0.6538461538461539 0.5913461538461539 0.08653846153846154 0.09134615384615384
0 0.7283653846153846 0.6189903846153846 0.07692307692307693 0.07932692307692307
0 0.5504807692307693 0.5108173076923077 0.0625 0.10336538461538461
0 0.6141826923076923 0.5204326923076923 0.06971153846153846 0.10817307692307693
0 0.5769230769230769 0.5877403846153846 0.0673076923076923 0.08413461538461539
0 0.5072115384615384 0.5841346153846154 0.07692307692307693 0.15384615384615385
0 0.41225961538461536 0.6069711538461539 0.040865384615384616 0.07451923076923077
0 0.45072115384615385 0.6057692307692307 0.036057692307692304 0.0625
0 0.47475961538461536 0.65625 0.036057692307692304 0.0625
0 0.4855769230769231 0.6286057692307693 0.028846153846153848 0.05048076923076923
0 0.36778846153846156 0.6105769230769231 0.04807692307692308 0.0625
0 0.3401442307692308 0.6514423076923077 0.055288461538461536 0.08653846153846154
0 0.3918269230769231 0.6706730769230769 0.04807692307692308 0.08173076923076923
0 0.4375 0.6682692307692307 0.04807692307692308 0.08653846153846154
0 0.46634615384615385 0.7283653846153846 0.052884615384615384 0.08173076923076923
0 0.41225961538461536 0.7391826923076923 0.055288461538461536 0.07932692307692307
0 0.3581730769230769 0.7223557692307693 0.052884615384615384 0.07932692307692307
0 0.3112980769230769 0.7115384615384616 0.04567307692307692 0.09134615384615384
0 0.5060096153846154 0.6995192307692307 0.036057692307692304 0.08173076923076923
0 0.5372596153846154 0.7091346153846154 0.036057692307692304 0.0625
0 0.5540865384615384 0.6658653846153846 0.040865384615384616 0.057692307692307696
0 0.5793269230769231 0.6514423076923077 0.019230769230769232 0.038461538461538464
0 0.5997596153846154 0.6382211538461539 0.021634615384615384 0.04567307692307692
0 0.6189903846153846 0.6550480769230769 0.016826923076923076 0.04567307692307692
0 0.6418269230769231 0.6538461538461539 0.028846153846153848 0.057692307692307696
0 0.6754807692307693 0.65625 0.028846153846153848 0.052884615384615384
0 0.7007211538461539 0.6538461538461539 0.021634615384615384 0.03365384615384615
0 0.7139423076923077 0.6742788461538461 0.019230769230769232 0.040865384615384616
0 0.7367788461538461 0.7115384615384616 0.03125 0.057692307692307696
0 0.7103365384615384 0.7355769230769231 0.026442307692307692 0.057692307692307696
0 0.6923076923076923 0.6911057692307693 0.02403846153846154 0.040865384615384616
0 0.6682692307692307 0.7019230769230769 0.02403846153846154 0.038461538461538464
0 0.6850961538461539 0.7391826923076923 0.02403846153846154 0.04567307692307692
0 0.6550480769230769 0.7475961538461539 0.036057692307692304 0.038461538461538464
0 0.6394230769230769 0.7019230769230769 0.02403846153846154 0.038461538461538464
0 0.6129807692307693 0.7055288461538461 0.028846153846153848 0.04567307692307692
0 0.6225961538461539 0.7451923076923077 0.02403846153846154 0.03365384615384615
0 0.5925480769230769 0.6887019230769231 0.036057692307692304 0.04567307692307692
0 0.5685096153846154 0.7235576923076923 0.026442307692307692 0.057692307692307696
0 0.5925480769230769 0.7403846153846154 0.036057692307692304 0.057692307692307696
0 0.49158653846153844 0.4026442307692308 0.026442307692307692 0.036057692307692304
0 0.47115384615384615 0.421875 0.02403846153846154 0.05048076923076923
0 0.49759615384615385 0.44350961538461536 0.02403846153846154 0.04567307692307692
0 0.484375 0.4567307692307692 0.03125 0.038461538461538464
0 0.4987980769230769 0.4963942307692308 0.03125 0.040865384615384616
0 0.5168269230769231 0.4735576923076923 0.028846153846153848 0.028846153846153848
0 0.4639423076923077 0.5024038461538461 0.019230769230769232 0.028846153846153848
0 0.44350961538461536 0.46634615384615385 0.036057692307692304 0.057692307692307696
0 0.4014423076923077 0.47836538461538464 0.03365384615384615 0.057692307692307696
0 0.41947115384615385 0.4423076923076923 0.036057692307692304 0.03365384615384615
0 0.4326923076923077 0.5048076923076923 0.04326923076923077 0.03365384615384615
0 0.38100961538461536 0.5048076923076923 0.026442307692307692 0.02403846153846154
0 0.36538461538461536 0.4735576923076923 0.038461538461538464 0.0625
0 0.34615384615384615 0.5024038461538461 0.038461538461538464 0.028846153846153848
0 0.3858173076923077 0.4254807692307692 0.03125 0.03365384615384615
0 0.41586538461538464 0.39903846153846156 0.028846153846153848 0.028846153846153848
0 0.44471153846153844 0.41947115384615385 0.02403846153846154 0.036057692307692304
0 0.36658653846153844 0.40865384615384615 0.036057692307692304 0.03365384615384615
0 0.12259615384615384 0.4254807692307692 0.02403846153846154 0.03365384615384615
0 0.13942307692307693 0.4338942307692308 0.02403846153846154 0.040865384615384616
0 0.15745192307692307 0.421875 0.016826923076923076 0.040865384615384616
0 0.1814903846153846 0.4170673076923077 0.03125 0.040865384615384616
0 0.203125 0.41947115384615385 0.016826923076923076 0.036057692307692304
0 0.21394230769230768 0.4026442307692308 0.014423076923076924 0.036057692307692304
0 0.23798076923076922 0.4110576923076923 0.02403846153846154 0.038461538461538464
0 0.25240384615384615 0.41346153846153844 0.014423076923076924 0.02403846153846154
0 0.3161057692307692 0.390625 0.04567307692307692 0.036057692307692304
0 0.22115384615384615 0.3737980769230769 0.08653846153846154 0.021634615384615384
0 0.28846153846153844 0.37259615384615385 0.052884615384615384 0.028846153846153848
0 0.2764423076923077 0.40865384615384615 0.019230769230769232 0.02403846153846154
0 0.2932692307692308 0.41346153846153844 0.02403846153846154 0.02403846153846154
0 0.31490384615384615 0.4254807692307692 0.019230769230769232 0.03365384615384615
0 0.24759615384615385 0.4567307692307692 0.02403846153846154 0.052884615384615384
0 0.26322115384615385 0.4675480769230769 0.026442307692307692 0.040865384615384616
0 0.27524038461538464 0.43990384615384615 0.016826923076923076 0.028846153846153848
0 0.28846153846153844 0.4651442307692308 0.02403846153846154 0.04567307692307692
0 0.3137019230769231 0.47115384615384615 0.016826923076923076 0.03365384615384615
0 0.22235576923076922 0.4483173076923077 0.016826923076923076 0.036057692307692304
0 0.19951923076923078 0.4567307692307692 0.02403846153846154 0.038461538461538464
0 0.17548076923076922 0.4567307692307692 0.02403846153846154 0.038461538461538464
0 0.18990384615384615 0.49038461538461536 0.019230769230769232 0.028846153846153848
0 0.15504807692307693 0.48197115384615385 0.055288461538461536 0.04567307692307692
0 0.15384615384615385 0.5024038461538461 0.038461538461538464 0.038461538461538464
0 0.30528846153846156 0.5336538461538461 0.014423076923076924 0.03365384615384615
0 0.29447115384615385 0.5 0.021634615384615384 0.02403846153846154
0 0.9711538461538461 0.7620192307692307 0.02403846153846154 0.03365384615384615
0 0.9879807692307693 0.8173076923076923 0.02403846153846154 0.0625
0 0.9759615384615384 0.8341346153846154 0.02403846153846154 0.028846153846153848
0 0.9627403846153846 0.8533653846153846 0.016826923076923076 0.03365384615384615
0 0.9771634615384616 0.8858173076923077 0.03125 0.040865384615384616
0 0.9927884615384616 0.9110576923076923 0.014423076923076924 0.057692307692307696
0 0.9879807692307693 0.9651442307692307 0.02403846153846154 0.040865384615384616
0 0.9639423076923077 0.9507211538461539 0.028846153846153848 0.04567307692307692
0 0.9759615384615384 0.9170673076923077 0.02403846153846154 0.04567307692307692
0 0.7956730769230769 0.9795673076923077 0.038461538461538464 0.036057692307692304
0 0.7944711538461539 0.9543269230769231 0.036057692307692304 0.038461538461538464
0 0.8221153846153846 0.9771634615384616 0.014423076923076924 0.040865384615384616
0 0.8485576923076923 0.9771634615384616 0.038461538461538464 0.040865384615384616
0 0.8858173076923077 0.9771634615384616 0.03125 0.040865384615384616
0 0.9002403846153846 0.9543269230769231 0.03125 0.052884615384615384
0 0.9158653846153846 0.9278846153846154 0.03365384615384615 0.057692307692307696
0 0.9423076923076923 0.9747596153846154 0.038461538461538464 0.04567307692307692
0 0.9495192307692307 0.9278846153846154 0.02403846153846154 0.03365384615384615
0 0.9495192307692307 0.8882211538461539 0.02403846153846154 0.036057692307692304
0 0.9495192307692307 0.8545673076923077 0.02403846153846154 0.04567307692307692
0 0.9230769230769231 0.8112980769230769 0.04326923076923077 0.040865384615384616
0 0.8942307692307693 0.8052884615384616 0.019230769230769232 0.038461538461538464
0 0.859375 0.8112980769230769 0.03125 0.05048076923076923
0 0.8737980769230769 0.8449519230769231 0.03125 0.05048076923076923
0 0.8293269230769231 0.8257211538461539 0.03365384615384615 0.04567307692307692
0 0.8076923076923077 0.8112980769230769 0.019230769230769232 0.040865384615384616
0 0.7800480769230769 0.8341346153846154 0.021634615384615384 0.028846153846153848
0 0.8040865384615384 0.8545673076923077 0.016826923076923076 0.04567307692307692
0 0.8185096153846154 0.8870192307692307 0.026442307692307692 0.0625
0 0.8425480769230769 0.8653846153846154 0.021634615384615384 0.02403846153846154
0 0.78125 0.8990384615384616 0.014423076923076924 0.03365384615384615
0 0.8004807692307693 0.9050480769230769 0.014423076923076924 0.04567307692307692
0 0.828125 0.9254807692307693 0.03125 0.052884615384615384
0 0.8617788461538461 0.9411057692307693 0.03125 0.04567307692307692
0 0.8581730769230769 0.8954326923076923 0.038461538461538464 0.04567307692307692
0 0.8798076923076923 0.8798076923076923 0.02403846153846154 0.038461538461538464
0 0.23677884615384615 0.734375 0.04567307692307692 0.036057692307692304
0 0.20673076923076922 0.6706730769230769 0.04807692307692308 0.057692307692307696
0 0.234375 0.6538461538461539 0.03125 0.02403846153846154
0 0.24519230769230768 0.671875 0.019230769230769232 0.01201923076923077
0 0.24759615384615385 0.6802884615384616 0.038461538461538464 0.028846153846153848
0 0.26322115384615385 0.7115384615384616 0.040865384615384616 0.0673076923076923
0 0.1935096153846154 0.7283653846153846 0.040865384615384616 0.057692307692307696
0 0.1622596153846154 0.6887019230769231 0.055288461538461536 0.04567307692307692
0 0.11658653846153846 0.6466346153846154 0.04567307692307692 0.0625
0 0.07211538461538461 0.6394230769230769 0.04326923076923077 0.08653846153846154
0 0.06370192307692307 0.7199519230769231 0.07451923076923077 0.05048076923076923
0 0.13221153846153846 0.7163461538461539 0.0673076923076923 0.057692307692307696
0 0.7175480769230769 0.9855769230769231 0.016826923076923076 0.02403846153846154
0 0.7127403846153846 0.9591346153846154 0.016826923076923076 0.028846153846153848
0 0.7512019230769231 0.9855769230769231 0.016826923076923076 0.02403846153846154
0 0.7451923076923077 0.9627403846153846 0.02403846153846154 0.021634615384615384
0 0.7475961538461539 0.9338942307692307 0.02403846153846154 0.036057692307692304
0 0.7692307692307693 0.9278846153846154 0.019230769230769232 0.03365384615384615
0 0.7211538461538461 0.8341346153846154 0.02403846153846154 0.052884615384615384
0 0.7512019230769231 0.8629807692307693 0.03125 0.028846153846153848
0 0.7451923076923077 0.8413461538461539 0.014423076923076924 0.028846153846153848
0 0.7596153846153846 0.8425480769230769 0.014423076923076924 0.01201923076923077
0 0.7836538461538461 0.8653846153846154 0.02403846153846154 0.03365384615384615
0 0.7415865384615384 0.9038461538461539 0.026442307692307692 0.028846153846153848
0 0.7632211538461539 0.8978365384615384 0.021634615384615384 0.016826923076923076
0 0.7103365384615384 0.9038461538461539 0.021634615384615384 0.028846153846153848
0 0.7091346153846154 0.921875 0.02403846153846154 0.036057692307692304
0 0.6923076923076923 0.9891826923076923 0.02403846153846154 0.016826923076923076
0 0.6694711538461539 0.9831730769230769 0.021634615384615384 0.028846153846153848
0 0.6875 0.9675480769230769 0.014423076923076924 0.021634615384615384
0 0.6850961538461539 0.9483173076923077 0.02403846153846154 0.040865384615384616
0 0.6850961538461539 0.9278846153846154 0.02403846153846154 0.03365384615384615
0 0.47115384615384615 0.8870192307692307 0.02403846153846154 0.028846153846153848
0 0.4675480769230769 0.9038461538461539 0.021634615384615384 0.028846153846153848
0 0.4795673076923077 0.9170673076923077 0.016826923076923076 0.036057692307692304
0 0.49038461538461536 0.9002403846153846 0.009615384615384616 0.04567307692307692
0 0.5036057692307693 0.9795673076923077 0.016826923076923076 0.036057692307692304
0 0.5228365384615384 0.9747596153846154 0.021634615384615384 0.04567307692307692
0 0.5408653846153846 0.9855769230769231 0.014423076923076924 0.02403846153846154
0 0.5637019230769231 0.9795673076923077 0.016826923076923076 0.036057692307692304
0 0.5949519230769231 0.9891826923076923 0.03125 0.016826923076923076
0 0.6201923076923077 0.9855769230769231 0.014423076923076924 0.02403846153846154
0 0.6430288461538461 0.9831730769230769 0.016826923076923076 0.028846153846153848
0 0.6514423076923077 0.9567307692307693 0.03365384615384615 0.03365384615384615
0 0.6959134615384616 0.8293269230769231 0.016826923076923076 0.028846153846153848
0 0.6911057692307693 0.8064903846153846 0.016826923076923076 0.016826923076923076
0 0.6742788461538461 0.8137019230769231 0.01201923076923077 0.021634615384615384
0 0.6959134615384616 0.8485576923076923 0.016826923076923076 0.02403846153846154
0 0.6730769230769231 0.8425480769230769 0.014423076923076924 0.021634615384615384
0 0.7055288461538461 0.875 0.016826923076923076 0.028846153846153848
0 0.6778846153846154 0.8665865384615384 0.009615384615384616 0.01201923076923077
0 0.6862980769230769 0.8882211538461539 0.03125 0.036057692307692304
0 0.6826923076923077 0.9134615384615384 0.019230769230769232 0.028846153846153848
0 0.6310096153846154 0.9110576923076923 0.026442307692307692 0.03365384615384615
0 0.6550480769230769 0.921875 0.026442307692307692 0.036057692307692304
0 0.6622596153846154 0.8882211538461539 0.026442307692307692 0.036057692307692304
0 0.6610576923076923 0.8677884615384616 0.02403846153846154 0.038461538461538464
0 0.6586538461538461 0.8305288461538461 0.02403846153846154 0.021634615384615384
0 0.6550480769230769 0.8076923076923077 0.03125 0.03365384615384615
0 0.6153846153846154 0.9447115384615384 0.02403846153846154 0.02403846153846154
0 0.5925480769230769 0.9591346153846154 0.026442307692307692 0.028846153846153848
0 0.5997596153846154 0.9891826923076923 0.026442307692307692 0.016826923076923076
0 0.5685096153846154 0.9447115384615384 0.021634615384615384 0.03365384615384615
0 0.5504807692307693 0.9627403846153846 0.028846153846153848 0.036057692307692304
0 0.5889423076923077 0.9399038461538461 0.019230769230769232 0.02403846153846154
0 0.609375 0.921875 0.016826923076923076 0.021634615384615384
0 0.6189903846153846 0.8918269230769231 0.04567307692307692 0.028846153846153848
0 0.5853365384615384 0.9146634615384616 0.016826923076923076 0.016826923076923076
0 0.5576923076923077 0.9206730769230769 0.019230769230769232 0.028846153846153848
0 0.5036057692307693 0.890625 0.016826923076923076 0.040865384615384616
0 0.5144230769230769 0.8653846153846154 0.02403846153846154 0.02403846153846154
0 0.5264423076923077 0.8365384615384616 0.019230769230769232 0.02403846153846154
0 0.5564903846153846 0.8257211538461539 0.03125 0.036057692307692304
0 0.59375 0.8112980769230769 0.014423076923076924 0.016826923076923076
0 0.6117788461538461 0.8137019230769231 0.016826923076923076 0.036057692307692304
0 0.6310096153846154 0.8197115384615384 0.021634615384615384 0.03365384615384615
0 0.6298076923076923 0.8545673076923077 0.038461538461538464 0.04567307692307692
0 0.5841346153846154 0.8858173076923077 0.02403846153846154 0.040865384615384616
0 0.5913461538461539 0.8461538461538461 0.02403846153846154 0.028846153846153848
0 0.5576923076923077 0.8954326923076923 0.02403846153846154 0.04567307692307692
0 0.5300480769230769 0.8990384615384616 0.036057692307692304 0.03365384615384615
0 0.5300480769230769 0.921875 0.04567307692307692 0.04567307692307692
0 0.30528846153846156 0.9795673076923077 0.04807692307692308 0.036057692307692304
0 0.3389423076923077 0.9711538461538461 0.02403846153846154 0.038461538461538464
0 0.3557692307692308 0.9831730769230769 0.038461538461538464 0.028846153846153848
0 0.38221153846153844 0.96875 0.038461538461538464 0.057692307692307696
0 0.4014423076923077 0.9290865384615384 0.019230769230769232 0.04567307692307692
0 0.4098557692307692 0.9675480769230769 0.04567307692307692 0.021634615384615384
0 0.4254807692307692 0.9831730769230769 0.038461538461538464 0.028846153846153848
0 0.45552884615384615 0.9711538461538461 0.04567307692307692 0.038461538461538464
0 0.48197115384615385 0.9831730769230769 0.026442307692307692 0.028846153846153848
0 0.4699519230769231 0.9423076923076923 0.04567307692307692 0.052884615384615384
0 0.4326923076923077 0.9206730769230769 0.03365384615384615 0.0625
0 0.4110576923076923 0.8798076923076923 0.038461538461538464 0.038461538461538464
0 0.39783653846153844 0.9002403846153846 0.055288461538461536 0.04567307692307692
0 0.36177884615384615 0.8653846153846154 0.055288461538461536 0.08173076923076923
0 0.3161057692307692 0.8810096153846154 0.07451923076923077 0.07451923076923077
0 0.3545673076923077 0.8990384615384616 0.06971153846153846 0.057692307692307696
0 0.3137019230769231 0.9254807692307693 0.06490384615384616 0.052884615384615384
0 0.22956730769230768 0.9555288461538461 0.055288461538461536 0.07451923076923077
0 0.28125 0.9567307692307693 0.0625 0.08173076923076923
