0 0.7692307692307693 0.14783653846153846 0.46153846153846156 0.29086538461538464
0 0.5913461538461539 0.1466346153846154 0.21634615384615385 0.15384615384615385
0 0.38221153846153844 0.09495192307692307 0.21153846153846154 0.18509615384615385
0 0.31971153846153844 0.17307692307692307 0.15865384615384615 0.1778846153846154
0 0.5973557692307693 0.27283653846153844 0.0985576923076923 0.06009615384615385
0 0.6237980769230769 0.33413461538461536 0.16105769230769232 0.08653846153846154
0 0.4891826923076923 0.2860576923076923 0.10817307692307693 0.07211538461538461
0 0.47115384615384615 0.3918269230769231 0.15384615384615385 0.1201923076923077
0 0.3545673076923077 0.3581730769230769 0.11298076923076923 0.11538461538461539
0 0.41947115384615385 0.3161057692307692 0.08413461538461539 0.06971153846153846
0 0.25600961538461536 0.32211538461538464 0.17548076923076922 0.1201923076923077
0 0.12620192307692307 0.2439903846153846 0.12259615384615384 0.11298076923076923
0 0.21514423076923078 0.21634615384615385 0.11298076923076923 0.08173076923076923
0 0.10096153846153846 0.27403846153846156 0.1346153846153846 0.10096153846153846
0 0.10336538461538461 0.3137019230769231 0.14903846153846154 0.07451923076923077
0 0.7644230769230769 0.45552884615384615 0.42788461538461536 0.2860576923076923
0 0.5384615384615384 0.5420673076923077 0.16346153846153846 0.12740384615384615
0 0.23918269230769232 0.5180288461538461 0.44471153846153844 0.2956730769230769
0 0.5877403846153846 0.7331730769230769 0.33413461538461536 0.2548076923076923
0 0.8581730769230769 0.6778846153846154 0.23557692307692307 0.16346153846153846
0 0.8353365384615384 0.8822115384615384 0.3245192307692308 0.23076923076923078
0 0.5769230769230769 0.9302884615384616 0.27403846153846156 0.13942307692307693
0 0.3329326923076923 0.7427884615384616 0.17548076923076922 0.1346153846153846
0 0.14182692307692307 0.7608173076923077 0.21634615384615385 0.17548076923076922
0 0.10576923076923077 0.8317307692307693 0.20673076923076922 0.15865384615384615
0 0.33533653846153844 0.8737980769230769 0.25240384615384615 0.1658653846153846
