0 0.28846153846153844 0.40625 0.1875 0.1875
0 0.15745192307692307 0.3870192307692308 0.07451923076923077 0.07692307692307693
0 0.4326923076923077 0.45913461538461536 0.15865384615384615 0.16346153846153846
0 0.48197115384615385 0.3293269230769231 0.24759615384615385 0.25
0 0.5841346153846154 0.38221153846153844 0.125 0.16346153846153846
0 0.5745192307692307 0.22115384615384615 0.19230769230769232 0.22596153846153846
0 0.49759615384615385 0.12980769230769232 0.16826923076923078 0.14423076923076922
0 0.6382211538461539 0.23798076923076922 0.10336538461538461 0.15865384615384615
0 0.36899038461538464 0.6838942307692307 0.07932692307692307 0.09375
0 0.028846153846153848 0.4699519230769231 0.04326923076923077 0.0889423076923077
0 0.3870192307692308 0.7560096153846154 0.057692307692307696 0.05048076923076923
0 0.3004807692307692 0.7355769230769231 0.11538461538461539 0.11057692307692307
0 0.21875 0.6574519230769231 0.057692307692307696 0.06009615384615385
0 0.49759615384615385 0.6875 0.12980769230769232 0.1346153846153846
0 0.5 0.5913461538461539 0.02403846153846154 0.028846153846153848
0 0.5817307692307693 0.7235576923076923 0.12980769230769232 0.22596153846153846
0 0.5408653846153846 0.8269230769230769 0.11057692307692307 0.14903846153846154
0 0.44471153846153844 0.8413461538461539 0.15384615384615385 0.1778846153846154
0 0.29086538461538464 0.7704326923076923 0.11538461538461539 0.24278846153846154
0 0.18269230769230768 0.7211538461538461 0.27403846153846156 0.1971153846153846
0 0.6923076923076923 0.9158653846153846 0.1346153846153846 0.14903846153846154
0 0.6334134615384616 0.9567307692307693 0.15144230769230768 0.08653846153846154
0 0.4675480769230769 0.9543269230769231 0.13701923076923078 0.09134615384615384
0 0.7524038461538461 0.890625 0.11538461538461539 0.13221153846153846
0 0.796875 0.6730769230769231 0.07451923076923077 0.09615384615384616
0 0.8653846153846154 0.6009615384615384 0.11538461538461539 0.10576923076923077
0 0.9194711538461539 0.59375 0.07451923076923077 0.10096153846153846
0 0.9699519230769231 0.5012019230769231 0.06009615384615385 0.12259615384615384
0 0.8521634615384616 0.4891826923076923 0.0889423076923077 0.0889423076923077
0 0.875 0.3798076923076923 0.10576923076923077 0.09615384615384616
0 0.9254807692307693 0.33653846153846156 0.0625 0.04807692307692308
0 0.9050480769230769 0.25721153846153844 0.08413461538461539 0.0625
0 0.8569711538461539 0.3112980769230769 0.06490384615384616 0.055288461538461536
0 0.8149038461538461 0.2860576923076923 0.04326923076923077 0.028846153846153848
