0 0.7884615384615384 0.59375 0.28365384615384615 0.4182692307692308
0 0.6201923076923077 0.5817307692307693 0.1875 0.2980769230769231
0 0.7007211538461539 0.42427884615384615 0.13221153846153846 0.1466346153846154
0 0.8497596153846154 0.35336538461538464 0.07932692307692307 0.09134615384615384
0 0.6622596153846154 0.32091346153846156 0.3389423076923077 0.25721153846153844
0 0.40625 0.6153846153846154 0.2980769230769231 0.46153846153846156
0 0.28846153846153844 0.4411057692307692 0.10576923076923077 0.23317307692307693
0 0.421875 0.3088942307692308 0.15625 0.15625
0 0.6610576923076923 0.11177884615384616 0.4375 0.21875
0 0.6838942307692307 0.1778846153846154 0.27163461538461536 0.25
0 0.25841346153846156 0.3918269230769231 0.5120192307692307 0.7788461538461539
0 0.26802884615384615 0.051682692307692304 0.18028846153846154 0.0985576923076923
