0 0.7572115384615384 0.13701923076923078 0.3557692307692308 0.25961538461538464
0 0.9567307692307693 0.08173076923076923 0.08173076923076923 0.14903846153846154
0 0.9122596153846154 0.20432692307692307 0.17067307692307693 0.1201923076923077
0 0.5576923076923077 0.10697115384615384 0.20673076923076922 0.19951923076923078
0 0.38461538461538464 0.25961538461538464 0.46153846153846156 0.46153846153846156
0 0.4014423076923077 0.3918269230769231 0.125 0.08653846153846154
0 0.5072115384615384 0.3293269230769231 0.1201923076923077 0.10096153846153846
0 0.6033653846153846 0.28125 0.11538461538461539 0.08653846153846154
0 0.6706730769230769 0.24759615384615385 0.08173076923076923 0.0625
0 0.59375 0.3701923076923077 0.11538461538461539 0.09134615384615384
0 0.49759615384615385 0.4182692307692308 0.11057692307692307 0.08653846153846154
0 0.6923076923076923 0.3581730769230769 0.0625 0.08173076923076923
0 0.7403846153846154 0.3076923076923077 0.07692307692307693 0.08173076923076923
0 0.8221153846153846 0.4254807692307692 0.35096153846153844 0.5288461538461539
0 0.9735576923076923 0.2668269230769231 0.04807692307692308 0.15384615384615385
0 0.7403846153846154 0.7295673076923077 0.3173076923076923 0.23317307692307693
0 0.6033653846153846 0.5192307692307693 0.1971153846153846 0.24519230769230768
0 0.4543269230769231 0.7007211538461539 0.35096153846153844 0.19951923076923078
0 0.3173076923076923 0.6129807692307693 0.3798076923076923 0.35096153846153844
0 0.28966346153846156 0.9543269230769231 0.36778846153846156 0.09134615384615384
0 0.15384615384615385 0.9387019230769231 0.07211538461538461 0.055288461538461536
0 0.1466346153846154 0.8653846153846154 0.08653846153846154 0.07692307692307693
0 0.21995192307692307 0.8269230769230769 0.10336538461538461 0.07692307692307693
0 0.22355769230769232 0.7824519230769231 0.0673076923076923 0.026442307692307692
0 0.28125 0.8064903846153846 0.04807692307692308 0.06490384615384616
0 0.3233173076923077 0.8653846153846154 0.10336538461538461 0.07692307692307693
0 0.2247596153846154 0.8870192307692307 0.09375 0.057692307692307696
0 0.49158653846153844 0.8653846153846154 0.4110576923076923 0.2692307692307692
0 0.8269230769230769 0.8882211538461539 0.125 0.09375
0 0.9014423076923077 0.7764423076923077 0.19230769230769232 0.21634615384615385
0 0.953125 0.9435096153846154 0.0889423076923077 0.11298076923076923
0 0.8245192307692307 0.9314903846153846 0.35096153846153844 0.13701923076923078
