0 0.8461538461538461 0.8930288461538461 0.3076923076923077 0.2091346153846154
0 0.5 0.8389423076923077 0.38461538461538464 0.3173076923076923
0 0.6478365384615384 0.6995192307692307 0.2620192307692308 0.4423076923076923
0 0.7596153846153846 0.44350961538461536 0.34134615384615385 0.5841346153846154
0 0.890625 0.7127403846153846 0.21875 0.2956730769230769
0 0.9146634615384616 0.36177884615384615 0.17067307692307693 0.4206730769230769
0 0.8786057692307693 0.10216346153846154 0.24278846153846154 0.14182692307692307
0 0.7584134615384616 0.040865384615384616 0.19951923076923078 0.07692307692307693
0 0.9362980769230769 0.038461538461538464 0.12740384615384615 0.07211538461538461
0 0.6706730769230769 0.16947115384615385 0.10576923076923077 0.12740384615384615
0 0.5048076923076923 0.24519230769230768 0.2932692307692308 0.4519230769230769
0 0.3737980769230769 0.5709134615384616 0.2860576923076923 0.38221153846153844
0 0.1778846153846154 0.8173076923076923 0.27884615384615385 0.3605769230769231
0 0.17067307692307693 0.9675480769230769 0.23557692307692307 0.06009615384615385
0 0.04807692307692308 0.8521634615384616 0.09134615384615384 0.29086538461538464
0 0.11899038461538461 0.5 0.23317307692307693 0.47115384615384615
0 0.2920673076923077 0.3762019230769231 0.2283653846153846 0.23317307692307693
0 0.1310096153846154 0.15264423076923078 0.25721153846153844 0.3004807692307692
0 0.35697115384615385 0.09254807692307693 0.23317307692307693 0.18028846153846154
0 0.2956730769230769 0.21033653846153846 0.12980769230769232 0.14182692307692307
0 0.5625 0.054086538461538464 0.1778846153846154 0.10336538461538461
0 0.6995192307692307 0.09254807692307693 0.1201923076923077 0.13701923076923078
