0 0.8485576923076923 0.36658653846153844 0.30288461538461536 0.49759615384615385
0 0.8521634615384616 0.0673076923076923 0.25721153846153844 0.1201923076923077
0 0.6069711538461539 0.078125 0.25721153846153844 0.14182692307692307
0 0.6838942307692307 0.29927884615384615 0.2668269230769231 0.3245192307692308
0 0.5144230769230769 0.25600961538461536 0.1346153846153846 0.15144230769230768
0 0.44711538461538464 0.33413461538461536 0.15865384615384615 0.16346153846153846
0 0.5084134615384616 0.4110576923076923 0.08413461538461539 0.11538461538461539
0 0.5637019230769231 0.3870192307692308 0.0889423076923077 0.0673076923076923
0 0.5793269230769231 0.5144230769230769 0.17307692307692307 0.22115384615384615
0 0.41346153846153844 0.5528846153846154 0.19230769230769232 0.23557692307692307
0 0.3485576923076923 0.37740384615384615 0.2548076923076923 0.18269230769230768
0 0.3161057692307692 0.23317307692307693 0.19951923076923078 0.1778846153846154
0 0.28365384615384615 0.109375 0.3125 0.20432692307692307
0 0.06490384615384616 0.025240384615384616 0.125 0.036057692307692304
0 0.07211538461538461 0.11538461538461539 0.13942307692307693 0.16826923076923078
0 0.12980769230769232 0.22115384615384615 0.15384615384615385 0.15865384615384615
0 0.013221153846153846 0.28125 0.021634615384615384 0.15384615384615385
0 0.07211538461538461 0.4326923076923077 0.13942307692307693 0.15384615384615385
0 0.17548076923076922 0.5745192307692307 0.1875 0.24519230769230768
0 0.8641826923076923 0.6995192307692307 0.27163461538461536 0.21634615384615385
0 0.125 0.4495192307692308 0.24519230769230768 0.24519230769230768
0 0.22716346153846154 0.6322115384615384 0.27163461538461536 0.3076923076923077
0 0.47596153846153844 0.7307692307692307 0.3076923076923077 0.4182692307692308
0 0.6862980769230769 0.5997596153846154 0.14182692307692307 0.20432692307692307
0 0.90625 0.8701923076923077 0.1875 0.16826923076923078
0 0.6442307692307693 0.7596153846153846 0.18269230769230768 0.11057692307692307
0 0.6706730769230769 0.8774038461538461 0.11538461538461539 0.13942307692307693
0 0.5841346153846154 0.8918269230769231 0.11057692307692307 0.125
0 0.7331730769230769 0.9759615384615384 0.1201923076923077 0.04807692307692308
0 0.8269230769230769 0.9567307692307693 0.09615384615384616 0.08653846153846154
0 0.9399038461538461 0.9711538461538461 0.11538461538461539 0.052884615384615384
0 0.7860576923076923 0.8822115384615384 0.09615384615384616 0.125
0 0.5132211538461539 0.9651442307692307 0.0985576923076923 0.06971153846153846
0 0.6189903846153846 0.9699519230769231 0.11298076923076923 0.06009615384615385
0 0.4567307692307692 0.859375 0.1778846153846154 0.1466346153846154
0 0.36778846153846156 0.9447115384615384 0.052884615384615384 0.07211538461538461
0 0.4483173076923077 0.9699519230769231 0.06490384615384616 0.06009615384615385
0 0.42908653846153844 0.9915865384615384 0.0889423076923077 0.016826923076923076
0 0.3317307692307692 0.9855769230769231 0.08173076923076923 0.028846153846153848
0 0.29086538461538464 0.9615384615384616 0.0625 0.0673076923076923
0 0.16826923076923078 0.8665865384615384 0.10576923076923077 0.09375
0 0.23798076923076922 0.8028846153846154 0.1346153846153846 0.08173076923076923
0 0.33413461538461536 0.7764423076923077 0.0673076923076923 0.08173076923076923
0 0.057692307692307696 0.7512019230769231 0.10096153846153846 0.09375
0 0.04927884615384615 0.6466346153846154 0.09375 0.125
0 0.04927884615384615 0.8713942307692307 0.09375 0.09375
0 0.0889423076923077 0.9338942307692307 0.11057692307692307 0.09375
0 0.14783653846153846 0.9831730769230769 0.11298076923076923 0.03365384615384615
0 0.051682692307692304 0.9879807692307693 0.0985576923076923 0.02403846153846154
0 0.5012019230769231 0.5036057692307693 0.9975961538461539 0.9927884615384616
