0 0.8822115384615384 0.3317307692307692 0.1971153846153846 0.2403846153846154
0 0.6201923076923077 0.11298076923076923 0.22115384615384615 0.21634615384615385
0 0.46153846153846156 0.12740384615384615 0.1971153846153846 0.16826923076923078
0 0.3485576923076923 0.30408653846153844 0.23076923076923078 0.2620192307692308
0 0.30408653846153844 0.78125 0.15144230769230768 0.125
0 0.2247596153846154 0.8834134615384616 0.0889423076923077 0.0889423076923077
0 0.21875 0.9134615384615384 0.16346153846153846 0.11538461538461539
0 0.49038461538461536 0.8004807692307693 0.17307692307692307 0.3317307692307692
0 0.6923076923076923 0.7403846153846154 0.40865384615384615 0.1346153846153846
0 0.6225961538461539 0.8774038461538461 0.10096153846153846 0.1346153846153846
0 0.8557692307692307 0.75 0.1346153846153846 0.1875
0 0.5853365384615384 0.578125 0.14182692307692307 0.2091346153846154
0 0.6826923076923077 0.37740384615384615 0.28365384615384615 0.28846153846153844
0 0.49759615384615385 0.25841346153846156 0.11057692307692307 0.03125
0 0.7427884615384616 0.40384615384615385 0.0673076923076923 0.40865384615384615
0 0.7740384615384616 0.21153846153846154 0.038461538461538464 0.1346153846153846
0 0.7956730769230769 0.16826923076923078 0.10096153846153846 0.11538461538461539
0 0.8605769230769231 0.15144230769230768 0.04326923076923077 0.12980769230769232
0 0.8293269230769231 0.1310096153846154 0.0625 0.0889423076923077
0 0.5240384615384616 0.5360576923076923 0.1201923076923077 0.11538461538461539
0 0.5805288461538461 0.5889423076923077 0.15144230769230768 0.1778846153846154
0 0.21033653846153846 0.27524038461538464 0.1466346153846154 0.25721153846153844
0 0.17307692307692307 0.5096153846153846 0.16826923076923078 0.22115384615384615
0 0.07451923076923077 0.6658653846153846 0.1346153846153846 0.23076923076923078
0 0.0673076923076923 0.39783653846153844 0.1201923076923077 0.25721153846153844
0 0.9759615384615384 0.33052884615384615 0.04807692307692308 0.17067307692307693
0 0.5036057692307693 0.49278846153846156 0.9927884615384616 0.9807692307692307
