0 0.9411057692307693 0.9038461538461539 0.11778846153846154 0.15384615384615385
0 0.9675480769230769 0.9759615384615384 0.06009615384615385 0.04326923076923077
0 0.9819711538461539 0.828125 0.03125 0.0889423076923077
0 0.8918269230769231 0.8341346153846154 0.10576923076923077 0.07692307692307693
0 0.9254807692307693 0.7908653846153846 0.07692307692307693 0.07692307692307693
0 0.9471153846153846 0.7451923076923077 0.10576923076923077 0.1201923076923077
0 0.9891826923076923 0.6995192307692307 0.021634615384615384 0.04807692307692308
0 0.9375 0.6658653846153846 0.057692307692307696 0.04807692307692308
0 0.9711538461538461 0.6153846153846154 0.052884615384615384 0.1201923076923077
0 0.8834134615384616 0.6838942307692307 0.05048076923076923 0.10336538461538461
0 0.8425480769230769 0.7451923076923077 0.0889423076923077 0.08653846153846154
0 0.8209134615384616 0.8004807692307693 0.036057692307692304 0.04326923076923077
0 0.7932692307692307 0.7403846153846154 0.028846153846153848 0.07692307692307693
0 0.8365384615384616 0.6538461538461539 0.057692307692307696 0.07692307692307693
0 0.78125 0.6610576923076923 0.057692307692307696 0.08173076923076923
0 0.7536057692307693 0.6358173076923077 0.055288461538461536 0.06490384615384616
0 0.7427884615384616 0.5709134615384616 0.0673076923076923 0.06490384615384616
0 0.7079326923076923 0.5264423076923077 0.021634615384615384 0.03365384615384615
0 0.7524038461538461 0.5192307692307693 0.04326923076923077 0.04807692307692308
0 0.7932692307692307 0.5132211538461539 0.04326923076923077 0.026442307692307692
0 0.7920673076923077 0.5793269230769231 0.05048076923076923 0.09134615384615384
0 0.8353365384615384 0.5456730769230769 0.05048076923076923 0.04807692307692308
0 0.8810096153846154 0.546875 0.04567307692307692 0.06009615384615385
0 0.8329326923076923 0.59375 0.06490384615384616 0.07692307692307693
0 0.9038461538461539 0.5997596153846154 0.08653846153846154 0.0985576923076923
0 0.9819711538461539 0.5384615384615384 0.036057692307692304 0.03365384615384615
0 0.9639423076923077 0.5036057692307693 0.0673076923076923 0.06009615384615385
0 0.9855769230769231 0.4639423076923077 0.02403846153846154 0.038461538461538464
0 0.9855769230769231 0.43149038461538464 0.02403846153846154 0.026442307692307692
0 0.9459134615384616 0.4483173076923077 0.04567307692307692 0.05048076923076923
0 0.9423076923076923 0.4735576923076923 0.038461538461538464 0.04326923076923077
0 0.9074519230769231 0.4855769230769231 0.06490384615384616 0.028846153846153848
0 0.9134615384615384 0.44350961538461536 0.03365384615384615 0.06009615384615385
0 0.8737980769230769 0.4483173076923077 0.040865384615384616 0.05048076923076923
0 0.8221153846153846 0.46153846153846156 0.02403846153846154 0.04326923076923077
0 0.8497596153846154 0.49158653846153844 0.05048076923076923 0.06009615384615385
0 0.78125 0.46033653846153844 0.04326923076923077 0.06009615384615385
0 0.7451923076923077 0.47836538461538464 0.04326923076923077 0.052884615384615384
0 0.7175480769230769 0.43990384615384615 0.055288461538461536 0.03365384615384615
0 0.6983173076923077 0.4831730769230769 0.055288461538461536 0.0673076923076923
0 0.8100961538461539 0.890625 0.2403846153846154 0.21394230769230768
0 0.6117788461538461 0.9122596153846154 0.18509615384615385 0.17067307692307693
0 0.7127403846153846 0.7548076923076923 0.14182692307692307 0.20192307692307693
0 0.5829326923076923 0.78125 0.14182692307692307 0.19230769230769232
0 0.6454326923076923 0.6129807692307693 0.14182692307692307 0.20192307692307693
0 0.6153846153846154 0.4963942307692308 0.1201923076923077 0.13701923076923078
0 0.5673076923076923 0.41346153846153844 0.07692307692307693 0.1201923076923077
0 0.5276442307692307 0.5300480769230769 0.08413461538461539 0.12740384615384615
0 0.5480769230769231 0.6225961538461539 0.08653846153846154 0.125
0 0.4387019230769231 0.9314903846153846 0.14182692307692307 0.13221153846153846
0 0.4639423076923077 0.7992788461538461 0.08653846153846154 0.18028846153846154
0 0.4699519230769231 0.6586538461538461 0.06009615384615385 0.11057692307692307
0 0.4651442307692308 0.5709134615384616 0.05048076923076923 0.0985576923076923
0 0.41346153846153844 0.47596153846153844 0.08653846153846154 0.08173076923076923
0 0.40024038461538464 0.5300480769230769 0.0985576923076923 0.11298076923076923
0 0.3918269230769231 0.6502403846153846 0.11538461538461539 0.17067307692307693
0 0.35336538461538464 0.8161057692307693 0.16346153846153846 0.2283653846153846
0 0.2824519230769231 0.9423076923076923 0.16105769230769232 0.11057692307692307
0 0.21634615384615385 0.8137019230769231 0.1778846153846154 0.2668269230769231
0 0.140625 0.953125 0.16105769230769232 0.0889423076923077
0 0.07932692307692307 0.828125 0.15384615384615385 0.2620192307692308
0 0.037259615384615384 0.9759615384615384 0.06971153846153846 0.04326923076923077
0 0.15865384615384615 0.6586538461538461 0.125 0.12980769230769232
0 0.27524038461538464 0.6502403846153846 0.12259615384615384 0.17067307692307693
0 0.30649038461538464 0.5540865384615384 0.08413461538461539 0.10817307692307693
0 0.3293269230769231 0.5 0.07692307692307693 0.0673076923076923
0 0.25721153846153844 0.49278846153846156 0.07211538461538461 0.08173076923076923
0 0.22115384615384615 0.5516826923076923 0.11057692307692307 0.12740384615384615
0 0.11538461538461539 0.6033653846153846 0.10096153846153846 0.08653846153846154
0 0.14423076923076922 0.5192307692307693 0.08653846153846154 0.09134615384615384
0 0.054086538461538464 0.6911057692307693 0.10336538461538461 0.0889423076923077
0 0.06370192307692307 0.5324519230769231 0.07932692307692307 0.0889423076923077
0 0.04447115384615385 0.6045673076923077 0.08413461538461539 0.0985576923076923
0 0.7403846153846154 0.0985576923076923 0.1346153846153846 0.19230769230769232
0 0.5829326923076923 0.09134615384615384 0.11298076923076923 0.16346153846153846
0 0.40625 0.10096153846153846 0.11538461538461539 0.1875
0 0.1778846153846154 0.0625 0.04326923076923077 0.07692307692307693
0 0.30528846153846156 0.0733173076923077 0.04326923076923077 0.06490384615384616
0 0.24519230769230768 0.12620192307692307 0.14423076923076922 0.24759615384615385
0 0.036057692307692304 0.06009615384615385 0.057692307692307696 0.07211538461538461
0 0.09495192307692307 0.11177884615384616 0.14182692307692307 0.21875
