0 0.6153846153846154 0.30649038461538464 0.5769230769230769 0.4831730769230769
0 0.9050480769230769 0.3581730769230769 0.18509615384615385 0.5336538461538461
0 0.3641826923076923 0.6490384615384616 0.3293269230769231 0.17307692307692307
0 0.1045673076923077 0.6959134615384616 0.14182692307692307 0.06971153846153846
0 0.054086538461538464 0.5877403846153846 0.10336538461538461 0.2091346153846154
0 0.1045673076923077 0.6730769230769231 0.19471153846153846 0.10576923076923077
0 0.3605769230769231 0.5204326923076923 0.23557692307692307 0.10336538461538461
0 0.3293269230769231 0.18629807692307693 0.15384615384615385 0.25721153846153844
0 0.18629807692307693 0.22596153846153846 0.18990384615384615 0.11538461538461539
0 0.5552884615384616 0.07091346153846154 0.11057692307692307 0.07451923076923077
0 0.8197115384615384 0.056490384615384616 0.1346153846153846 0.10817307692307693
0 0.7860576923076923 0.5132211538461539 0.1778846153846154 0.17067307692307693
0 0.8605769230769231 0.6045673076923077 0.27403846153846156 0.08413461538461539
0 0.5540865384615384 0.46634615384615385 0.17067307692307693 0.11538461538461539
0 0.546875 0.48677884615384615 0.45913461538461536 0.3918269230769231
0 0.18269230769230768 0.42788461538461536 0.3605769230769231 0.3605769230769231
