0 0.6153846153846154 0.3293269230769231 0.375 0.19230769230769232
0 0.6959134615384616 0.3581730769230769 0.6081730769230769 0.1778846153846154
0 0.6514423076923077 0.546875 0.5817307692307693 0.37740384615384615
0 0.5721153846153846 0.6995192307692307 0.6442307692307693 0.5961538461538461
0 0.6334134615384616 0.9266826923076923 0.0985576923076923 0.14182692307692307
0 0.4987980769230769 0.8473557692307693 0.15625 0.3004807692307692
0 0.53125 0.6598557692307693 0.057692307692307696 0.0985576923076923
0 0.47836538461538464 0.6454326923076923 0.028846153846153848 0.06009615384615385
0 0.3401442307692308 0.8028846153846154 0.07451923076923077 0.3125
0 0.44471153846153844 0.14302884615384615 0.8798076923076923 0.2764423076923077
0 0.19471153846153846 0.21514423076923078 0.3798076923076923 0.2620192307692308
0 0.1875 0.3245192307692308 0.3605769230769231 0.15384615384615385
0 0.1346153846153846 0.45072115384615385 0.2548076923076923 0.25240384615384615
0 0.12379807692307693 0.671875 0.055288461538461536 0.23317307692307693
0 0.042067307692307696 0.640625 0.07451923076923077 0.22355769230769232
0 0.21875 0.65625 0.03365384615384615 0.11538461538461539
