0 0.9230769230769231 0.8677884615384616 0.14903846153846154 0.21634615384615385
0 0.9519230769230769 0.9867788461538461 0.09134615384615384 0.026442307692307692
0 0.7331730769230769 0.8882211538461539 0.3125 0.22355769230769232
0 0.8557692307692307 0.8329326923076923 0.0673076923076923 0.036057692307692304
0 0.5552884615384616 0.6814903846153846 0.42788461538461536 0.17067307692307693
0 0.5336538461538461 0.8149038461538461 0.3173076923076923 0.11538461538461539
0 0.4362980769230769 0.9086538461538461 0.37740384615384615 0.18269230769230768
0 0.25961538461538464 0.7932692307692307 0.2403846153846154 0.25
0 0.23076923076923078 0.9399038461538461 0.2692307692307692 0.1201923076923077
0 0.07091346153846154 0.9110576923076923 0.13701923076923078 0.17307692307692307
0 0.0985576923076923 0.8389423076923077 0.19230769230769232 0.11538461538461539
0 0.0985576923076923 0.7403846153846154 0.19230769230769232 0.2403846153846154
0 0.2127403846153846 0.6298076923076923 0.34375 0.1346153846153846
0 0.47836538461538464 0.5877403846153846 0.1971153846153846 0.12740384615384615
0 0.7427884615384616 0.5673076923076923 0.28846153846153844 0.14423076923076922
0 0.8365384615384616 0.7103365384615384 0.32211538461538464 0.19951923076923078
0 0.4074519230769231 0.49399038461538464 0.3389423076923077 0.29086538461538464
0 0.234375 0.44471153846153844 0.22355769230769232 0.20673076923076922
0 0.15625 0.4699519230769231 0.16346153846153846 0.18509615384615385
0 0.07091346153846154 0.4891826923076923 0.13701923076923078 0.24759615384615385
0 0.75 0.3942307692307692 0.36538461538461536 0.2932692307692308
0 0.9326923076923077 0.41586538461538464 0.12980769230769232 0.22115384615384615
0 0.8341346153846154 0.20192307692307693 0.3269230769230769 0.1778846153846154
0 0.8918269230769231 0.05889423076923077 0.21634615384615385 0.10817307692307693
0 0.5841346153846154 0.07692307692307693 0.5721153846153846 0.14423076923076922
0 0.4423076923076923 0.15865384615384615 0.27884615384615385 0.1346153846153846
0 0.6394230769230769 0.17307692307692307 0.15865384615384615 0.07692307692307693
0 0.5 0.28725961538461536 0.3942307692307692 0.18509615384615385
0 0.19471153846153846 0.24519230769230768 0.2403846153846154 0.22115384615384615
0 0.27884615384615385 0.1466346153846154 0.16826923076923078 0.14903846153846154
0 0.21394230769230768 0.055288461538461536 0.21634615384615385 0.10096153846153846
0 0.0733173076923077 0.1658653846153846 0.14182692307692307 0.13942307692307693
0 0.09615384615384616 0.296875 0.1875 0.17067307692307693
0 0.051682692307692304 0.055288461538461536 0.0985576923076923 0.09134615384615384
0 0.052884615384615384 0.014423076923076924 0.10096153846153846 0.019230769230769232
0 0.5012019230769231 0.5024038461538461 0.9975961538461539 0.9951923076923077
