0 0.5456730769230769 0.2644230769230769 0.49038461538461536 0.34615384615384615
0 0.53125 0.46875 0.23557692307692307 0.18269230769230768
0 0.765625 0.47115384615384615 0.2764423076923077 0.5288461538461539
0 0.7572115384615384 0.09495192307692307 0.23076923076923078 0.17548076923076922
0 0.5336538461538461 0.0625 0.25 0.11057692307692307
0 0.2824519230769231 0.08533653846153846 0.2860576923076923 0.15625
0 0.21153846153846154 0.5805288461538461 0.25 0.24759615384615385
0 0.30528846153846156 0.4735576923076923 0.07211538461538461 0.09615384615384616
0 0.3701923076923077 0.4014423076923077 0.1201923076923077 0.13942307692307693
0 0.39663461538461536 0.5769230769230769 0.18269230769230768 0.2403846153846154
0 0.6478365384615384 0.703125 0.46875 0.3629807692307692
0 0.33653846153846156 0.7596153846153846 0.25 0.14903846153846154
0 0.5841346153846154 0.9146634615384616 0.3317307692307692 0.17067307692307693
