0 0.8425480769230769 0.7391826923076923 0.12740384615384615 0.17548076923076922
0 0.7668269230769231 0.8221153846153846 0.13942307692307693 0.20673076923076922
0 0.6682692307692307 0.8810096153846154 0.1346153846153846 0.11778846153846154
0 0.7752403846153846 0.9314903846153846 0.06971153846153846 0.040865384615384616
0 0.6802884615384616 0.7836538461538461 0.057692307692307696 0.09615384615384616
0 0.7199519230769231 0.6658653846153846 0.13221153846153846 0.14903846153846154
0 0.8076923076923077 0.6622596153846154 0.057692307692307696 0.10336538461538461
0 0.796875 0.5420673076923077 0.12740384615384615 0.17067307692307693
0 0.8149038461538461 0.39903846153846156 0.11538461538461539 0.15384615384615385
0 0.6911057692307693 0.3713942307692308 0.12740384615384615 0.17067307692307693
0 0.6670673076923077 0.5132211538461539 0.12259615384615384 0.17548076923076922
0 0.6346153846153846 0.6213942307692307 0.057692307692307696 0.06009615384615385
0 0.6141826923076923 0.7475961538461539 0.11298076923076923 0.20192307692307693
0 0.5384615384615384 0.8786057692307693 0.1201923076923077 0.11298076923076923
0 0.5120192307692307 0.8100961538461539 0.09134615384615384 0.0673076923076923
0 0.5060096153846154 0.7103365384615384 0.11298076923076923 0.18509615384615385
0 0.5600961538461539 0.5769230769230769 0.11057692307692307 0.14903846153846154
0 0.5612980769230769 0.4423076923076923 0.12740384615384615 0.1346153846153846
0 0.6129807692307693 0.3713942307692308 0.052884615384615384 0.0985576923076923
0 0.5108173076923077 0.33052884615384615 0.12740384615384615 0.17067307692307693
0 0.4014423076923077 0.4483173076923077 0.10096153846153846 0.17067307692307693
0 0.46153846153846156 0.53125 0.125 0.13942307692307693
0 0.40625 0.6790865384615384 0.1201923076923077 0.17548076923076922
0 0.41586538461538464 0.8497596153846154 0.13942307692307693 0.16105769230769232
0 0.2956730769230769 0.7872596153846154 0.16346153846153846 0.17548076923076922
0 0.2848557692307692 0.8918269230769231 0.13221153846153846 0.0673076923076923
0 0.13942307692307693 0.8473557692307693 0.17307692307692307 0.1658653846153846
0 0.16466346153846154 0.6862980769230769 0.17067307692307693 0.18028846153846154
0 0.3088942307692308 0.5973557692307693 0.1466346153846154 0.18990384615384615
0 0.3954326923076923 0.5588942307692307 0.026442307692307692 0.05048076923076923
0 0.2704326923076923 0.5072115384615384 0.03125 0.052884615384615384
0 0.3125 0.4098557692307692 0.11538461538461539 0.18509615384615385
0 0.38221153846153844 0.28846153846153844 0.1346153846153846 0.15865384615384615
0 0.26322115384615385 0.2608173076923077 0.10336538461538461 0.18509615384615385
0 0.19110576923076922 0.2824519230769231 0.04567307692307692 0.040865384615384616
0 0.19471153846153846 0.3786057692307692 0.1346153846153846 0.1658653846153846
0 0.1971153846153846 0.5264423076923077 0.15384615384615385 0.13942307692307693
4 0.9615384615384616 0.5588942307692307 0.07692307692307693 0.8774038461538461
4 0.5012019230769231 0.9651442307692307 0.9975961538461539 0.06971153846153846
4 0.9074519230769231 0.9122596153846154 0.18028846153846154 0.17067307692307693
4 0.9230769230769231 0.6177884615384616 0.15384615384615385 0.7355769230769231
4 0.5408653846153846 0.12740384615384615 0.7836538461538461 0.07211538461538461
4 0.5600961538461539 0.09014423076923077 0.8798076923076923 0.17548076923076922
4 0.030048076923076924 0.47475961538461536 0.055288461538461536 0.9447115384615384
4 0.07932692307692307 0.3016826923076923 0.057692307692307696 0.5985576923076923
4 0.06850961538461539 0.6911057692307693 0.03125 0.17067307692307693
4 0.15264423076923078 0.2091346153846154 0.10817307692307693 0.09134615384615384
