0 0.5456730769230769 0.45913461538461536 0.25961538461538464 0.19230769230769232
0 0.359375 0.3317307692307692 0.23798076923076922 0.17307692307692307
0 0.5913461538461539 0.08173076923076923 0.21153846153846154 0.14903846153846154
0 0.40625 0.14182692307692307 0.20192307692307693 0.2692307692307692
0 0.34615384615384615 0.8713942307692307 0.34134615384615385 0.25721153846153844
0 0.18269230769230768 0.8942307692307693 0.21153846153846154 0.17307692307692307
0 0.20552884615384615 0.84375 0.33413461538461536 0.3125
0 0.20192307692307693 0.16826923076923078 0.3317307692307692 0.32211538461538464
0 0.23317307692307693 0.5180288461538461 0.15384615384615385 0.09375
0 0.11057692307692307 0.5096153846153846 0.1201923076923077 0.0625
0 0.06971153846153846 0.5817307692307693 0.057692307692307696 0.07211538461538461
0 0.1502403846153846 0.5697115384615384 0.12740384615384615 0.08653846153846154
0 0.5661057692307693 0.25961538461538464 0.18509615384615385 0.19230769230769232
0 0.7151442307692307 0.8185096153846154 0.4495192307692308 0.3629807692307692
0 0.5012019230769231 0.7644230769230769 0.13701923076923078 0.08653846153846154
0 0.46634615384615385 0.8245192307692307 0.10096153846153846 0.07211538461538461
0 0.4110576923076923 0.7956730769230769 0.09615384615384616 0.08653846153846154
0 0.3605769230769231 0.7379807692307693 0.09134615384615384 0.0673076923076923
0 0.3076923076923077 0.6634615384615384 0.16346153846153846 0.11538461538461539
0 0.27283653846153844 0.7271634615384616 0.07451923076923077 0.040865384615384616
0 0.8665865384615384 0.8569711538461539 0.24278846153846154 0.14182692307692307
0 0.7487980769230769 0.9423076923076923 0.18028846153846154 0.08173076923076923
0 0.8894230769230769 0.3173076923076923 0.22596153846153846 0.2403846153846154
0 0.8028846153846154 0.13221153846153846 0.2980769230769231 0.19230769230769232
0 0.6802884615384616 0.31971153846153844 0.20192307692307693 0.18269230769230768
0 0.7259615384615384 0.5600961538461539 0.22596153846153846 0.21634615384615385
0 0.5901442307692307 0.6682692307692307 0.23317307692307693 0.23557692307692307
0 0.07451923076923077 0.6742788461538461 0.0673076923076923 0.07451923076923077
0 0.15985576923076922 0.6550480769230769 0.13221153846153846 0.07451923076923077
0 0.18028846153846154 0.7211538461538461 0.10096153846153846 0.0673076923076923
0 0.10817307692307693 0.75 0.0625 0.07211538461538461
0 0.04807692307692308 0.42788461538461536 0.038461538461538464 0.057692307692307696
0 0.3161057692307692 0.5865384615384616 0.08413461538461539 0.0673076923076923
0 0.265625 0.6225961538461539 0.07932692307692307 0.057692307692307696
0 0.3894230769230769 0.5336538461538461 0.09615384615384616 0.09615384615384616
0 0.4206730769230769 0.45552884615384615 0.11538461538461539 0.07451923076923077
0 0.4951923076923077 0.47836538461538464 0.10576923076923077 0.0673076923076923
0 0.4855769230769231 0.5408653846153846 0.10576923076923077 0.057692307692307696
0 0.5144230769230769 0.6201923076923077 0.09134615384615384 0.07211538461538461
0 0.41586538461538464 0.6033653846153846 0.11538461538461539 0.0673076923076923
0 0.46634615384615385 0.6983173076923077 0.15384615384615385 0.09375
0 0.34375 0.234375 0.04807692307692308 0.026442307692307692
0 0.36177884615384615 0.20192307692307693 0.021634615384615384 0.028846153846153848
0 0.3329326923076923 0.19471153846153846 0.026442307692307692 0.02403846153846154
0 0.33653846153846156 0.16346153846153846 0.052884615384615384 0.038461538461538464
0 0.30528846153846156 0.09375 0.052884615384615384 0.03365384615384615
0 0.28846153846153844 0.0625 0.052884615384615384 0.028846153846153848
0 0.8389423076923077 0.1658653846153846 0.32211538461538464 0.3269230769230769
0 0.7584134615384616 0.8377403846153846 0.4879807692307692 0.3245192307692308
0 0.31490384615384615 0.4495192307692308 0.052884615384615384 0.03365384615384615
0 0.36538461538461536 0.4495192307692308 0.038461538461538464 0.03365384615384615
0 0.34375 0.42788461538461536 0.038461538461538464 0.03365384615384615
0 0.3701923076923077 0.39903846153846156 0.038461538461538464 0.028846153846153848
0 0.3293269230769231 0.3762019230769231 0.04807692307692308 0.026442307692307692
0 0.33052884615384615 0.4110576923076923 0.03125 0.028846153846153848
0 0.28846153846153844 0.39663461538461536 0.052884615384615384 0.04326923076923077
0 0.21153846153846154 0.4387019230769231 0.057692307692307696 0.040865384615384616
0 0.23798076923076922 0.39783653846153844 0.04807692307692308 0.040865384615384616
0 0.30288461538461536 0.4855769230769231 0.04807692307692308 0.028846153846153848
0 0.31490384615384615 0.5096153846153846 0.052884615384615384 0.028846153846153848
0 0.33413461538461536 0.5372596153846154 0.057692307692307696 0.040865384615384616
0 0.28966346153846156 0.5552884615384616 0.03125 0.03365384615384615
0 0.25240384615384615 0.4639423076923077 0.052884615384615384 0.02403846153846154
0 0.16105769230769232 0.4579326923076923 0.04326923076923077 0.026442307692307692
0 0.12980769230769232 0.43149038461538464 0.052884615384615384 0.026442307692307692
0 0.10576923076923077 0.4567307692307692 0.057692307692307696 0.038461538461538464
0 0.06610576923076923 0.4639423076923077 0.03125 0.02403846153846154
0 0.052884615384615384 0.4831730769230769 0.038461538461538464 0.03365384615384615
0 0.051682692307692304 0.5264423076923077 0.021634615384615384 0.03365384615384615
0 0.08173076923076923 0.33653846153846156 0.0625 0.04326923076923077
0 0.07451923076923077 0.3798076923076923 0.04807692307692308 0.03365384615384615
0 0.0985576923076923 0.40865384615384615 0.052884615384615384 0.03365384615384615
0 0.14903846153846154 0.3942307692307692 0.04807692307692308 0.03365384615384615
0 0.12740384615384615 0.36538461538461536 0.057692307692307696 0.03365384615384615
0 0.18269230769230768 0.38461538461538464 0.04326923076923077 0.038461538461538464
0 0.1875 0.35096153846153844 0.052884615384615384 0.028846153846153848
0 0.23317307692307693 0.36177884615384615 0.057692307692307696 0.026442307692307692
0 0.23317307692307693 0.3317307692307692 0.04807692307692308 0.02403846153846154
0 0.2091346153846154 0.2956730769230769 0.052884615384615384 0.028846153846153848
0 0.27403846153846156 0.2956730769230769 0.052884615384615384 0.04326923076923077
0 0.25 0.26322115384615385 0.057692307692307696 0.026442307692307692
0 0.23677884615384615 0.2403846153846154 0.03125 0.019230769230769232
0 0.17067307692307693 0.30528846153846156 0.057692307692307696 0.04326923076923077
0 0.13942307692307693 0.28125 0.0625 0.038461538461538464
0 0.15865384615384615 0.24278846153846154 0.057692307692307696 0.038461538461538464
0 0.19951923076923078 0.25721153846153844 0.052884615384615384 0.038461538461538464
0 0.20673076923076922 0.21514423076923078 0.057692307692307696 0.040865384615384616
0 0.2620192307692308 0.20432692307692307 0.052884615384615384 0.04807692307692308
0 0.27403846153846156 0.23798076923076922 0.052884615384615384 0.028846153846153848
0 0.3004807692307692 0.15745192307692307 0.052884615384615384 0.040865384615384616
0 0.2668269230769231 0.1201923076923077 0.052884615384615384 0.038461538461538464
0 0.23557692307692307 0.08413461538461539 0.052884615384615384 0.03365384615384615
0 0.3173076923076923 0.13341346153846154 0.038461538461538464 0.026442307692307692
0 0.25 0.15384615384615385 0.04807692307692308 0.028846153846153848
0 0.23317307692307693 0.1201923076923077 0.057692307692307696 0.03365384615384615
0 0.1875 0.10096153846153846 0.052884615384615384 0.028846153846153848
0 0.1875 0.12379807692307693 0.052884615384615384 0.040865384615384616
0 0.21514423076923078 0.15144230769230768 0.03125 0.03365384615384615
0 0.21875 0.1778846153846154 0.052884615384615384 0.028846153846153848
0 0.10336538461538461 0.24158653846153846 0.052884615384615384 0.040865384615384616
0 0.12259615384615384 0.20793269230769232 0.057692307692307696 0.026442307692307692
0 0.14903846153846154 0.1875 0.038461538461538464 0.028846153846153848
0 0.11778846153846154 0.16706730769230768 0.04807692307692308 0.040865384615384616
0 0.09735576923076923 0.28846153846153844 0.03125 0.03365384615384615
0 0.125 0.3112980769230769 0.04326923076923077 0.026442307692307692
0 0.14423076923076922 0.2776442307692308 0.04807692307692308 0.040865384615384616
