0 0.125 0.38221153846153844 0.0673076923076923 0.10576923076923077
0 0.07451923076923077 0.4579326923076923 0.1346153846153846 0.21394230769230768
0 0.04567307692307692 0.28365384615384615 0.07692307692307693 0.125
0 0.4338942307692308 0.2644230769230769 0.17067307692307693 0.1875
0 0.4182692307692308 0.5817307692307693 0.10096153846153846 0.42788461538461536
0 0.37740384615384615 0.5769230769230769 0.16346153846153846 0.375
0 0.24519230769230768 0.41225961538461536 0.20673076923076922 0.0985576923076923
0 0.2091346153846154 0.5192307692307693 0.14903846153846154 0.10576923076923077
0 0.15625 0.5793269230769231 0.1346153846153846 0.13942307692307693
0 0.07572115384615384 0.6262019230769231 0.13701923076923078 0.0985576923076923
0 0.04326923076923077 0.6081730769230769 0.07211538461538461 0.08173076923076923
0 0.16947115384615385 0.703125 0.15625 0.0889423076923077
0 0.08173076923076923 0.7259615384615384 0.057692307692307696 0.04326923076923077
0 0.13701923076923078 0.8629807692307693 0.21634615384615385 0.23076923076923078
0 0.21033653846153846 0.8990384615384616 0.15625 0.20673076923076922
0 0.2848557692307692 0.84375 0.0985576923076923 0.11057692307692307
0 0.2668269230769231 0.7560096153846154 0.07211538461538461 0.0889423076923077
0 0.2548076923076923 0.625 0.08653846153846154 0.18269230769230768
0 0.052884615384615384 0.8677884615384616 0.09615384615384616 0.2644230769230769
0 0.5192307692307693 0.5721153846153846 0.11057692307692307 0.4519230769230769
0 0.5697115384615384 0.5961538461538461 0.16826923076923078 0.44711538461538464
0 0.4639423076923077 0.8076923076923077 0.18269230769230768 0.20192307692307693
0 0.3798076923076923 0.8557692307692307 0.0673076923076923 0.1201923076923077
0 0.47836538461538464 0.9254807692307693 0.10576923076923077 0.11538461538461539
0 0.3701923076923077 0.9423076923076923 0.08653846153846154 0.0673076923076923
0 0.75 0.453125 0.16346153846153846 0.0889423076923077
0 0.8064903846153846 0.43028846153846156 0.06490384615384616 0.1971153846153846
0 0.9110576923076923 0.45913461538461536 0.10576923076923077 0.2644230769230769
0 0.9350961538461539 0.3269230769230769 0.09134615384615384 0.125
0 0.9459134615384616 0.23677884615384615 0.10817307692307693 0.17067307692307693
0 0.8209134615384616 0.2848557692307692 0.0985576923076923 0.15625
0 0.7115384615384616 0.2776442307692308 0.20192307692307693 0.0889423076923077
0 0.6322115384615384 0.2403846153846154 0.09615384615384616 0.0673076923076923
0 0.6466346153846154 0.8605769230769231 0.16826923076923078 0.24519230769230768
0 0.7091346153846154 0.9170673076923077 0.13942307692307693 0.1658653846153846
0 0.7740384615384616 0.9302884615384616 0.0625 0.11538461538461539
0 0.6826923076923077 0.7596153846153846 0.25 0.2548076923076923
0 0.8269230769230769 0.6790865384615384 0.09615384615384616 0.15625
0 0.8028846153846154 0.8052884615384616 0.09615384615384616 0.07211538461538461
0 0.8461538461538461 0.8810096153846154 0.07211538461538461 0.0985576923076923
0 0.8918269230769231 0.8918269230769231 0.057692307692307696 0.057692307692307696
0 0.8942307692307693 0.7908653846153846 0.11057692307692307 0.13942307692307693
0 0.9362980769230769 0.6694711538461539 0.12740384615384615 0.19951923076923078
0 0.9747596153846154 0.9747596153846154 0.05048076923076923 0.05048076923076923
0 0.9519230769230769 0.859375 0.09615384615384616 0.18509615384615385
0 0.1778846153846154 0.23317307692307693 0.34134615384615385 0.25961538461538464
0 0.4254807692307692 0.15504807692307693 0.34134615384615385 0.09375
0 0.6009615384615384 0.23557692307692307 0.15384615384615385 0.2644230769230769
0 0.7319711538461539 0.21875 0.3918269230769231 0.23557692307692307
0 0.5024038461538461 0.5528846153846154 0.9951923076923077 0.8942307692307693
