0 0.23197115384615385 0.23076923076923078 0.2091346153846154 0.1346153846153846
0 0.38100961538461536 0.109375 0.40625 0.20432692307692307
0 0.6574519230769231 0.12379807692307693 0.18028846153846154 0.13701923076923078
0 0.53125 0.10576923076923077 0.1971153846153846 0.10576923076923077
0 0.4519230769230769 0.36538461538461536 0.7067307692307693 0.34615384615384615
0 0.10096153846153846 0.265625 0.07211538461538461 0.04567307692307692
0 0.09975961538461539 0.4543269230769231 0.1466346153846154 0.125
0 0.10096153846153846 0.5408653846153846 0.09615384615384616 0.08653846153846154
0 0.17548076923076922 0.6033653846153846 0.12980769230769232 0.08173076923076923
0 0.33533653846153844 0.5913461538461539 0.11298076923076923 0.0625
0 0.3245192307692308 0.5961538461538461 0.22596153846153846 0.125
0 0.5769230769230769 0.49399038461538464 0.2980769230769231 0.1658653846153846
0 0.7860576923076923 0.21995192307692307 0.09615384615384616 0.07451923076923077
0 0.8245192307692307 0.4495192307692308 0.2644230769230769 0.14903846153846154
0 0.9675480769230769 0.4483173076923077 0.06490384615384616 0.11298076923076923
0 0.9182692307692307 0.5432692307692307 0.03365384615384615 0.08173076923076923
0 0.8004807692307693 0.5841346153846154 0.23557692307692307 0.13942307692307693
0 0.5600961538461539 0.6466346153846154 0.2644230769230769 0.17307692307692307
0 0.3894230769230769 0.7043269230769231 0.1201923076923077 0.09615384615384616
0 0.24759615384615385 0.71875 0.1875 0.13942307692307693
0 0.24278846153846154 0.8076923076923077 0.09615384615384616 0.038461538461538464
0 0.5853365384615384 0.7992788461538461 0.5649038461538461 0.20432692307692307
0 0.7776442307692307 0.6850961538461539 0.1466346153846154 0.07211538461538461
0 0.5456730769230769 0.9038461538461539 0.09134615384615384 0.07211538461538461
0 0.4807692307692308 0.9086538461538461 0.08653846153846154 0.03365384615384615
0 0.7019230769230769 0.8665865384615384 0.1875 0.10336538461538461
0 0.7740384615384616 0.84375 0.16346153846153846 0.10576923076923077
0 0.8257211538461539 0.8173076923076923 0.17548076923076922 0.10576923076923077
0 0.8557692307692307 0.7668269230769231 0.15865384615384615 0.07692307692307693
0 0.8762019230769231 0.7259615384615384 0.14182692307692307 0.052884615384615384
