0 0.13221153846153846 0.4375 0.23557692307692307 0.7163461538461539
0 0.6394230769230769 0.17307692307692307 0.7259615384615384 0.3269230769230769
0 0.6117788461538461 0.3641826923076923 0.7764423076923077 0.23317307692307693
0 0.5276442307692307 0.5264423076923077 0.6177884615384616 0.17307692307692307
0 0.9086538461538461 0.5949519230769231 0.1875 0.25721153846153844
0 0.49278846153846156 0.6899038461538461 0.5480769230769231 0.16826923076923078
0 0.49038461538461536 0.8173076923076923 0.40865384615384615 0.16346153846153846
0 0.41466346153846156 0.9435096153846154 0.5697115384615384 0.11298076923076923
0 0.8485576923076923 0.8629807692307693 0.3076923076923077 0.09134615384615384
0 0.8485576923076923 0.7415865384615384 0.30288461538461536 0.19951923076923078
0 0.8894230769230769 0.9507211538461539 0.22115384615384615 0.0985576923076923
