0 0.40384615384615385 0.49759615384615385 0.125 0.25
0 0.5168269230769231 0.5168269230769231 0.11538461538461539 0.23076923076923078
0 0.5192307692307693 0.31490384615384615 0.10576923076923077 0.20673076923076922
0 0.4951923076923077 0.1201923076923077 0.1346153846153846 0.23076923076923078
0 0.4050480769230769 0.27403846153846156 0.13701923076923078 0.23076923076923078
0 0.3581730769230769 0.1971153846153846 0.11538461538461539 0.20673076923076922
0 0.31971153846153844 0.4735576923076923 0.07211538461538461 0.16826923076923078
0 0.33653846153846156 0.6694711538461539 0.13942307692307693 0.23798076923076922
0 0.47716346153846156 0.6706730769230769 0.06009615384615385 0.10576923076923077
0 0.5060096153846154 0.7548076923076923 0.11298076923076923 0.20673076923076922
0 0.40384615384615385 0.8509615384615384 0.125 0.20673076923076922
0 0.4639423076923077 0.9254807692307693 0.10576923076923077 0.14423076923076922
0 0.33413461538461536 0.8641826923076923 0.0673076923076923 0.16105769230769232
0 0.38461538461538464 0.375 0.09134615384615384 0.07692307692307693
