0 0.21995192307692307 0.8822115384615384 0.2668269230769231 0.10096153846153846
0 0.08413461538461539 0.8341346153846154 0.15384615384615385 0.125
0 0.0625 0.9146634615384616 0.10576923076923077 0.04567307692307692
0 0.4495192307692308 0.8605769230769231 0.25 0.14423076923076922
0 0.5649038461538461 0.8701923076923077 0.16346153846153846 0.125
0 0.7463942307692307 0.7704326923076923 0.5072115384615384 0.3389423076923077
0 0.28365384615384615 0.7139423076923077 0.5480769230769231 0.23557692307692307
0 0.140625 0.4735576923076923 0.2668269230769231 0.27403846153846156
0 0.31490384615384615 0.38822115384615385 0.6105769230769231 0.29086538461538464
0 0.1346153846153846 0.19230769230769232 0.2548076923076923 0.1971153846153846
0 0.04927884615384615 0.28365384615384615 0.07932692307692307 0.13942307692307693
0 0.39663461538461536 0.22956730769230768 0.5384615384615384 0.27163461538461536
0 0.16346153846153846 0.04567307692307692 0.3125 0.08173076923076923
0 0.31490384615384615 0.055288461538461536 0.19230769230769232 0.10096153846153846
0 0.38461538461538464 0.02403846153846154 0.1201923076923077 0.04326923076923077
0 0.8954326923076923 0.09975961538461539 0.2091346153846154 0.18990384615384615
0 0.8533653846153846 0.13221153846153846 0.2980769230769231 0.22596153846153846
0 0.6009615384615384 0.010817307692307692 0.27403846153846156 0.01201923076923077
0 0.7043269230769231 0.20192307692307693 0.5913461538461539 0.375
0 0.7572115384615384 0.5144230769230769 0.3317307692307692 0.33653846153846156
0 0.9326923076923077 0.4879807692307692 0.1346153846153846 0.22115384615384615
0 0.8798076923076923 0.65625 0.2403846153846154 0.16826923076923078
0 0.9699519230769231 0.7992788461538461 0.06009615384615385 0.15144230769230768
