0 0.4230769230769231 0.7175480769230769 0.6298076923076923 0.4495192307692308
0 0.31009615384615385 0.9567307692307693 0.5096153846153846 0.08653846153846154
0 0.055288461538461536 0.9206730769230769 0.09615384615384616 0.15384615384615385
0 0.10096153846153846 0.6634615384615384 0.18269230769230768 0.4230769230769231
0 0.1778846153846154 0.3004807692307692 0.33653846153846156 0.2403846153846154
0 0.20192307692307693 0.47596153846153844 0.28365384615384615 0.125
0 0.7019230769230769 0.3894230769230769 0.3894230769230769 0.28365384615384615
0 0.7956730769230769 0.6887019230769231 0.32211538461538464 0.30528846153846156
0 0.8088942307692307 0.9038461538461539 0.38221153846153844 0.19230769230769232
0 0.5745192307692307 0.9399038461538461 0.0673076923076923 0.08653846153846154
0 0.9170673076923077 0.7175480769230769 0.1658653846153846 0.19471153846153846
0 0.9170673076923077 0.46033653846153844 0.1658653846153846 0.31009615384615385
0 0.8509615384615384 0.203125 0.2980769230769231 0.25721153846153844
0 0.9110576923076923 0.078125 0.1778846153846154 0.15144230769230768
0 0.7055288461538461 0.054086538461538464 0.3245192307692308 0.10336538461538461
0 0.6081730769230769 0.12740384615384615 0.21153846153846154 0.25
0 0.5168269230769231 0.22115384615384615 0.16346153846153846 0.1201923076923077
0 0.46153846153846156 0.2536057692307692 0.09615384615384616 0.09375
0 0.4807692307692308 0.3173076923076923 0.0625 0.057692307692307696
0 0.3918269230769231 0.35096153846153844 0.09615384615384616 0.08173076923076923
0 0.3485576923076923 0.4014423076923077 0.0673076923076923 0.0625
0 0.3870192307692308 0.2283653846153846 0.0625 0.0673076923076923
0 0.4567307692307692 0.1045673076923077 0.28365384615384615 0.20432692307692307
0 0.2764423076923077 0.06610576923076923 0.10576923076923077 0.07932692307692307
0 0.2704326923076923 0.12980769230769232 0.19951923076923078 0.08653846153846154
0 0.08533653846153846 0.21153846153846154 0.14182692307692307 0.07692307692307693
0 0.036057692307692304 0.4014423076923077 0.057692307692307696 0.057692307692307696
0 0.11298076923076923 0.1045673076923077 0.21153846153846154 0.1658653846153846
0 0.09134615384615384 0.01201923076923077 0.16826923076923078 0.019230769230769232
0 0.27403846153846156 0.03125 0.21634615384615385 0.057692307692307696
0 0.5024038461538461 0.5024038461538461 0.9951923076923077 1.0
