0 0.46634615384615385 0.21875 0.20673076923076922 0.36538461538461536
0 0.34615384615384615 0.4326923076923077 0.19230769230769232 0.28846153846153844
0 0.12379807692307693 0.5216346153846154 0.18509615384615385 0.3076923076923077
0 0.025240384615384616 0.5913461538461539 0.036057692307692304 0.14903846153846154
0 0.05048076923076923 0.3545673076923077 0.08653846153846154 0.3004807692307692
0 0.01201923076923077 0.08413461538461539 0.009615384615384616 0.15384615384615385
0 0.6838942307692307 0.22596153846153846 0.23317307692307693 0.3269230769230769
0 0.6911057692307693 0.5829326923076923 0.17067307692307693 0.2620192307692308
0 0.6574519230769231 0.5228365384615384 0.21875 0.21875
0 0.32091346153846156 0.6105769230769231 0.08413461538461539 0.08653846153846154
0 0.44711538461538464 0.5504807692307693 0.15865384615384615 0.2403846153846154
0 0.2620192307692308 0.8918269230769231 0.19230769230769232 0.11538461538461539
0 0.24879807692307693 0.9519230769230769 0.15144230769230768 0.09615384615384616
0 0.13701923076923078 0.9495192307692307 0.09134615384615384 0.10096153846153846
0 0.4831730769230769 0.7307692307692307 0.14423076923076922 0.17307692307692307
0 0.6201923076923077 0.6947115384615384 0.15865384615384615 0.20192307692307693
0 0.6442307692307693 0.8317307692307693 0.1201923076923077 0.14903846153846154
0 0.5396634615384616 0.8846153846153846 0.12740384615384615 0.14903846153846154
0 0.6742788461538461 0.9375 0.11298076923076923 0.12980769230769232
0 0.8269230769230769 0.8822115384615384 0.1201923076923077 0.17307692307692307
0 0.8701923076923077 0.9759615384615384 0.11057692307692307 0.04807692307692308
0 0.8509615384615384 0.7235576923076923 0.17307692307692307 0.15384615384615385
