0 0.8870192307692307 0.3581730769230769 0.21153846153846154 0.2980769230769231
0 0.8930288461538461 0.3786057692307692 0.21394230769230768 0.44471153846153844
0 0.9170673076923077 0.06490384615384616 0.1658653846153846 0.11057692307692307
0 0.7235576923076923 0.25 0.11538461538461539 0.09134615384615384
0 0.6490384615384616 0.23798076923076922 0.052884615384615384 0.0673076923076923
0 0.609375 0.37259615384615385 0.23317307692307693 0.20192307692307693
0 0.6971153846153846 0.40865384615384615 0.18269230769230768 0.25961538461538464
0 0.6983173076923077 0.7307692307692307 0.3004807692307692 0.4182692307692308
0 0.36778846153846156 0.7091346153846154 0.375 0.3125
0 0.3918269230769231 0.4423076923076923 0.23557692307692307 0.3269230769230769
0 0.5721153846153846 0.2956730769230769 0.12980769230769232 0.1971153846153846
0 0.4375 0.296875 0.13942307692307693 0.18509615384615385
0 0.3125 0.30528846153846156 0.13942307692307693 0.20192307692307693
0 0.18269230769230768 0.4254807692307692 0.15865384615384615 0.20192307692307693
0 0.21394230769230768 0.2860576923076923 0.08173076923076923 0.14423076923076922
0 0.15625 0.36899038461538464 0.2644230769230769 0.18028846153846154
0 0.07932692307692307 0.29086538461538464 0.10096153846153846 0.09134615384615384
0 0.1466346153846154 0.2620192307692308 0.052884615384615384 0.0625
0 0.20793269230769232 0.29086538461538464 0.07932692307692307 0.14423076923076922
0 0.2704326923076923 0.5865384615384616 0.1658653846153846 0.25
0 0.0985576923076923 0.3918269230769231 0.19230769230769232 0.6826923076923077
