0 0.7283653846153846 0.051682692307692304 0.20673076923076922 0.0889423076923077
0 0.5540865384615384 0.05889423076923077 0.19951923076923078 0.10336538461538461
0 0.8509615384615384 0.1141826923076923 0.2932692307692308 0.21394230769230768
0 0.9495192307692307 0.038461538461538464 0.09615384615384616 0.0625
0 0.9254807692307693 0.16466346153846154 0.14423076923076922 0.13221153846153846
0 0.6033653846153846 0.140625 0.1778846153846154 0.10336538461538461
0 0.6334134615384616 0.2548076923076923 0.16105769230769232 0.09615384615384616
0 0.5901442307692307 0.3942307692307692 0.37259615384615385 0.21634615384615385
0 0.5769230769230769 0.39302884615384615 0.13942307692307693 0.10336538461538461
0 0.8557692307692307 0.3233173076923077 0.28365384615384615 0.21394230769230768
0 0.5048076923076923 0.18990384615384615 0.20673076923076922 0.1346153846153846
0 0.375 0.25721153846153844 0.1875 0.125
0 0.29447115384615385 0.15504807692307693 0.19471153846153846 0.11778846153846154
0 0.32211538461538464 0.07451923076923077 0.18269230769230768 0.07211538461538461
0 0.25841346153846156 0.028846153846153848 0.12259615384615384 0.04326923076923077
0 0.20552884615384615 0.2091346153846154 0.12740384615384615 0.10576923076923077
0 0.10096153846153846 0.13581730769230768 0.18269230769230768 0.10336538461538461
0 0.09975961538461539 0.04326923076923077 0.16105769230769232 0.07211538461538461
0 0.19110576923076922 0.08173076923076923 0.055288461538461536 0.057692307692307696
0 0.2247596153846154 0.3629807692307692 0.44471153846153844 0.25961538461538464
0 0.03365384615384615 0.2283653846153846 0.0625 0.16346153846153846
0 0.030048076923076924 0.4266826923076923 0.055288461538461536 0.13221153846153846
0 0.09495192307692307 0.4795673076923077 0.12740384615384615 0.07451923076923077
0 0.036057692307692304 0.5384615384615384 0.0673076923076923 0.09134615384615384
0 0.31971153846153844 0.6814903846153846 0.6346153846153846 0.43990384615384615
0 0.8173076923076923 0.6826923076923077 0.3605769230769231 0.28365384615384615
0 0.9170673076923077 0.4807692307692308 0.16105769230769232 0.13942307692307693
0 0.7788461538461539 0.4879807692307692 0.18269230769230768 0.125
0 0.5901442307692307 0.5384615384615384 0.30528846153846156 0.17307692307692307
0 0.7091346153846154 0.8401442307692307 0.1346153846153846 0.0889423076923077
0 0.8425480769230769 0.8569711538461539 0.12259615384615384 0.09375
0 0.8966346153846154 0.9423076923076923 0.20192307692307693 0.11538461538461539
0 0.8617788461538461 0.8858173076923077 0.27163461538461536 0.1658653846153846
0 0.5504807692307693 0.8112980769230769 0.25 0.1466346153846154
0 0.6394230769230769 0.90625 0.25 0.1346153846153846
0 0.6502403846153846 0.9771634615384616 0.33413461538461536 0.04567307692307692
0 0.4387019230769231 0.9423076923076923 0.16105769230769232 0.11538461538461539
0 0.2860576923076923 0.9411057692307693 0.1778846153846154 0.0889423076923077
0 0.2608173076923077 0.9831730769230769 0.2091346153846154 0.03365384615384615
0 0.10697115384615384 0.9050480769230769 0.2091346153846154 0.18990384615384615
