0 0.39302884615384615 0.49158653846153844 0.14182692307692307 0.19471153846153846
0 0.5048076923076923 0.546875 0.11057692307692307 0.18990384615384615
0 0.6225961538461539 0.4795673076923077 0.125 0.18990384615384615
0 0.7800480769230769 0.6526442307692307 0.12259615384615384 0.18028846153846154
0 0.8473557692307693 0.6189903846153846 0.07932692307692307 0.17548076923076922
0 0.921875 0.5925480769230769 0.13221153846153846 0.19471153846153846
0 0.5396634615384616 0.4675480769230769 0.10817307692307693 0.17067307692307693
0 0.5216346153846154 0.37259615384615385 0.07211538461538461 0.11538461538461539
0 0.46634615384615385 0.2403846153846154 0.1201923076923077 0.14903846153846154
0 0.27403846153846156 0.421875 0.12980769230769232 0.18028846153846154
0 0.22235576923076922 0.3088942307692308 0.09375 0.12740384615384615
0 0.29447115384615385 0.3125 0.14182692307692307 0.16346153846153846
0 0.1466346153846154 0.23798076923076922 0.11538461538461539 0.14423076923076922
0 0.3954326923076923 0.32211538461538464 0.11298076923076923 0.15384615384615385
0 0.12980769230769232 0.10576923076923077 0.08173076923076923 0.09134615384615384
