0 0.6730769230769231 0.12259615384615384 0.2403846153846154 0.1971153846153846
0 0.8942307692307693 0.38461538461538464 0.21634615384615385 0.22115384615384615
0 0.8774038461538461 0.5456730769230769 0.16826923076923078 0.1971153846153846
0 0.703125 0.65625 0.2620192307692308 0.23076923076923078
0 0.22596153846153846 0.7007211538461539 0.125 0.15144230769230768
0 0.12379807692307693 0.7800480769230769 0.0889423076923077 0.0889423076923077
0 0.09134615384615384 0.7884615384615384 0.11538461538461539 0.16346153846153846
0 0.20432692307692307 0.5168269230769231 0.3317307692307692 0.17307692307692307
0 0.2644230769230769 0.31490384615384615 0.1346153846153846 0.40865384615384615
0 0.12740384615384615 0.38221153846153844 0.1346153846153846 0.10096153846153846
0 0.25721153846153844 0.14903846153846154 0.1875 0.1346153846153846
0 0.4266826923076923 0.421875 0.2091346153846154 0.14182692307692307
0 0.6274038461538461 0.32211538461538464 0.28846153846153844 0.28365384615384615
0 0.7463942307692307 0.5072115384615384 0.03125 0.11057692307692307
0 0.6033653846153846 0.2620192307692308 0.40865384615384615 0.0673076923076923
0 0.7932692307692307 0.23076923076923078 0.1346153846153846 0.038461538461538464
0 0.8389423076923077 0.2091346153846154 0.11538461538461539 0.10096153846153846
0 0.8533653846153846 0.14423076923076922 0.12980769230769232 0.04326923076923077
0 0.8737980769230769 0.17548076923076922 0.0889423076923077 0.0625
0 0.46875 0.4807692307692308 0.11538461538461539 0.1201923076923077
0 0.41586538461538464 0.42427884615384615 0.1778846153846154 0.15144230769230768
0 0.7319711538461539 0.796875 0.25721153846153844 0.1466346153846154
0 0.4951923076923077 0.8341346153846154 0.22115384615384615 0.16826923076923078
0 0.34134615384615385 0.9326923076923077 0.23076923076923078 0.1346153846153846
0 0.6069711538461539 0.9375 0.25721153846153844 0.1201923076923077
0 0.6754807692307693 0.027644230769230768 0.16826923076923078 0.05048076923076923
0 0.5120192307692307 0.5012019230769231 0.9759615384615384 0.9975961538461539
