0 0.14302884615384615 0.6911057692307693 0.12740384615384615 0.17067307692307693
0 0.10817307692307693 0.4855769230769231 0.1346153846153846 0.14903846153846154
0 0.21875 0.0829326923076923 0.16826923076923078 0.16105769230769232
0 0.13701923076923078 0.14302884615384615 0.11538461538461539 0.10336538461538461
0 0.16826923076923078 0.23677884615384615 0.14903846153846154 0.18028846153846154
0 0.21634615384615385 0.4050480769230769 0.14903846153846154 0.17548076923076922
0 0.12860576923076922 0.3629807692307692 0.05048076923076923 0.08173076923076923
0 0.20673076923076922 0.5829326923076923 0.08653846153846154 0.18028846153846154
0 0.2644230769230769 0.5913461538461539 0.13942307692307693 0.16346153846153846
0 0.33413461538461536 0.6923076923076923 0.14423076923076922 0.15865384615384615
0 0.3629807692307692 0.5264423076923077 0.12980769230769232 0.15865384615384615
0 0.4230769230769231 0.4543269230769231 0.08173076923076923 0.09615384615384616
0 0.27403846153846156 0.47836538461538464 0.08173076923076923 0.08173076923076923
0 0.2764423076923077 0.2860576923076923 0.09134615384615384 0.09134615384615384
0 0.35336538461538464 0.3557692307692308 0.14423076923076922 0.19230769230769232
0 0.45072115384615385 0.20432692307692307 0.1466346153846154 0.23557692307692307
0 0.5288461538461539 0.38341346153846156 0.14903846153846154 0.25721153846153844
0 0.47115384615384615 0.6081730769230769 0.16346153846153846 0.21153846153846154
0 0.6237980769230769 0.5769230769230769 0.1466346153846154 0.27403846153846156
0 0.6177884615384616 0.7475961538461539 0.13942307692307693 0.12980769230769232
0 0.5096153846153846 0.8221153846153846 0.1201923076923077 0.1971153846153846
0 0.171875 0.8245192307692307 0.2283653846153846 0.34615384615384615
0 0.31009615384615385 0.9735576923076923 0.1201923076923077 0.04807692307692308
0 0.22115384615384615 0.9519230769230769 0.0673076923076923 0.09134615384615384
0 0.4074519230769231 0.8822115384615384 0.38221153846153844 0.23076923076923078
0 0.6346153846153846 0.8990384615384616 0.1346153846153846 0.1346153846153846
0 0.6754807692307693 0.8509615384615384 0.125 0.07692307692307693
0 0.7463942307692307 0.6274038461538461 0.0889423076923077 0.1346153846153846
0 0.7115384615384616 0.6802884615384616 0.07211538461538461 0.07692307692307693
0 0.8004807692307693 0.7788461538461539 0.14423076923076922 0.22115384615384615
0 0.6971153846153846 0.765625 0.0625 0.10336538461538461
0 0.7451923076923077 0.9098557692307693 0.07211538461538461 0.10336538461538461
0 0.8341346153846154 0.9086538461538461 0.11057692307692307 0.1201923076923077
0 0.8725961538461539 0.7764423076923077 0.057692307692307696 0.14423076923076922
0 0.8209134615384616 0.6213942307692307 0.06971153846153846 0.10336538461538461
0 0.7872596153846154 0.5264423076923077 0.10817307692307693 0.13942307692307693
0 0.8533653846153846 0.5132211538461539 0.08173076923076923 0.11298076923076923
0 0.9038461538461539 0.4050480769230769 0.11057692307692307 0.10336538461538461
0 0.9423076923076923 0.4855769230769231 0.11057692307692307 0.1201923076923077
0 0.90625 0.6033653846153846 0.11538461538461539 0.1201923076923077
0 0.8822115384615384 0.6923076923076923 0.057692307692307696 0.057692307692307696
0 0.9483173076923077 0.7427884615384616 0.10336538461538461 0.16346153846153846
0 0.9375 0.8557692307692307 0.11538461538461539 0.1201923076923077
0 0.9663461538461539 0.6033653846153846 0.04326923076923077 0.1201923076923077
0 0.6045673076923077 0.140625 0.24278846153846154 0.25240384615384615
0 0.35096153846153844 0.14903846153846154 0.23076923076923078 0.20192307692307693
0 0.6814903846153846 0.15264423076923078 0.23317307692307693 0.3004807692307692
0 0.6947115384615384 0.19951923076923078 0.19230769230769232 0.27884615384615385
0 0.7644230769230769 0.13822115384615385 0.125 0.17548076923076922
0 0.7451923076923077 0.20552884615384615 0.28846153846153844 0.3870192307692308
0 0.78125 0.23317307692307693 0.25961538461538464 0.36538461538461536
0 0.6201923076923077 0.4206730769230769 0.0625 0.0625
0 0.9074519230769231 0.12740384615384615 0.10817307692307693 0.16346153846153846
0 0.7776442307692307 0.2956730769230769 0.20432692307692307 0.3605769230769231
0 0.8341346153846154 0.31009615384615385 0.28846153846153844 0.44711538461538464
0 0.8978365384615384 0.27403846153846156 0.12740384615384615 0.15865384615384615
0 0.8533653846153846 0.3557692307692308 0.16346153846153846 0.20192307692307693
