0 0.7403846153846154 0.4699519230769231 0.21153846153846154 0.3293269230769231
0 0.8569711538461539 0.3954326923076923 0.14182692307692307 0.2091346153846154
0 0.5264423076923077 0.21514423076923078 0.33653846153846156 0.2620192307692308
0 0.7175480769230769 0.21514423076923078 0.16105769230769232 0.25721153846153844
0 0.30649038461538464 0.18870192307692307 0.2283653846153846 0.20432692307692307
0 0.2692307692307692 0.3581730769230769 0.25 0.22115384615384615
0 0.48197115384615385 0.4266826923076923 0.2860576923076923 0.39663461538461536
0 0.7752403846153846 0.6153846153846154 0.3004807692307692 0.16826923076923078
0 0.5600961538461539 0.6959134615384616 0.3317307692307692 0.19471153846153846
0 0.27524038461538464 0.6418269230769231 0.31971153846153844 0.3125
0 0.18028846153846154 0.4495192307692308 0.23076923076923078 0.21634615384615385
0 0.3317307692307692 0.7872596153846154 0.27403846153846156 0.19951923076923078
0 0.6069711538461539 0.8353365384615384 0.31971153846153844 0.1658653846153846
