0 0.7644230769230769 0.9699519230769231 0.04326923076923077 0.06009615384615385
0 0.7704326923076923 0.9699519230769231 0.055288461538461536 0.06009615384615385
0 0.8581730769230769 0.9879807692307693 0.04326923076923077 0.02403846153846154
0 0.265625 0.12740384615384615 0.31971153846153844 0.11538461538461539
0 0.1875 0.20192307692307693 0.17307692307692307 0.10576923076923077
0 0.34375 0.0733173076923077 0.17307692307692307 0.036057692307692304
0 0.31850961538461536 0.2127403846153846 0.38221153846153844 0.3293269230769231
0 0.40625 0.18028846153846154 0.28365384615384615 0.1778846153846154
0 0.2704326923076923 0.39663461538461536 0.43509615384615385 0.41346153846153844
0 0.1622596153846154 0.38100961538461536 0.31490384615384615 0.19951923076923078
0 0.4014423076923077 0.6298076923076923 0.40384615384615385 0.3557692307692308
0 0.6033653846153846 0.6442307692307693 0.5144230769230769 0.47596153846153844
0 0.8245192307692307 0.4519230769230769 0.1875 0.30288461538461536
0 0.7908653846153846 0.2644230769230769 0.1875 0.30288461538461536
0 0.6466346153846154 0.30288461538461536 0.25 0.2980769230769231
0 0.6009615384615384 0.13822115384615385 0.27884615384615385 0.2620192307692308
0 0.49759615384615385 0.36778846153846156 0.4326923076923077 0.46153846153846156
0 0.45913461538461536 0.45913461538461536 0.9038461538461539 0.9038461538461539
3 0.8557692307692307 0.75 0.08173076923076923 0.09615384615384616
