0 0.8966346153846154 0.6778846153846154 0.1201923076923077 0.375
0 0.9471153846153846 0.6298076923076923 0.10576923076923077 0.2932692307692308
0 0.9399038461538461 0.5144230769230769 0.1201923076923077 0.1201923076923077
0 0.84375 0.47836538461538464 0.08173076923076923 0.12980769230769232
0 0.8870192307692307 0.3918269230769231 0.0673076923076923 0.10096153846153846
0 0.84375 0.37740384615384615 0.0625 0.08173076923076923
0 0.7908653846153846 0.4423076923076923 0.0673076923076923 0.1201923076923077
0 0.7475961538461539 0.46634615384615385 0.04326923076923077 0.07211538461538461
0 0.8100961538461539 0.8762019230769231 0.30288461538461536 0.24759615384615385
0 0.8557692307692307 0.6478365384615384 0.0625 0.25721153846153844
0 0.7836538461538461 0.6935096153846154 0.11057692307692307 0.23798076923076922
0 0.8341346153846154 0.6370192307692307 0.057692307692307696 0.07692307692307693
0 0.8197115384615384 0.5528846153846154 0.10096153846153846 0.10096153846153846
0 0.7956730769230769 0.3605769230769231 0.03365384615384615 0.04807692307692308
0 0.75 0.38341346153846156 0.0673076923076923 0.10817307692307693
0 0.7055288461538461 0.4411057692307692 0.06009615384615385 0.0889423076923077
0 0.6634615384615384 0.4206730769230769 0.0673076923076923 0.07211538461538461
0 0.6682692307692307 0.375 0.0625 0.07692307692307693
0 0.7103365384615384 0.35096153846153844 0.026442307692307692 0.028846153846153848
0 0.6117788461538461 0.36899038461538464 0.05048076923076923 0.06490384615384616
0 0.6009615384615384 0.4206730769230769 0.057692307692307696 0.07211538461538461
0 0.5841346153846154 0.5096153846153846 0.07692307692307693 0.10576923076923077
0 0.5336538461538461 0.4423076923076923 0.08173076923076923 0.09615384615384616
0 0.5432692307692307 0.3629807692307692 0.08173076923076923 0.125
0 0.5168269230769231 0.27283653846153844 0.07211538461538461 0.0889423076923077
0 0.49278846153846156 0.33413461538461536 0.04807692307692308 0.10096153846153846
0 0.7608173076923077 0.30649038461538464 0.3870192307692308 0.08413461538461539
0 0.7487980769230769 0.234375 0.4639423076923077 0.10817307692307693
0 0.6887019230769231 0.17548076923076922 0.4206730769230769 0.09615384615384616
0 0.7007211538461539 0.09735576923076923 0.47836538461538464 0.18028846153846154
0 0.25721153846153844 0.2956730769230769 0.42788461538461536 0.1201923076923077
0 0.40865384615384615 0.24158653846153846 0.14423076923076922 0.06009615384615385
0 0.3293269230769231 0.21033653846153846 0.4519230769230769 0.06009615384615385
0 0.28725961538461536 0.13942307692307693 0.31971153846153844 0.07211538461538461
0 0.4206730769230769 0.4254807692307692 0.2644230769230769 0.1778846153846154
0 0.33413461538461536 0.41586538461538464 0.08173076923076923 0.10096153846153846
0 0.4230769230769231 0.46153846153846156 0.1346153846153846 0.14423076923076922
0 0.5036057692307693 0.5528846153846154 0.09375 0.125
0 0.46875 0.6466346153846154 0.25 0.1778846153846154
0 0.5576923076923077 0.7115384615384616 0.12980769230769232 0.15384615384615385
0 0.6274038461538461 0.7524038461538461 0.052884615384615384 0.10576923076923077
0 0.6838942307692307 0.7439903846153846 0.09375 0.16105769230769232
0 0.7451923076923077 0.7331730769230769 0.038461538461538464 0.052884615384615384
0 0.7451923076923077 0.6610576923076923 0.07211538461538461 0.10096153846153846
0 0.5793269230769231 0.8605769230769231 0.08653846153846154 0.10576923076923077
0 0.6358173076923077 0.8810096153846154 0.06009615384615385 0.0889423076923077
0 0.6586538461538461 0.9254807692307693 0.038461538461538464 0.04807692307692308
0 0.5456730769230769 0.9194711538461539 0.052884615384615384 0.06009615384615385
0 0.5 0.8725961538461539 0.07211538461538461 0.09615384615384616
0 0.3485576923076923 0.9110576923076923 0.2932692307692308 0.1778846153846154
0 0.41586538461538464 0.8605769230769231 0.09134615384615384 0.1201923076923077
0 0.45913461538461536 0.7716346153846154 0.09615384615384616 0.10576923076923077
0 0.31009615384615385 0.7668269230769231 0.20673076923076922 0.24519230769230768
0 0.109375 0.6730769230769231 0.21394230769230768 0.6009615384615384
0 0.13701923076923078 0.578125 0.12980769230769232 0.21875
0 0.2247596153846154 0.41466346153846156 0.15144230769230768 0.23798076923076922
0 0.08413461538461539 0.3918269230769231 0.13942307692307693 0.23076923076923078
0 0.3798076923076923 0.5841346153846154 0.13942307692307693 0.17307692307692307
0 0.2692307692307692 0.6514423076923077 0.1201923076923077 0.1201923076923077
0 0.34134615384615385 0.6466346153846154 0.07692307692307693 0.10576923076923077
0 0.27884615384615385 0.5528846153846154 0.09134615384615384 0.125
