0 0.9254807692307693 0.6021634615384616 0.14903846153846154 0.3485576923076923
0 0.9350961538461539 0.8990384615384616 0.12980769230769232 0.19230769230769232
0 0.9615384615384616 0.2956730769230769 0.07692307692307693 0.2644230769230769
0 0.8617788461538461 0.3858173076923077 0.15144230769230768 0.2764423076923077
0 0.9110576923076923 0.19591346153846154 0.08173076923076923 0.14182692307692307
0 0.8137019230769231 0.13822115384615385 0.14182692307692307 0.27163461538461536
0 0.7740384615384616 0.49759615384615385 0.13942307692307693 0.2644230769230769
0 0.8401442307692307 0.6610576923076923 0.07451923076923077 0.23076923076923078
0 0.7620192307692307 0.7475961538461539 0.1346153846153846 0.2403846153846154
0 0.6225961538461539 0.5889423076923077 0.12980769230769232 0.2692307692307692
0 0.7043269230769231 0.5925480769230769 0.04326923076923077 0.13701923076923078
0 0.6310096153846154 0.7668269230769231 0.13221153846153846 0.1346153846153846
0 0.48197115384615385 0.8425480769230769 0.22355769230769232 0.31009615384615385
0 0.7415865384615384 0.7932692307692307 0.31490384615384615 0.14903846153846154
0 0.7608173076923077 0.8846153846153846 0.47836538461538464 0.22596153846153846
0 0.5853365384615384 0.42908653846153844 0.4110576923076923 0.3485576923076923
0 0.6478365384615384 0.2439903846153846 0.11778846153846154 0.21394230769230768
0 0.6911057692307693 0.13822115384615385 0.2091346153846154 0.27163461538461536
0 0.5180288461538461 0.23798076923076922 0.18990384615384615 0.3557692307692308
0 0.4651442307692308 0.12259615384615384 0.2860576923076923 0.2403846153846154
0 0.21394230769230768 0.2860576923076923 0.39903846153846156 0.5288461538461539
0 0.3894230769230769 0.4254807692307692 0.16826923076923078 0.3173076923076923
0 0.234375 0.5180288461538461 0.11778846153846154 0.25721153846153844
0 0.36177884615384615 0.7956730769230769 0.14182692307692307 0.2980769230769231
0 0.08653846153846154 0.9507211538461539 0.16826923076923078 0.09375
0 0.21394230769230768 0.9266826923076923 0.3269230769230769 0.14182692307692307
0 0.04447115384615385 0.8930288461538461 0.08413461538461539 0.15625
0 0.24879807692307693 0.7728365384615384 0.11778846153846154 0.2764423076923077
0 0.15985576923076922 0.7451923076923077 0.10817307692307693 0.20673076923076922
0 0.12139423076923077 0.5252403846153846 0.11298076923076923 0.25721153846153844
0 0.055288461538461536 0.7475961538461539 0.10576923076923077 0.25
0 0.26802884615384615 0.07692307692307693 0.10336538461538461 0.14903846153846154
0 0.038461538461538464 0.48677884615384615 0.07211538461538461 0.3870192307692308
0 0.016826923076923076 0.1971153846153846 0.028846153846153848 0.20673076923076922
0 0.04927884615384615 0.07091346153846154 0.09375 0.13701923076923078
0 0.10817307692307693 0.15745192307692307 0.04326923076923077 0.11778846153846154
0 0.15504807692307693 0.12139423076923077 0.06009615384615385 0.0985576923076923
0 0.16466346153846154 0.04447115384615385 0.04567307692307692 0.08413461538461539
0 0.20192307692307693 0.054086538461538464 0.028846153846153848 0.0889423076923077
0 0.11177884615384616 0.051682692307692304 0.04567307692307692 0.0985576923076923
