0 0.21875 0.7596153846153846 0.25961538461538464 0.1875
0 0.22355769230769232 0.5853365384615384 0.25 0.18990384615384615
0 0.28846153846153844 0.38822115384615385 0.23076923076923078 0.18990384615384615
0 0.23197115384615385 0.203125 0.27163461538461536 0.19471153846153846
0 0.5649038461538461 0.7524038461538461 0.24519230769230768 0.18269230769230768
0 0.4807692307692308 0.5769230769230769 0.2548076923076923 0.21153846153846154
0 0.4795673076923077 0.39302884615384615 0.18509615384615385 0.17067307692307693
0 0.5036057692307693 0.2980769230769231 0.18990384615384615 0.07692307692307693
0 0.49278846153846156 0.19591346153846154 0.25961538461538464 0.19471153846153846
0 0.7836538461538461 0.7079326923076923 0.25 0.18028846153846154
0 0.7355769230769231 0.5420673076923077 0.24519230769230768 0.17548076923076922
0 0.7572115384615384 0.38461538461538464 0.22115384615384615 0.15865384615384615
0 0.8341346153846154 0.21754807692307693 0.23076923076923078 0.18990384615384615
