0 0.9399038461538461 0.30288461538461536 0.11538461538461539 0.1971153846153846
0 0.8701923076923077 0.3245192307692308 0.125 0.14423076923076922
0 0.9290865384615384 0.5420673076923077 0.13701923076923078 0.19951923076923078
0 0.8701923076923077 0.6213942307692307 0.15865384615384615 0.15625
0 0.9182692307692307 0.7836538461538461 0.15865384615384615 0.19230769230769232
0 0.8028846153846154 0.8509615384615384 0.20192307692307693 0.1971153846153846
0 0.8016826923076923 0.9807692307692307 0.19951923076923078 0.038461538461538464
0 0.7211538461538461 0.9242788461538461 0.15865384615384615 0.12259615384615384
0 0.6177884615384616 0.8028846153846154 0.14903846153846154 0.09134615384615384
0 0.7115384615384616 0.7632211538461539 0.14903846153846154 0.15625
0 0.6538461538461539 0.6201923076923077 0.12980769230769232 0.11057692307692307
0 0.7572115384615384 0.6177884615384616 0.11057692307692307 0.09615384615384616
0 0.7848557692307693 0.5288461538461539 0.14182692307692307 0.08653846153846154
0 0.7211538461538461 0.46634615384615385 0.14903846153846154 0.14423076923076922
0 0.8112980769230769 0.3858173076923077 0.14182692307692307 0.14182692307692307
0 0.7427884615384616 0.24158653846153846 0.14903846153846154 0.09375
0 0.8305288461538461 0.1778846153846154 0.13701923076923078 0.13942307692307693
0 0.7403846153846154 0.0889423076923077 0.11057692307692307 0.1346153846153846
0 0.6538461538461539 0.09254807692307693 0.08653846153846154 0.12259615384615384
0 0.5600961538461539 0.9134615384615384 0.11057692307692307 0.10096153846153846
0 0.6045673076923077 0.9350961538461539 0.18509615384615385 0.12980769230769232
0 0.5360576923076923 0.8497596153846154 0.125 0.12259615384615384
0 0.46634615384615385 0.7956730769230769 0.11057692307692307 0.11057692307692307
0 0.5600961538461539 0.6995192307692307 0.11057692307692307 0.13942307692307693
0 0.49038461538461536 0.6394230769230769 0.1201923076923077 0.1346153846153846
0 0.6153846153846154 0.5721153846153846 0.1201923076923077 0.12980769230769232
0 0.5492788461538461 0.515625 0.0985576923076923 0.12740384615384615
0 0.5865384615384616 0.3701923076923077 0.1201923076923077 0.1346153846153846
0 0.5961538461538461 0.21875 0.125 0.1201923076923077
0 0.6923076923076923 0.23918269230769232 0.1201923076923077 0.12740384615384615
0 0.6754807692307693 0.39903846153846156 0.11057692307692307 0.10576923076923077
0 0.4951923076923077 0.13221153846153846 0.15384615384615385 0.11057692307692307
0 0.5528846153846154 0.02403846153846154 0.11538461538461539 0.03365384615384615
0 0.47596153846153844 0.021634615384615384 0.07211538461538461 0.028846153846153848
0 0.40384615384615385 0.016826923076923076 0.08173076923076923 0.019230769230769232
0 0.41346153846153844 0.125 0.11057692307692307 0.12980769230769232
0 0.3641826923076923 0.21153846153846154 0.14182692307692307 0.09615384615384616
0 0.45072115384615385 0.26322115384615385 0.14182692307692307 0.10817307692307693
0 0.39663461538461536 0.3173076923076923 0.1201923076923077 0.09615384615384616
0 0.4519230769230769 0.39663461538461536 0.12980769230769232 0.10576923076923077
0 0.38461538461538464 0.4338942307692308 0.12980769230769232 0.07932692307692307
0 0.31490384615384615 0.4338942307692308 0.11057692307692307 0.10817307692307693
0 0.4098557692307692 0.5324519230769231 0.13701923076923078 0.09375
0 0.35216346153846156 0.5721153846153846 0.14182692307692307 0.08653846153846154
0 0.28125 0.6346153846153846 0.1201923076923077 0.08653846153846154
0 0.3954326923076923 0.6658653846153846 0.14182692307692307 0.11538461538461539
0 0.34615384615384615 0.7067307692307693 0.11057692307692307 0.09615384615384616
0 0.25 0.5817307692307693 0.0673076923076923 0.03365384615384615
0 0.21634615384615385 0.5612980769230769 0.0673076923076923 0.05048076923076923
0 0.2932692307692308 0.5252403846153846 0.0673076923076923 0.06490384615384616
0 0.25 0.5120192307692307 0.052884615384615384 0.052884615384615384
0 0.19471153846153846 0.5048076923076923 0.052884615384615384 0.0625
0 0.22355769230769232 0.46634615384615385 0.04807692307692308 0.04326923076923077
0 0.22115384615384615 0.4014423076923077 0.052884615384615384 0.07211538461538461
0 0.2548076923076923 0.36778846153846156 0.0673076923076923 0.0625
0 0.29447115384615385 0.31971153846153844 0.06009615384615385 0.0625
0 0.3293269230769231 0.28966346153846156 0.04807692307692308 0.05048076923076923
0 0.27163461538461536 0.25961538461538464 0.052884615384615384 0.0673076923076923
0 0.27884615384615385 0.1310096153846154 0.08173076923076923 0.06490384615384616
0 0.34375 0.078125 0.07211538461538461 0.06490384615384616
0 0.29086538461538464 0.04567307692307692 0.07211538461538461 0.052884615384615384
0 0.3605769230769231 0.03125 0.07211538461538461 0.04807692307692308
