0 0.6057692307692307 0.4879807692307692 0.07211538461538461 0.08653846153846154
0 0.7127403846153846 0.46274038461538464 0.08413461538461539 0.036057692307692304
0 0.7788461538461539 0.5024038461538461 0.08173076923076923 0.04807692307692308
0 0.7091346153846154 0.6454326923076923 0.3894230769230769 0.4879807692307692
0 0.6370192307692307 0.8293269230769231 0.057692307692307696 0.08653846153846154
0 0.5408653846153846 0.5600961538461539 0.07211538461538461 0.0673076923076923
0 0.53125 0.5024038461538461 0.0625 0.07692307692307693
0 0.49278846153846156 0.7319711538461539 0.24519230769230768 0.30528846153846156
0 0.41947115384615385 0.2403846153846154 0.06971153846153846 0.07211538461538461
0 0.38341346153846156 0.4495192307692308 0.25721153846153844 0.34134615384615385
0 0.22355769230769232 0.6213942307692307 0.28846153846153844 0.5649038461538461
