0 0.04326923076923077 0.22115384615384615 0.08173076923076923 0.4375
0 0.20192307692307693 0.109375 0.2548076923076923 0.21394230769230768
0 0.29447115384615385 0.19951923076923078 0.10336538461538461 0.20192307692307693
0 0.25721153846153844 0.1814903846153846 0.028846153846153848 0.036057692307692304
0 0.359375 0.12139423076923077 0.040865384615384616 0.09375
0 0.35697115384615385 0.22596153846153846 0.055288461538461536 0.10096153846153846
0 0.32091346153846156 0.27283653846153844 0.021634615384615384 0.040865384615384616
0 0.33774038461538464 0.3161057692307692 0.08413461538461539 0.0889423076923077
0 0.25 0.3293269230769231 0.1201923076923077 0.10576923076923077
0 0.12620192307692307 0.2668269230769231 0.1466346153846154 0.20673076923076922
0 0.12860576923076922 0.35336538461538464 0.15625 0.14423076923076922
0 0.04567307692307692 0.41466346153846156 0.038461538461538464 0.06009615384615385
0 0.20432692307692307 0.5 0.40384615384615385 0.27884615384615385
0 0.375 0.5564903846153846 0.07692307692307693 0.09375
0 0.25240384615384615 0.7259615384615384 0.36538461538461536 0.3269230769230769
0 0.3173076923076923 0.6983173076923077 0.038461538461538464 0.11778846153846154
0 0.28125 0.6418269230769231 0.057692307692307696 0.07692307692307693
0 0.3269230769230769 0.8100961538461539 0.04326923076923077 0.07692307692307693
0 0.30528846153846156 0.8930288461538461 0.07692307692307693 0.16105769230769232
0 0.13221153846153846 0.7764423076923077 0.11057692307692307 0.15384615384615385
0 0.16826923076923078 0.8233173076923077 0.3317307692307692 0.3485576923076923
0 0.19110576923076922 0.9411057692307693 0.2283653846153846 0.11298076923076923
