0 0.640625 0.5108173076923077 0.31490384615384615 0.24278846153846154
0 0.44711538461538464 0.37259615384615385 0.14423076923076922 0.1201923076923077
0 0.14182692307692307 0.9375 0.2692307692307692 0.125
0 0.05889423076923077 0.8581730769230769 0.10336538461538461 0.0673076923076923
0 0.19951923076923078 0.8064903846153846 0.23557692307692307 0.1466346153846154
0 0.2668269230769231 0.7860576923076923 0.28846153846153844 0.10576923076923077
0 0.24759615384615385 0.6682692307692307 0.21153846153846154 0.14903846153846154
0 0.12740384615384615 0.6117788461538461 0.23557692307692307 0.2283653846153846
0 0.1346153846153846 0.5216346153846154 0.22115384615384615 0.10576923076923077
0 0.04567307692307692 0.7836538461538461 0.07692307692307693 0.125
0 0.10336538461538461 0.4483173076923077 0.1201923076923077 0.05048076923076923
0 0.20072115384615385 0.35336538461538464 0.3870192307692308 0.33653846153846156
0 0.0985576923076923 0.16826923076923078 0.12980769230769232 0.07692307692307693
0 0.3125 0.19471153846153846 0.2692307692307692 0.17307692307692307
0 0.20432692307692307 0.07451923076923077 0.27884615384615385 0.1346153846153846
0 0.05048076923076923 0.08052884615384616 0.08173076923076923 0.1466346153846154
0 0.33052884615384615 0.33413461538461536 0.18028846153846154 0.11538461538461539
0 0.515625 0.27163461538461536 0.17067307692307693 0.1346153846153846
0 0.6766826923076923 0.28365384615384615 0.25240384615384615 0.1875
0 0.7668269230769231 0.22115384615384615 0.28846153846153844 0.17307692307692307
0 0.6418269230769231 0.10096153846153846 0.6490384615384616 0.1875
0 0.8149038461538461 0.051682692307692304 0.13942307692307693 0.0889423076923077
0 0.6346153846153846 0.028846153846153848 0.21153846153846154 0.04807692307692308
0 0.9338942307692307 0.1502403846153846 0.13221153846153846 0.15625
0 0.9338942307692307 0.27403846153846156 0.13221153846153846 0.12980769230769232
0 0.9026442307692307 0.3641826923076923 0.19471153846153846 0.13221153846153846
0 0.8365384615384616 0.4543269230769231 0.15865384615384615 0.10096153846153846
0 0.7355769230769231 0.39663461538461536 0.07211538461538461 0.0625
0 0.5132211538461539 0.4375 0.10336538461538461 0.07211538461538461
0 0.35096153846153844 0.4807692307692308 0.30288461538461536 0.13942307692307693
0 0.4074519230769231 0.53125 0.10817307692307693 0.08653846153846154
0 0.3557692307692308 0.5841346153846154 0.0673076923076923 0.07211538461538461
0 0.4855769230769231 0.6466346153846154 0.2932692307692308 0.16826923076923078
0 0.42788461538461536 0.8149038461538461 0.22115384615384615 0.1971153846153846
0 0.3245192307692308 0.9122596153846154 0.07692307692307693 0.07451923076923077
0 0.34375 0.8677884615384616 0.07211538461538461 0.038461538461538464
0 0.36538461538461536 0.9723557692307693 0.19230769230769232 0.055288461538461536
0 0.37259615384615385 0.9375 0.09615384615384616 0.10096153846153846
0 0.43149038461538464 0.9519230769230769 0.03125 0.0673076923076923
0 0.45913461538461536 0.9567307692307693 0.08653846153846154 0.09134615384615384
0 0.6237980769230769 0.8617788461538461 0.2668269230769231 0.2764423076923077
0 0.8028846153846154 0.9471153846153846 0.17307692307692307 0.10576923076923077
0 0.7704326923076923 0.8389423076923077 0.10336538461538461 0.14423076923076922
0 0.7596153846153846 0.7331730769230769 0.22596153846153846 0.125
0 0.7127403846153846 0.6370192307692307 0.24278846153846154 0.10576923076923077
0 0.9290865384615384 0.6021634615384616 0.14182692307692307 0.1658653846153846
0 0.8629807692307693 0.5649038461538461 0.15384615384615385 0.09615384615384616
0 0.9471153846153846 0.7932692307692307 0.10576923076923077 0.20673076923076922
0 0.9086538461538461 0.9050480769230769 0.18269230769230768 0.19471153846153846
0 0.8269230769230769 0.7872596153846154 0.1971153846153846 0.09375
0 0.9567307692307693 0.4735576923076923 0.09134615384615384 0.09134615384615384
0 0.5012019230769231 0.5036057692307693 0.9975961538461539 0.9975961538461539
