0 0.5 0.6021634615384616 0.14423076923076922 0.37740384615384615
0 0.36658653846153844 0.6057692307692307 0.09375 0.3557692307692308
0 0.42427884615384615 0.6201923076923077 0.05048076923076923 0.3173076923076923
0 0.28725961538461536 0.6117788461538461 0.23317307692307693 0.4206730769230769
0 0.15144230769230768 0.8004807692307693 0.21153846153846154 0.3269230769230769
0 0.13701923076923078 0.5300480769230769 0.15384615384615385 0.31009615384615385
0 0.04326923076923077 0.5901442307692307 0.08173076923076923 0.23798076923076922
0 0.030048076923076924 0.8557692307692307 0.055288461538461536 0.28365384615384615
0 0.6117788461538461 0.32572115384615385 0.11298076923076923 0.21875
0 0.7247596153846154 0.3137019230769231 0.12740384615384615 0.17548076923076922
0 0.7836538461538461 0.39302884615384615 0.17307692307692307 0.18028846153846154
0 0.4026442307692308 0.6213942307692307 0.45913461538461536 0.7427884615384616
