0 0.7896634615384616 0.9579326923076923 0.4014423076923077 0.08413461538461539
0 0.8317307692307693 0.8689903846153846 0.2932692307692308 0.1466346153846154
0 0.9615384615384616 0.9230769230769231 0.07211538461538461 0.13942307692307693
0 0.9711538461538461 0.75 0.052884615384615384 0.13942307692307693
0 0.7163461538461539 0.7884615384615384 0.5625 0.2548076923076923
0 0.5288461538461539 0.9495192307692307 0.16826923076923078 0.10096153846153846
0 0.39903846153846156 0.8629807692307693 0.19230769230769232 0.1778846153846154
0 0.375 0.9675480769230769 0.2644230769230769 0.06490384615384616
0 0.29086538461538464 0.8461538461538461 0.22596153846153846 0.20673076923076922
0 0.14302884615384615 0.9302884615384616 0.28125 0.13942307692307693
0 0.12259615384615384 0.8052884615384616 0.2403846153846154 0.21634615384615385
0 0.49038461538461536 0.6081730769230769 0.7980769230769231 0.3173076923076923
0 0.8088942307692307 0.6177884615384616 0.37740384615384615 0.20673076923076922
0 0.875 0.4362980769230769 0.24519230769230768 0.17548076923076922
0 0.6225961538461539 0.36778846153846156 0.5096153846153846 0.23557692307692307
0 0.18870192307692307 0.41225961538461536 0.37259615384615385 0.2283653846153846
0 0.17668269230769232 0.23798076923076922 0.3485576923076923 0.18269230769230768
0 0.5817307692307693 0.12259615384615384 0.5192307692307693 0.2403846153846154
0 0.7355769230769231 0.12980769230769232 0.5240384615384616 0.25
0 0.27163461538461536 0.04567307692307692 0.25 0.08173076923076923
0 0.21153846153846154 0.1141826923076923 0.25 0.10336538461538461
0 0.22115384615384615 0.22115384615384615 0.24519230769230768 0.12980769230769232
0 0.17668269230769232 0.234375 0.3485576923076923 0.18509615384615385
0 0.07932692307692307 0.07211538461538461 0.15384615384615385 0.1346153846153846
