0 0.34975961538461536 0.10817307692307693 0.2283653846153846 0.20192307692307693
0 0.2548076923076923 0.3485576923076923 0.1778846153846154 0.28846153846153844
0 0.4567307692307692 0.3389423076923077 0.23557692307692307 0.2980769230769231
0 0.5192307692307693 0.11298076923076923 0.12980769230769232 0.21153846153846154
0 0.6225961538461539 0.22355769230769232 0.15865384615384615 0.21634615384615385
0 0.5925480769230769 0.41346153846153844 0.0889423076923077 0.14903846153846154
0 0.6826923076923077 0.36778846153846156 0.10096153846153846 0.1346153846153846
0 0.7379807692307693 0.36899038461538464 0.04326923076923077 0.11298076923076923
0 0.7956730769230769 0.30288461538461536 0.13942307692307693 0.3798076923076923
0 0.5060096153846154 0.5769230769230769 0.12740384615384615 0.15865384615384615
0 0.35096153846153844 0.5901442307692307 0.1778846153846154 0.25721153846153844
0 0.46875 0.7475961538461539 0.14903846153846154 0.19230769230769232
0 0.3473557692307692 0.8221153846153846 0.18509615384615385 0.20673076923076922
0 0.5372596153846154 0.6478365384615384 0.5456730769230769 0.7043269230769231
0 0.6682692307692307 0.49158653846153844 0.11057692307692307 0.11298076923076923
0 0.6346153846153846 0.6069711538461539 0.08173076923076923 0.10336538461538461
0 0.7451923076923077 0.6394230769230769 0.07211538461538461 0.09615384615384616
0 0.7620192307692307 0.5264423076923077 0.04326923076923077 0.1201923076923077
0 0.8052884615384616 0.6370192307692307 0.052884615384615384 0.1346153846153846
0 0.7067307692307693 0.7355769230769231 0.09615384615384616 0.125
0 0.6754807692307693 0.8293269230769231 0.10096153846153846 0.13942307692307693
0 0.7427884615384616 0.8557692307692307 0.04326923076923077 0.08653846153846154
0 0.6622596153846154 0.9362980769230769 0.18990384615384615 0.12740384615384615
0 0.765625 0.9855769230769231 0.021634615384615384 0.028846153846153848
0 0.5697115384615384 0.6730769230769231 0.18269230769230768 0.40384615384615385
5 0.13822115384615385 0.7764423076923077 0.2620192307692308 0.4519230769230769
5 0.109375 0.53125 0.20432692307692307 0.13942307692307693
5 0.07091346153846154 0.24158653846153846 0.12740384615384615 0.46875
5 0.17067307692307693 0.11298076923076923 0.11057692307692307 0.21153846153846154
5 0.25 0.1778846153846154 0.0625 0.0625
5 0.32572115384615385 0.23798076923076922 0.05048076923076923 0.057692307692307696
5 0.9326923076923077 0.5024038461538461 0.13942307692307693 0.9951923076923077
5 0.5192307692307693 0.9675480769230769 0.12980769230769232 0.06490384615384616
