0 0.4266826923076923 0.2692307692307692 0.4206730769230769 0.08173076923076923
0 0.625 0.30408653846153844 0.5336538461538461 0.0889423076923077
0 0.5913461538461539 0.32211538461538464 0.5384615384615384 0.08173076923076923
0 0.41586538461538464 0.44471153846153844 0.47115384615384615 0.3173076923076923
0 0.6177884615384616 0.46033653846153844 0.24519230769230768 0.06971153846153846
0 0.5685096153846154 0.39302884615384615 0.43990384615384615 0.0985576923076923
0 0.8137019230769231 0.46634615384615385 0.24278846153846154 0.11538461538461539
0 0.8629807692307693 0.39903846153846156 0.21634615384615385 0.11538461538461539
0 0.32572115384615385 0.5396634615384616 0.5649038461538461 0.21394230769230768
0 0.18870192307692307 0.6418269230769231 0.3389423076923077 0.3894230769230769
0 0.3762019230769231 0.6826923076923077 0.31009615384615385 0.23076923076923078
0 0.5997596153846154 0.6959134615384616 0.24278846153846154 0.16105769230769232
0 0.7043269230769231 0.6826923076923077 0.23076923076923078 0.23076923076923078
0 0.8665865384615384 0.5793269230769231 0.25240384615384615 0.1201923076923077
