0 0.2848557692307692 0.5144230769230769 0.5552884615384616 0.6298076923076923
0 0.4675480769230769 0.08173076923076923 0.4495192307692308 0.14903846153846154
0 0.25600961538461536 0.9266826923076923 0.49759615384615385 0.1466346153846154
0 0.6141826923076923 0.8173076923076923 0.4206730769230769 0.36538461538461536
0 0.6826923076923077 0.4326923076923077 0.3798076923076923 0.46634615384615385
0 0.7283653846153846 0.13701923076923078 0.3942307692307692 0.25961538461538464
0 0.8870192307692307 0.5360576923076923 0.22596153846153846 0.42788461538461536
0 0.9783653846153846 0.8942307692307693 0.04807692307692308 0.21153846153846154
0 0.8834134615384616 0.8641826923076923 0.13221153846153846 0.27163461538461536
0 0.9387019230769231 0.19230769230769232 0.12259615384615384 0.375
