0 0.4254807692307692 0.2848557692307692 0.34134615384615385 0.4639423076923077
0 0.17668269230769232 0.5576923076923077 0.21875 0.6923076923076923
0 0.16947115384615385 0.6514423076923077 0.23798076923076922 0.5288461538461539
0 0.28365384615384615 0.8918269230769231 0.19230769230769232 0.21634615384615385
0 0.38100961538461536 0.6802884615384616 0.18990384615384615 0.49038461538461536
0 0.53125 0.6538461538461539 0.21634615384615385 0.6682692307692307
0 0.6213942307692307 0.44350961538461536 0.21875 0.5408653846153846
0 0.7391826923076923 0.3317307692307692 0.2956730769230769 0.6442307692307693
0 0.8605769230769231 0.3581730769230769 0.18269230769230768 0.5480769230769231
0 0.71875 0.7043269230769231 0.18269230769230768 0.3125
0 0.6875 0.9194711538461539 0.27403846153846156 0.16105769230769232
0 0.5949519230769231 0.9098557692307693 0.15144230769230768 0.14182692307692307
