0 0.6850961538461539 0.21153846153846154 0.21634615384615385 0.40384615384615385
0 0.9086538461538461 0.21394230769230768 0.18269230769230768 0.40865384615384615
0 0.8076923076923077 0.04326923076923077 0.15384615384615385 0.07211538461538461
0 0.4254807692307692 0.13221153846153846 0.19230769230769232 0.24519230769230768
0 0.5709134615384616 0.052884615384615384 0.1466346153846154 0.08653846153846154
0 0.47115384615384615 0.5024038461538461 0.25961538461538464 0.4423076923076923
0 0.7932692307692307 0.5516826923076923 0.2644230769230769 0.37740384615384615
0 0.8834134615384616 0.8365384615384616 0.23798076923076922 0.3269230769230769
0 0.9543269230769231 0.5649038461538461 0.09134615384615384 0.3605769230769231
0 0.2920673076923077 0.24158653846153846 0.25240384615384615 0.33413461538461536
0 0.09615384615384616 0.12259615384615384 0.18269230769230768 0.23076923076923078
0 0.1201923076923077 0.4014423076923077 0.23076923076923078 0.34134615384615385
0 0.24519230769230768 0.6213942307692307 0.30288461538461536 0.3389423076923077
0 0.11057692307692307 0.8052884615384616 0.20673076923076922 0.3701923076923077
0 0.3004807692307692 0.8617788461538461 0.2548076923076923 0.2764423076923077
0 0.5637019230769231 0.8317307692307693 0.24759615384615385 0.33653846153846156
0 0.7223557692307693 0.9627403846153846 0.20432692307692307 0.07451923076923077
0 0.7223557692307693 0.7956730769230769 0.14182692307692307 0.2403846153846154
0 0.06971153846153846 0.5841346153846154 0.12980769230769232 0.125
