0 0.890625 0.27884615384615385 0.1658653846153846 0.27403846153846156
0 0.96875 0.16346153846153846 0.0625 0.3125
0 0.8677884615384616 0.10576923076923077 0.15865384615384615 0.19230769230769232
0 0.7115384615384616 0.48677884615384615 0.21153846153846154 0.33413461538461536
0 0.6899038461538461 0.27163461538461536 0.28846153846153844 0.3557692307692308
0 0.65625 0.13581730769230768 0.1875 0.25240384615384615
0 0.7668269230769231 0.21754807692307693 0.0625 0.10817307692307693
0 0.7524038461538461 0.08052884615384616 0.16826923076923078 0.1466346153846154
0 0.5396634615384616 0.3581730769230769 0.1466346153846154 0.22596153846153846
0 0.5865384615384616 0.5721153846153846 0.15384615384615385 0.27884615384615385
0 0.4579326923076923 0.45552884615384615 0.13221153846153846 0.16105769230769232
0 0.44711538461538464 0.33653846153846156 0.057692307692307696 0.12980769230769232
0 0.29086538461538464 0.23918269230769232 0.25 0.3004807692307692
0 0.3954326923076923 0.1466346153846154 0.2956730769230769 0.27403846153846156
0 0.49759615384615385 0.06370192307692307 0.20192307692307693 0.11298076923076923
0 0.22115384615384615 0.06370192307692307 0.07692307692307693 0.11298076923076923
0 0.06610576923076923 0.09375 0.12259615384615384 0.17307692307692307
0 0.890625 0.6382211538461539 0.1658653846153846 0.24759615384615385
0 0.9807692307692307 0.5805288461538461 0.038461538461538464 0.2091346153846154
0 0.9579326923076923 0.7836538461538461 0.08413461538461539 0.2692307692307692
0 0.9711538461538461 0.9603365384615384 0.057692307692307696 0.07932692307692307
0 0.9399038461538461 0.9170673076923077 0.11057692307692307 0.16105769230769232
0 0.8533653846153846 0.8533653846153846 0.15384615384615385 0.22596153846153846
0 0.7475961538461539 0.7199519230769231 0.11538461538461539 0.15625
0 0.6610576923076923 0.7644230769230769 0.11057692307692307 0.14423076923076922
0 0.7379807692307693 0.8293269230769231 0.08173076923076923 0.08173076923076923
0 0.7259615384615384 0.9230769230769231 0.09134615384615384 0.13942307692307693
0 0.8173076923076923 0.9447115384615384 0.08653846153846154 0.11057692307692307
0 0.6454326923076923 0.9579326923076923 0.11298076923076923 0.08413461538461539
0 0.6538461538461539 0.8798076923076923 0.057692307692307696 0.08653846153846154
0 0.5961538461538461 0.8076923076923077 0.10096153846153846 0.1346153846153846
0 0.5588942307692307 0.9387019230769231 0.07932692307692307 0.12259615384615384
0 0.5168269230769231 0.9038461538461539 0.04807692307692308 0.08173076923076923
0 0.5492788461538461 0.8461538461538461 0.06971153846153846 0.08653846153846154
0 0.5048076923076923 0.8064903846153846 0.04807692307692308 0.06971153846153846
0 0.5384615384615384 0.7740384615384616 0.03365384615384615 0.057692307692307696
0 0.47836538461538464 0.8737980769230769 0.028846153846153848 0.06490384615384616
0 0.46875 0.9447115384615384 0.052884615384615384 0.08653846153846154
0 0.5372596153846154 0.9735576923076923 0.12259615384615384 0.052884615384615384
0 0.48197115384615385 0.9903846153846154 0.07451923076923077 0.019230769230769232
0 0.4050480769230769 0.96875 0.10336538461538461 0.0625
0 0.3870192307692308 0.9663461538461539 0.04807692307692308 0.052884615384615384
0 0.4375 0.8966346153846154 0.052884615384615384 0.07692307692307693
0 0.4014423076923077 0.9038461538461539 0.02403846153846154 0.04807692307692308
0 0.4519230769230769 0.8245192307692307 0.038461538461538464 0.052884615384615384
0 0.4230769230769231 0.8341346153846154 0.03365384615384615 0.057692307692307696
0 0.40384615384615385 0.8413461538461539 0.028846153846153848 0.07692307692307693
0 0.3870192307692308 0.8581730769230769 0.02403846153846154 0.052884615384615384
0 0.3701923076923077 0.8581730769230769 0.014423076923076924 0.04326923076923077
0 0.3485576923076923 0.921875 0.07211538461538461 0.06490384615384616
0 0.3605769230769231 0.9651442307692307 0.0673076923076923 0.06490384615384616
0 0.33653846153846156 0.8798076923076923 0.052884615384615384 0.052884615384615384
0 0.20192307692307693 0.984375 0.019230769230769232 0.03125
0 0.2247596153846154 0.9723557692307693 0.021634615384615384 0.026442307692307692
0 0.2283653846153846 0.9951923076923077 0.028846153846153848 0.014423076923076924
0 0.27283653846153844 0.9591346153846154 0.06971153846153846 0.052884615384615384
0 0.27403846153846156 0.984375 0.052884615384615384 0.03125
0 0.31971153846153844 0.984375 0.052884615384615384 0.03125
0 0.2932692307692308 0.9447115384615384 0.038461538461538464 0.04326923076923077
0 0.28125 0.9134615384615384 0.019230769230769232 0.038461538461538464
0 0.3016826923076923 0.9014423076923077 0.026442307692307692 0.04326923076923077
0 0.10336538461538461 0.9795673076923077 0.04326923076923077 0.040865384615384616
0 0.14423076923076922 0.9278846153846154 0.0625 0.052884615384615384
0 0.04567307692307692 0.9591346153846154 0.0625 0.04326923076923077
0 0.09375 0.9170673076923077 0.08653846153846154 0.06490384615384616
0 0.026442307692307692 0.90625 0.04326923076923077 0.052884615384615384
0 0.07572115384615384 0.875 0.08413461538461539 0.10576923076923077
0 0.03485576923076923 0.859375 0.06009615384615385 0.06009615384615385
0 0.14423076923076922 0.8653846153846154 0.0625 0.08173076923076923
0 0.19110576923076922 0.8990384615384616 0.04567307692307692 0.04807692307692308
0 0.03365384615384615 0.8100961538461539 0.057692307692307696 0.0625
0 0.06971153846153846 0.7956730769230769 0.057692307692307696 0.038461538461538464
0 0.14543269230769232 0.7956730769230769 0.08413461538461539 0.08173076923076923
0 0.07932692307692307 0.7560096153846154 0.07692307692307693 0.06490384615384616
0 0.018028846153846152 0.7620192307692307 0.026442307692307692 0.028846153846153848
0 0.026442307692307692 0.7079326923076923 0.04326923076923077 0.10817307692307693
0 0.06009615384615385 0.7223557692307693 0.0625 0.06490384615384616
0 0.2091346153846154 0.8028846153846154 0.038461538461538464 0.052884615384615384
0 0.1935096153846154 0.8413461538461539 0.055288461538461536 0.052884615384615384
0 0.1971153846153846 0.8822115384615384 0.028846153846153848 0.04807692307692308
0 0.23557692307692307 0.8389423076923077 0.04326923076923077 0.04807692307692308
0 0.28125 0.8257211538461539 0.04326923076923077 0.06490384615384616
0 0.2620192307692308 0.8677884615384616 0.03365384615384615 0.04326923076923077
0 0.25 0.9038461538461539 0.04807692307692308 0.09134615384615384
0 0.2644230769230769 0.7740384615384616 0.0673076923076923 0.09134615384615384
0 0.3125 0.7908653846153846 0.038461538461538464 0.04807692307692308
0 0.18269230769230768 0.7644230769230769 0.057692307692307696 0.08173076923076923
0 0.21875 0.7127403846153846 0.0625 0.06490384615384616
0 0.2776442307692308 0.7067307692307693 0.055288461538461536 0.08653846153846154
0 0.22956730769230768 0.6262019230769231 0.08413461538461539 0.11778846153846154
0 0.14543269230769232 0.7307692307692307 0.06009615384615385 0.08173076923076923
0 0.09134615384615384 0.6923076923076923 0.08173076923076923 0.08653846153846154
0 0.07572115384615384 0.6418269230769231 0.08413461538461539 0.08653846153846154
0 0.039663461538461536 0.5889423076923077 0.07451923076923077 0.13942307692307693
0 0.1045673076923077 0.5192307692307693 0.08413461538461539 0.09615384615384616
0 0.04807692307692308 0.5072115384615384 0.038461538461538464 0.052884615384615384
0 0.020432692307692308 0.47596153846153844 0.03125 0.0673076923076923
0 0.14182692307692307 0.5492788461538461 0.03365384615384615 0.026442307692307692
0 0.13942307692307693 0.5961538461538461 0.038461538461538464 0.04807692307692308
0 0.1658653846153846 0.5913461538461539 0.03365384615384615 0.04807692307692308
0 0.16826923076923078 0.6538461538461539 0.038461538461538464 0.04326923076923077
0 0.24759615384615385 0.6802884615384616 0.03365384615384615 0.052884615384615384
0 0.3485576923076923 0.6875 0.028846153846153848 0.04807692307692308
0 0.32211538461538464 0.6778846153846154 0.028846153846153848 0.04807692307692308
0 0.28125 0.6850961538461539 0.052884615384615384 0.10576923076923077
0 0.29447115384615385 0.7524038461538461 0.021634615384615384 0.038461538461538464
0 0.31490384615384615 0.7475961538461539 0.028846153846153848 0.04807692307692308
0 0.34375 0.7548076923076923 0.028846153846153848 0.04326923076923077
0 0.36177884615384615 0.7644230769230769 0.026442307692307692 0.038461538461538464
0 0.33413461538461536 0.7235576923076923 0.028846153846153848 0.03365384615384615
0 0.3581730769230769 0.7211538461538461 0.02403846153846154 0.038461538461538464
0 0.38461538461538464 0.7319711538461539 0.02403846153846154 0.026442307692307692
0 0.3954326923076923 0.5961538461538461 0.040865384615384616 0.04807692307692308
0 0.40384615384615385 0.6850961538461539 0.028846153846153848 0.04326923076923077
0 0.1310096153846154 0.23677884615384615 0.055288461538461536 0.06971153846153846
0 0.07091346153846154 0.23076923076923078 0.055288461538461536 0.10096153846153846
0 0.02283653846153846 0.22716346153846154 0.036057692307692304 0.11298076923076923
0 0.015625 0.3076923076923077 0.026442307692307692 0.04807692307692308
0 0.17548076923076922 0.4254807692307692 0.052884615384615384 0.04807692307692308
0 0.21153846153846154 0.45913461538461536 0.04326923076923077 0.07692307692307693
0 0.20793269230769232 0.35216346153846156 0.055288461538461536 0.06490384615384616
0 0.28125 0.43028846153846156 0.04807692307692308 0.057692307692307696
0 0.29927884615384615 0.4675480769230769 0.06971153846153846 0.06971153846153846
0 0.14543269230769232 0.33052884615384615 0.055288461538461536 0.06490384615384616
0 0.14903846153846154 0.2956730769230769 0.057692307692307696 0.04807692307692308
0 0.35697115384615385 0.46153846153846156 0.040865384615384616 0.057692307692307696
0 0.375 0.421875 0.038461538461538464 0.06490384615384616
0 0.3016826923076923 0.47115384615384615 0.055288461538461536 0.052884615384615384
0 0.08653846153846154 0.4014423076923077 0.16346153846153846 0.15865384615384615
0 0.24278846153846154 0.47716346153846156 0.2932692307692308 0.11778846153846154
0 0.19230769230769232 0.5625 0.019230769230769232 0.04326923076923077
0 0.2127403846153846 0.5336538461538461 0.021634615384615384 0.038461538461538464
0 0.234375 0.5625 0.021634615384615384 0.04326923076923077
0 0.25721153846153844 0.5673076923076923 0.028846153846153848 0.04326923076923077
0 0.28365384615384615 0.5697115384615384 0.02403846153846154 0.038461538461538464
0 0.28846153846153844 0.6105769230769231 0.02403846153846154 0.04326923076923077
0 0.2980769230769231 0.6298076923076923 0.028846153846153848 0.04807692307692308
0 0.41346153846153844 0.6153846153846154 0.20192307692307693 0.09615384615384616
0 0.47115384615384615 0.5997596153846154 0.07692307692307693 0.11778846153846154
0 0.3786057692307692 0.5961538461538461 0.10336538461538461 0.125
0 0.34134615384615385 0.5048076923076923 0.11057692307692307 0.22115384615384615
0 0.15144230769230768 0.16105769230769232 0.04807692307692308 0.09134615384615384
0 0.14903846153846154 0.09254807692307693 0.04807692307692308 0.06971153846153846
