0 0.3786057692307692 0.7451923076923077 0.3245192307692308 0.4182692307692308
0 0.43990384615384615 0.7451923076923077 0.5288461538461539 0.27403846153846156
0 0.31009615384615385 0.7259615384615384 0.375 0.16346153846153846
0 0.28966346153846156 0.6634615384615384 0.43990384615384615 0.2980769230769231
0 0.22115384615384615 0.65625 0.42788461538461536 0.2932692307692308
0 0.125 0.6586538461538461 0.23557692307692307 0.12980769230769232
0 0.23317307692307693 0.5697115384615384 0.4519230769230769 0.19230769230769232
0 0.4375 0.33413461538461536 0.39903846153846156 0.3076923076923077
0 0.34615384615384615 0.3317307692307692 0.28365384615384615 0.23076923076923078
0 0.18509615384615385 0.35336538461538464 0.27403846153846156 0.22115384615384615
0 0.038461538461538464 0.12740384615384615 0.0625 0.10576923076923077
0 0.359375 0.08774038461538461 0.59375 0.17067307692307693
0 0.8521634615384616 0.3605769230769231 0.2956730769230769 0.7163461538461539
0 0.5913461538461539 0.4951923076923077 0.44711538461538464 0.3173076923076923
