0 0.22115384615384615 0.7956730769230769 0.028846153846153848 0.07692307692307693
0 0.2512019230769231 0.7704326923076923 0.026442307692307692 0.06009615384615385
0 0.26802884615384615 0.8305288461538461 0.036057692307692304 0.06009615384615385
0 0.2980769230769231 0.8161057692307693 0.04326923076923077 0.0889423076923077
0 0.27283653846153844 0.7427884615384616 0.036057692307692304 0.07211538461538461
0 0.2800480769230769 0.6766826923076923 0.03125 0.06971153846153846
0 0.3076923076923077 0.7211538461538461 0.028846153846153848 0.07211538461538461
0 0.33052884615384615 0.7403846153846154 0.021634615384615384 0.07692307692307693
0 0.22596153846153846 0.6802884615384616 0.038461538461538464 0.052884615384615384
0 0.21514423076923078 0.640625 0.040865384615384616 0.06009615384615385
0 0.1875 0.671875 0.04326923076923077 0.06009615384615385
0 0.1814903846153846 0.7596153846153846 0.05048076923076923 0.125
0 0.22596153846153846 0.7235576923076923 0.04807692307692308 0.07692307692307693
0 0.16105769230769232 0.6526442307692307 0.03365384615384615 0.06490384615384616
0 0.18269230769230768 0.6526442307692307 0.038461538461538464 0.0889423076923077
0 0.13822115384615385 0.6959134615384616 0.040865384615384616 0.06490384615384616
0 0.13822115384615385 0.6826923076923077 0.055288461538461536 0.125
0 0.09495192307692307 0.6694711538461539 0.036057692307692304 0.0889423076923077
0 0.0673076923076923 0.7211538461538461 0.028846153846153848 0.038461538461538464
0 0.03365384615384615 0.7151442307692307 0.02403846153846154 0.05048076923076923
0 0.019230769230769232 0.7043269230769231 0.03365384615384615 0.07211538461538461
0 0.01201923076923077 0.7572115384615384 0.019230769230769232 0.04326923076923077
0 0.07692307692307693 0.6634615384615384 0.0625 0.07692307692307693
0 0.06490384615384616 0.6009615384615384 0.014423076923076924 0.07211538461538461
0 0.040865384615384616 0.6298076923076923 0.02403846153846154 0.08173076923076923
0 0.016826923076923076 0.6418269230769231 0.028846153846153848 0.0673076923076923
