0 0.9074519230769231 0.8365384615384616 0.18509615384615385 0.17307692307692307
0 0.6923076923076923 0.7379807692307693 0.375 0.375
0 0.9567307692307693 0.6310096153846154 0.08173076923076923 0.24759615384615385
0 0.2920673076923077 0.8918269230769231 0.2620192307692308 0.0625
0 0.07451923076923077 0.734375 0.14423076923076922 0.37740384615384615
0 0.18389423076923078 0.6418269230769231 0.3629807692307692 0.5
0 0.4831730769230769 0.4519230769230769 0.3894230769230769 0.5096153846153846
0 0.4483173076923077 0.7427884615384616 0.1658653846153846 0.10096153846153846
0 0.2608173076923077 0.17908653846153846 0.2764423076923077 0.35336538461538464
0 0.39783653846153844 0.11177884615384616 0.12259615384615384 0.21394230769230768
0 0.5384615384615384 0.10336538461538461 0.1971153846153846 0.1971153846153846
0 0.578125 0.15384615384615385 0.07932692307692307 0.18269230769230768
0 0.6610576923076923 0.11298076923076923 0.04326923076923077 0.1778846153846154
0 0.6454326923076923 0.28125 0.06009615384615385 0.10576923076923077
0 0.8341346153846154 0.375 0.3269230769230769 0.5
0 0.8088942307692307 0.16346153846153846 0.29086538461538464 0.21634615384615385
0 0.75 0.10336538461538461 0.0625 0.1971153846153846
0 0.8822115384615384 0.08052884615384616 0.23557692307692307 0.15144230769230768
0 0.07932692307692307 0.08774038461538461 0.14903846153846154 0.1658653846153846
0 0.1622596153846154 0.31971153846153844 0.2764423076923077 0.3173076923076923
