0 0.07932692307692307 0.1658653846153846 0.13942307692307693 0.13942307692307693
0 0.08173076923076923 0.04807692307692308 0.14423076923076922 0.08173076923076923
0 0.24759615384615385 0.06971153846153846 0.17307692307692307 0.12980769230769232
0 0.21394230769230768 0.2668269230769231 0.28846153846153844 0.10576923076923077
0 0.23197115384615385 0.18509615384615385 0.15625 0.057692307692307696
0 0.4362980769230769 0.15865384615384615 0.2283653846153846 0.15865384615384615
0 0.6201923076923077 0.0625 0.17307692307692307 0.11057692307692307
0 0.7127403846153846 0.04326923076923077 0.10817307692307693 0.07692307692307693
0 0.7572115384615384 0.5769230769230769 0.27884615384615385 0.21634615384615385
0 0.578125 0.4230769230769231 0.2956730769230769 0.11057692307692307
0 0.21875 0.39663461538461536 0.4230769230769231 0.1778846153846154
0 0.057692307692307696 0.29447115384615385 0.09615384615384616 0.13221153846153846
0 0.06009615384615385 0.5432692307692307 0.10096153846153846 0.09134615384615384
0 0.10817307692307693 0.4987980769230769 0.125 0.06971153846153846
0 0.06370192307692307 0.6394230769230769 0.10817307692307693 0.08173076923076923
0 0.055288461538461536 0.7572115384615384 0.09134615384615384 0.09615384615384616
0 0.04567307692307692 0.7043269230769231 0.07211538461538461 0.04807692307692308
0 0.16947115384615385 0.6322115384615384 0.27163461538461536 0.16346153846153846
0 0.2247596153846154 0.5336538461538461 0.2283653846153846 0.09615384615384616
0 0.40625 0.5096153846153846 0.16826923076923078 0.09615384615384616
0 0.5913461538461539 0.5552884615384616 0.22115384615384615 0.15384615384615385
0 0.5360576923076923 0.3918269230769231 0.14903846153846154 0.15865384615384615
0 0.5264423076923077 0.2764423076923077 0.27884615384615385 0.2644230769230769
0 0.6875 0.20793269230769232 0.1971153846153846 0.0985576923076923
0 0.7920673076923077 0.16346153846153846 0.15625 0.09615384615384616
0 0.8125 0.25 0.17307692307692307 0.11538461538461539
0 0.7884615384615384 0.33413461538461536 0.1971153846153846 0.09134615384615384
0 0.7560096153846154 0.3870192307692308 0.2283653846153846 0.16346153846153846
0 0.3125 0.7908653846153846 0.17307692307692307 0.27884615384615385
0 0.14423076923076922 0.8557692307692307 0.14903846153846154 0.11538461538461539
0 0.15384615384615385 0.75 0.09615384615384616 0.08173076923076923
0 0.0889423076923077 0.90625 0.16826923076923078 0.1875
0 0.5432692307692307 0.8185096153846154 0.23557692307692307 0.0985576923076923
0 0.53125 0.6923076923076923 0.28365384615384615 0.1346153846153846
0 0.6947115384615384 0.921875 0.28846153846153844 0.12259615384615384
0 0.8004807692307693 0.7007211538461539 0.1971153846153846 0.13701923076923078
0 0.8413461538461539 0.53125 0.3173076923076923 0.15384615384615385
0 0.9086538461538461 0.4014423076923077 0.13942307692307693 0.16346153846153846
0 0.7716346153846154 0.7932692307692307 0.1875 0.2403846153846154
0 0.3942307692307692 0.9399038461538461 0.4951923076923077 0.1201923076923077
0 0.03365384615384615 0.42788461538461536 0.04807692307692308 0.028846153846153848
0 0.056490384615384616 0.39663461538461536 0.06009615384615385 0.028846153846153848
0 0.07932692307692307 0.3798076923076923 0.0673076923076923 0.028846153846153848
0 0.15144230769230768 0.359375 0.0673076923076923 0.026442307692307692
0 0.14783653846153846 0.3918269230769231 0.06009615384615385 0.019230769230769232
0 0.07451923076923077 0.4182692307692308 0.09615384615384616 0.038461538461538464
0 0.10336538461538461 0.44591346153846156 0.0673076923076923 0.016826923076923076
0 0.15144230769230768 0.4182692307692308 0.0673076923076923 0.028846153846153848
0 0.20192307692307693 0.45913461538461536 0.07211538461538461 0.019230769230769232
0 0.1658653846153846 0.43149038461538464 0.07211538461538461 0.026442307692307692
0 0.20432692307692307 0.4098557692307692 0.07692307692307693 0.026442307692307692
0 0.2692307692307692 0.390625 0.04807692307692308 0.016826923076923076
0 0.20793269230769232 0.37740384615384615 0.06009615384615385 0.028846153846153848
0 0.2644230769230769 0.3485576923076923 0.07692307692307693 0.03365384615384615
0 0.25961538461538464 0.32091346153846156 0.0673076923076923 0.026442307692307692
0 0.27163461538461536 0.4230769230769231 0.052884615384615384 0.028846153846153848
0 0.2860576923076923 0.45913461538461536 0.04807692307692308 0.03365384615384615
0 0.33653846153846156 0.4230769230769231 0.09134615384615384 0.04326923076923077
0 0.33413461538461536 0.3870192307692308 0.07211538461538461 0.03365384615384615
0 0.36538461538461536 0.3605769230769231 0.07211538461538461 0.028846153846153848
0 0.3245192307692308 0.33413461538461536 0.052884615384615384 0.02403846153846154
0 0.4326923076923077 0.5048076923076923 0.8509615384615384 0.9951923076923077
