0 0.7271634615384616 0.7752403846153846 0.15144230769230768 0.1466346153846154
0 0.7884615384615384 0.7103365384615384 0.22596153846153846 0.20432692307692307
0 0.6418269230769231 0.21394230769230768 0.28365384615384615 0.22596153846153846
0 0.8245192307692307 0.44711538461538464 0.28365384615384615 0.30288461538461536
0 0.7692307692307693 0.484375 0.17307692307692307 0.2620192307692308
0 0.6923076923076923 0.5288461538461539 0.15865384615384615 0.17307692307692307
0 0.6033653846153846 0.3894230769230769 0.16826923076923078 0.1346153846153846
0 0.45913461538461536 0.5096153846153846 0.24519230769230768 0.2403846153846154
0 0.53125 0.6033653846153846 0.16826923076923078 0.22115384615384615
0 0.5432692307692307 0.6610576923076923 0.15384615384615385 0.1875
0 0.5721153846153846 0.6971153846153846 0.2403846153846154 0.22115384615384615
0 0.4182692307692308 0.6682692307692307 0.16346153846153846 0.16346153846153846
0 0.3245192307692308 0.6754807692307693 0.10096153846153846 0.19230769230769232
0 0.34615384615384615 0.6586538461538461 0.22115384615384615 0.21634615384615385
0 0.23076923076923078 0.6622596153846154 0.09615384615384616 0.2283653846153846
0 0.14182692307692307 0.6069711538461539 0.1971153846153846 0.3293269230769231
0 0.25240384615384615 0.4795673076923077 0.1875 0.14182692307692307
0 0.2403846153846154 0.4110576923076923 0.2980769230769231 0.07211538461538461
0 0.2776442307692308 0.38100961538461536 0.31971153846153844 0.0889423076923077
0 0.12740384615384615 0.375 0.04326923076923077 0.18269230769230768
0 0.11778846153846154 0.20192307692307693 0.16826923076923078 0.15865384615384615
0 0.2247596153846154 0.2824519230769231 0.15144230769230768 0.15144230769230768
0 0.28846153846153844 0.2439903846153846 0.10576923076923077 0.25721153846153844
0 0.41346153846153844 0.3245192307692308 0.19230769230769232 0.1201923076923077
0 0.40625 0.21634615384615385 0.1971153846153846 0.15865384615384615
