0 0.421875 0.29447115384615385 0.33413461538461536 0.3629807692307692
0 0.24759615384615385 0.5072115384615384 0.32211538461538464 0.3942307692307692
0 0.0985576923076923 0.703125 0.18269230769230768 0.3918269230769231
0 0.31971153846153844 0.7872596153846154 0.28365384615384615 0.35336538461538464
0 0.5360576923076923 0.5492788461538461 0.27884615384615385 0.36778846153846156
0 0.7367788461538461 0.3389423076923077 0.33413461538461536 0.4423076923076923
0 0.875 0.5420673076923077 0.25 0.36778846153846156
0 0.7091346153846154 0.7439903846153846 0.2692307692307692 0.3485576923076923
0 0.5192307692307693 0.8689903846153846 0.2692307692307692 0.2620192307692308
0 0.2439903846153846 0.9290865384615384 0.25240384615384615 0.14182692307692307
0 0.7704326923076923 0.9014423076923077 0.25240384615384615 0.1971153846153846
