0 0.3329326923076923 0.9627403846153846 0.11298076923076923 0.07451923076923077
0 0.4110576923076923 0.9471153846153846 0.09134615384615384 0.08173076923076923
0 0.45913461538461536 0.9783653846153846 0.08653846153846154 0.04326923076923077
0 0.5168269230769231 0.984375 0.0673076923076923 0.03125
0 0.5264423076923077 0.9399038461538461 0.08653846153846154 0.09615384615384616
0 0.6033653846153846 0.9759615384615384 0.08653846153846154 0.04807692307692308
0 0.45072115384615385 0.8954326923076923 0.11298076923076923 0.10817307692307693
0 0.35096153846153844 0.8389423076923077 0.1201923076923077 0.1201923076923077
0 0.3329326923076923 0.8822115384615384 0.11298076923076923 0.0673076923076923
0 0.31971153846153844 0.9086538461538461 0.09615384615384616 0.057692307692307696
0 0.2848557692307692 0.9567307692307693 0.036057692307692304 0.08653846153846154
0 0.23798076923076922 0.9663461538461539 0.0673076923076923 0.0673076923076923
0 0.41346153846153844 0.7872596153846154 0.08653846153846154 0.10817307692307693
0 0.34375 0.7620192307692307 0.0625 0.057692307692307696
0 0.2920673076923077 0.7451923076923077 0.11298076923076923 0.09615384615384616
0 0.2668269230769231 0.8004807692307693 0.07211538461538461 0.057692307692307696
0 0.3605769230769231 0.6875 0.0673076923076923 0.10576923076923077
0 0.31490384615384615 0.6622596153846154 0.014423076923076924 0.026442307692307692
0 0.3641826923076923 0.6057692307692307 0.03125 0.0625
0 0.16105769230769232 0.5432692307692307 0.1201923076923077 0.23076923076923078
0 0.234375 0.5192307692307693 0.11298076923076923 0.19230769230769232
0 0.31009615384615385 0.5360576923076923 0.08653846153846154 0.13942307692307693
0 0.30528846153846156 0.6466346153846154 0.08653846153846154 0.09615384615384616
0 0.23317307692307693 0.6778846153846154 0.1201923076923077 0.09615384615384616
0 0.18509615384615385 0.7524038461538461 0.08653846153846154 0.07692307692307693
0 0.24759615384615385 0.9110576923076923 0.08653846153846154 0.1778846153846154
0 0.38822115384615385 0.07572115384615384 0.20432692307692307 0.14182692307692307
0 0.22956730769230768 0.11177884615384616 0.1466346153846154 0.21394230769230768
0 0.4543269230769231 0.20793269230769232 0.2644230769230769 0.10817307692307693
0 0.33052884615384615 0.328125 0.46875 0.30528846153846156
0 0.5384615384615384 0.5769230769230769 0.09134615384615384 0.10576923076923077
0 0.5288461538461539 0.5985576923076923 0.0625 0.057692307692307696
0 0.5769230769230769 0.6778846153846154 0.08653846153846154 0.09134615384615384
0 0.6346153846153846 0.7151442307692307 0.14903846153846154 0.05048076923076923
0 0.49038461538461536 0.7572115384615384 0.12980769230769232 0.03365384615384615
0 0.5096153846153846 0.78125 0.12980769230769232 0.03365384615384615
0 0.5673076923076923 0.7860576923076923 0.15865384615384615 0.07211538461538461
0 0.4362980769230769 0.5552884615384616 0.040865384615384616 0.052884615384615384
0 0.40024038461538464 0.5048076923076923 0.11298076923076923 0.09134615384615384
0 0.5444711538461539 0.5985576923076923 0.31971153846153844 0.3076923076923077
0 0.5360576923076923 0.8341346153846154 0.19230769230769232 0.18269230769230768
0 0.7355769230769231 0.7524038461538461 0.08173076923076923 0.09134615384615384
0 0.7692307692307693 0.6802884615384616 0.08653846153846154 0.0673076923076923
0 0.7019230769230769 0.6634615384615384 0.07692307692307693 0.07692307692307693
0 0.7560096153846154 0.6213942307692307 0.11298076923076923 0.06971153846153846
0 0.6754807692307693 0.5889423076923077 0.0673076923076923 0.0625
0 0.6634615384615384 0.5360576923076923 0.08173076923076923 0.052884615384615384
0 0.7524038461538461 0.5697115384615384 0.08653846153846154 0.07211538461538461
0 0.7884615384615384 0.5504807692307693 0.057692307692307696 0.04807692307692308
0 0.8149038461538461 0.6009615384615384 0.057692307692307696 0.0625
0 0.8425480769230769 0.5649038461538461 0.040865384615384616 0.08173076923076923
0 0.8653846153846154 0.5360576923076923 0.057692307692307696 0.07692307692307693
0 0.8245192307692307 0.49399038461538464 0.08653846153846154 0.06971153846153846
0 0.8822115384615384 0.47115384615384615 0.0673076923076923 0.0625
0 0.8545673076923077 0.41586538461538464 0.040865384615384616 0.038461538461538464
0 0.8221153846153846 0.37740384615384615 0.052884615384615384 0.052884615384615384
0 0.8004807692307693 0.4182692307692308 0.09615384615384616 0.10576923076923077
0 0.7475961538461539 0.4326923076923077 0.0673076923076923 0.10576923076923077
0 0.7524038461538461 0.5096153846153846 0.057692307692307696 0.038461538461538464
0 0.6778846153846154 0.43149038461538464 0.08173076923076923 0.10817307692307693
0 0.7043269230769231 0.5048076923076923 0.07211538461538461 0.052884615384615384
0 0.6141826923076923 0.4326923076923077 0.036057692307692304 0.0625
0 0.6370192307692307 0.49278846153846156 0.07211538461538461 0.0625
0 0.6298076923076923 0.37259615384615385 0.057692307692307696 0.057692307692307696
0 0.8125 0.3161057692307692 0.0625 0.06971153846153846
0 0.8473557692307693 0.33653846153846156 0.040865384615384616 0.057692307692307696
0 0.8653846153846154 0.27403846153846156 0.07692307692307693 0.0673076923076923
0 0.7908653846153846 0.2704326923076923 0.0625 0.06971153846153846
0 0.7331730769230769 0.30528846153846156 0.09615384615384616 0.0625
0 0.7740384615384616 0.3485576923076923 0.057692307692307696 0.03365384615384615
0 0.7091346153846154 0.3557692307692308 0.08173076923076923 0.04326923076923077
0 0.6490384615384616 0.3317307692307692 0.0673076923076923 0.052884615384615384
0 0.6875 0.28365384615384615 0.09134615384615384 0.0673076923076923
0 0.7427884615384616 0.23197115384615385 0.09615384615384616 0.0889423076923077
0 0.6298076923076923 0.1875 0.0673076923076923 0.04326923076923077
0 0.6298076923076923 0.23557692307692307 0.07692307692307693 0.057692307692307696
0 0.5985576923076923 0.28365384615384615 0.057692307692307696 0.0673076923076923
0 0.6634615384615384 0.1466346153846154 0.07211538461538461 0.0625
0 0.7908653846153846 0.16826923076923078 0.15384615384615385 0.09615384615384616
0 0.7043269230769231 0.19230769230769232 0.07211538461538461 0.0625
0 0.6658653846153846 0.07932692307692307 0.04807692307692308 0.08173076923076923
0 0.734375 0.042067307692307696 0.09375 0.07451923076923077
0 0.7932692307692307 0.040865384615384616 0.1201923076923077 0.07211538461538461
0 0.8665865384615384 0.021634615384615384 0.09375 0.03365384615384615
0 0.8810096153846154 0.056490384615384616 0.11778846153846154 0.10336538461538461
0 0.7692307692307693 0.10576923076923077 0.08653846153846154 0.04326923076923077
0 0.9014423076923077 0.12620192307692307 0.1201923076923077 0.10817307692307693
0 0.9302884615384616 0.1875 0.125 0.04326923076923077
0 0.9122596153846154 0.21995192307692307 0.17067307692307693 0.03125
0 0.9459134615384616 0.2548076923076923 0.10336538461538461 0.04807692307692308
0 0.9435096153846154 0.28365384615384615 0.10817307692307693 0.08173076923076923
0 0.9639423076923077 0.02403846153846154 0.057692307692307696 0.04326923076923077
