0 0.04927884615384615 0.21875 0.08413461538461539 0.24519230769230768
0 0.13701923076923078 0.040865384615384616 0.08653846153846154 0.0673076923076923
0 0.78125 0.17427884615384615 0.3269230769230769 0.33413461538461536
0 0.5096153846153846 0.10096153846153846 0.28365384615384615 0.1875
0 0.9423076923076923 0.22235576923076922 0.11538461538461539 0.43028846153846156
0 0.7560096153846154 0.7391826923076923 0.4879807692307692 0.5216346153846154
0 0.5745192307692307 0.4543269230769231 0.17307692307692307 0.3317307692307692
0 0.4254807692307692 0.42427884615384615 0.2548076923076923 0.5024038461538461
0 0.28725961538461536 0.34615384615384615 0.08413461538461539 0.27403846153846156
0 0.41586538461538464 0.15865384615384615 0.038461538461538464 0.07211538461538461
0 0.38461538461538464 0.59375 0.2692307692307692 0.5673076923076923
0 0.19110576923076922 0.5384615384615384 0.16105769230769232 0.6442307692307693
0 0.1346153846153846 0.5096153846153846 0.2548076923076923 0.5096153846153846
0 0.11057692307692307 0.35096153846153844 0.10576923076923077 0.11538461538461539
0 0.04567307692307692 0.484375 0.07692307692307693 0.0985576923076923
0 0.12980769230769232 0.2548076923076923 0.057692307692307696 0.07692307692307693
