0 0.5240384615384616 0.4182692307692308 0.16826923076923078 0.24519230769230768
0 0.6899038461538461 0.38100961538461536 0.21634615384615385 0.16105769230769232
0 0.7896634615384616 0.3088942307692308 0.14182692307692307 0.10817307692307693
0 0.8641826923076923 0.20673076923076922 0.20432692307692307 0.1346153846153846
0 0.8870192307692307 0.09375 0.21153846153846154 0.11057692307692307
0 0.7163461538461539 0.20552884615384615 0.15384615384615385 0.2091346153846154
0 0.7067307692307693 0.06971153846153846 0.13942307692307693 0.10576923076923077
0 0.8305288461538461 0.036057692307692304 0.14182692307692307 0.0673076923076923
0 0.9579326923076923 0.03485576923076923 0.08413461538461539 0.06009615384615385
0 0.6141826923076923 0.22596153846153846 0.21875 0.1971153846153846
0 0.28725961538461536 0.1622596153846154 0.5649038461538461 0.31490384615384615
0 0.21995192307692307 0.2283653846153846 0.43028846153846156 0.3798076923076923
0 0.8545673076923077 0.7163461538461539 0.09375 0.1201923076923077
0 0.9278846153846154 0.8173076923076923 0.10576923076923077 0.125
0 0.8305288461538461 0.8413461538461539 0.0889423076923077 0.10096153846153846
0 0.8425480769230769 0.9447115384615384 0.0889423076923077 0.10576923076923077
0 0.7427884615384616 0.9471153846153846 0.11057692307692307 0.10096153846153846
0 0.6346153846153846 0.9194711538461539 0.125 0.14182692307692307
0 0.5408653846153846 0.8461538461538461 0.09615384615384616 0.11057692307692307
0 0.4951923076923077 0.5360576923076923 0.30288461538461536 0.2932692307692308
0 0.3245192307692308 0.5336538461538461 0.12980769230769232 0.3076923076923077
0 0.27283653846153844 0.5288461538461539 0.09375 0.34134615384615385
0 0.4639423076923077 0.5889423076923077 0.19230769230769232 0.2403846153846154
0 0.5841346153846154 0.5625 0.1346153846153846 0.125
0 0.12139423076923077 0.42427884615384615 0.23317307692307693 0.30528846153846156
0 0.3425480769230769 0.7596153846153846 0.5120192307692307 0.47596153846153844
0 0.4254807692307692 0.7884615384615384 0.1346153846153846 0.1201923076923077
0 0.5216346153846154 0.7572115384615384 0.11057692307692307 0.10096153846153846
0 0.6490384615384616 0.7836538461538461 0.12980769230769232 0.13942307692307693
0 0.7644230769230769 0.7319711538461539 0.11057692307692307 0.0889423076923077
0 0.7572115384615384 0.8137019230769231 0.12980769230769232 0.08413461538461539
0 0.8197115384615384 0.4110576923076923 0.3557692307692308 0.47115384615384615
0 0.8269230769230769 0.4543269230769231 0.34134615384615385 0.4326923076923077
0 0.9242788461538461 0.5264423076923077 0.09375 0.09615384615384616
0 0.9819711538461539 0.5048076923076923 0.03125 0.10576923076923077
0 0.9639423076923077 0.4326923076923077 0.07211538461538461 0.10096153846153846
0 0.9759615384615384 0.6021634615384616 0.04326923076923077 0.0889423076923077
0 0.9182692307692307 0.6430288461538461 0.11538461538461539 0.0985576923076923
0 0.9819711538461539 0.7079326923076923 0.036057692307692304 0.09375
