0 0.4831730769230769 0.4375 0.0673076923076923 0.07692307692307693
0 0.6262019230769231 0.3605769230769231 0.021634615384615384 0.0625
0 0.6153846153846154 0.40384615384615385 0.03365384615384615 0.03365384615384615
0 0.6225961538461539 0.4254807692307692 0.038461538461538464 0.02403846153846154
0 0.6033653846153846 0.43990384615384615 0.03365384615384615 0.028846153846153848
0 0.5841346153846154 0.46634615384615385 0.04807692307692308 0.038461538461538464
0 0.6262019230769231 0.4855769230769231 0.021634615384615384 0.04326923076923077
0 0.6201923076923077 0.5096153846153846 0.03365384615384615 0.03365384615384615
0 0.6009615384615384 0.5096153846153846 0.028846153846153848 0.028846153846153848
0 0.6298076923076923 0.4567307692307692 0.028846153846153848 0.028846153846153848
0 0.6177884615384616 0.5432692307692307 0.028846153846153848 0.02403846153846154
0 0.6129807692307693 0.5600961538461539 0.028846153846153848 0.028846153846153848
0 0.609375 0.59375 0.021634615384615384 0.03365384615384615
3 0.49038461538461536 0.36778846153846156 0.1201923076923077 0.2403846153846154
