0 0.7800480769230769 0.12379807692307693 0.12740384615384615 0.09375
0 0.9399038461538461 0.17668269230769232 0.11538461538461539 0.09375
0 0.8701923076923077 0.15264423076923078 0.08653846153846154 0.06009615384615385
0 0.8269230769230769 0.21634615384615385 0.13942307692307693 0.08173076923076923
0 0.6935096153846154 0.2091346153846154 0.12740384615384615 0.057692307692307696
0 0.6947115384615384 0.14783653846153846 0.11538461538461539 0.07451923076923077
0 0.6057692307692307 0.13221153846153846 0.10096153846153846 0.07692307692307693
0 0.5685096153846154 0.09375 0.06971153846153846 0.057692307692307696
0 0.5576923076923077 0.16105769230769232 0.10096153846153846 0.07692307692307693
0 0.47596153846153844 0.13221153846153846 0.10576923076923077 0.0625
0 0.49038461538461536 0.19471153846153846 0.10096153846153846 0.057692307692307696
0 0.3798076923076923 0.20673076923076922 0.11538461538461539 0.07211538461538461
0 0.3485576923076923 0.14423076923076922 0.11538461538461539 0.08173076923076923
0 0.2668269230769231 0.2283653846153846 0.10096153846153846 0.07692307692307693
0 0.33052884615384615 0.2644230769230769 0.06971153846153846 0.04326923076923077
0 0.9663461538461539 0.27403846153846156 0.0625 0.057692307692307696
0 0.9807692307692307 0.21754807692307693 0.03365384615384615 0.040865384615384616
0 0.9242788461538461 0.25961538461538464 0.07451923076923077 0.0625
0 0.8557692307692307 0.28365384615384615 0.09134615384615384 0.057692307692307696
0 0.7716346153846154 0.26322115384615385 0.10096153846153846 0.040865384615384616
0 0.6995192307692307 0.27403846153846156 0.10576923076923077 0.07211538461538461
0 0.7860576923076923 0.3125 0.13942307692307693 0.0673076923076923
0 0.6105769230769231 0.3173076923076923 0.11538461538461539 0.08173076923076923
0 0.5721153846153846 0.24278846153846154 0.11538461538461539 0.0625
0 0.5913461538461539 0.19951923076923078 0.09134615384615384 0.03365384615384615
0 0.5024038461538461 0.2956730769230769 0.09615384615384616 0.07211538461538461
0 0.4675480769230769 0.24519230769230768 0.12259615384615384 0.0673076923076923
0 0.39302884615384615 0.27403846153846156 0.12259615384615384 0.057692307692307696
0 0.30528846153846156 0.3173076923076923 0.10576923076923077 0.07211538461538461
0 0.24759615384615385 0.30408653846153844 0.08653846153846154 0.06009615384615385
0 0.203125 0.27283653846153844 0.07932692307692307 0.07451923076923077
0 0.12860576923076922 0.30528846153846156 0.06971153846153846 0.052884615384615384
0 0.09975961538461539 0.3581730769230769 0.07451923076923077 0.0673076923076923
0 0.10216346153846154 0.40865384615384615 0.06971153846153846 0.04807692307692308
0 0.16947115384615385 0.3581730769230769 0.07932692307692307 0.08173076923076923
0 0.20432692307692307 0.3004807692307692 0.04326923076923077 0.02403846153846154
0 0.21394230769230768 0.38461538461538464 0.11057692307692307 0.1201923076923077
0 0.3245192307692308 0.3918269230769231 0.15384615384615385 0.08653846153846154
0 0.4206730769230769 0.33413461538461536 0.11057692307692307 0.08173076923076923
0 0.46634615384615385 0.3870192307692308 0.11538461538461539 0.08173076923076923
0 0.5192307692307693 0.35096153846153844 0.0625 0.038461538461538464
0 0.5721153846153846 0.40865384615384615 0.14903846153846154 0.10576923076923077
0 0.6682692307692307 0.35096153846153844 0.11538461538461539 0.07211538461538461
0 0.6009615384615384 0.3125 0.10096153846153846 0.08173076923076923
0 0.75 0.40024038461538464 0.20673076923076922 0.12259615384615384
0 0.8822115384615384 0.3701923076923077 0.15384615384615385 0.08653846153846154
0 0.9471153846153846 0.32211538461538464 0.10096153846153846 0.0625
0 0.96875 0.4014423076923077 0.057692307692307696 0.10096153846153846
0 0.90625 0.4519230769230769 0.11538461538461539 0.08173076923076923
0 0.8461538461538461 0.5300480769230769 0.16346153846153846 0.12740384615384615
0 0.9711538461538461 0.4831730769230769 0.052884615384615384 0.057692307692307696
0 0.7475961538461539 0.47596153846153844 0.11538461538461539 0.04807692307692308
0 0.6334134615384616 0.46875 0.12259615384615384 0.0625
0 0.46153846153846156 0.46274038461538464 0.14903846153846154 0.10817307692307693
0 0.36778846153846156 0.45913461538461536 0.09134615384615384 0.08653846153846154
0 0.30528846153846156 0.4567307692307692 0.052884615384615384 0.057692307692307696
0 0.25721153846153844 0.4567307692307692 0.052884615384615384 0.04807692307692308
0 0.1875 0.43509615384615385 0.10096153846153846 0.07692307692307693
0 0.11778846153846154 0.4543269230769231 0.057692307692307696 0.038461538461538464
0 0.10096153846153846 0.48677884615384615 0.04807692307692308 0.040865384615384616
0 0.0673076923076923 0.5336538461538461 0.052884615384615384 0.052884615384615384
0 0.0673076923076923 0.59375 0.08653846153846154 0.0625
0 0.08173076923076923 0.6418269230769231 0.08653846153846154 0.057692307692307696
0 0.10096153846153846 0.6754807692307693 0.038461538461538464 0.04807692307692308
0 0.12259615384615384 0.7307692307692307 0.09134615384615384 0.0673076923076923
0 0.15985576923076922 0.6862980769230769 0.07932692307692307 0.07451923076923077
0 0.21995192307692307 0.71875 0.07451923076923077 0.0673076923076923
0 0.19110576923076922 0.7728365384615384 0.07932692307692307 0.07451923076923077
0 0.22596153846153846 0.8269230769230769 0.03365384615384615 0.04807692307692308
0 0.27163461538461536 0.8617788461538461 0.04807692307692308 0.06009615384615385
0 0.2704326923076923 0.7908653846153846 0.06971153846153846 0.11057692307692307
0 0.34975961538461536 0.8389423076923077 0.12740384615384615 0.0673076923076923
0 0.36538461538461536 0.7848557692307693 0.09615384615384616 0.040865384615384616
0 0.35216346153846156 0.8846153846153846 0.06971153846153846 0.03365384615384615
0 0.4326923076923077 0.9375 0.10576923076923077 0.07211538461538461
0 0.46033653846153844 0.8798076923076923 0.12740384615384615 0.09615384615384616
0 0.4639423076923077 0.8004807692307693 0.11057692307692307 0.07692307692307693
0 0.5384615384615384 0.9639423076923077 0.11057692307692307 0.07692307692307693
0 0.5564903846153846 0.8954326923076923 0.07451923076923077 0.07451923076923077
0 0.5408653846153846 0.8293269230769231 0.0625 0.04807692307692308
0 0.5564903846153846 0.7716346153846154 0.12740384615384615 0.09134615384615384
0 0.6322115384615384 0.8605769230769231 0.15384615384615385 0.09615384615384616
0 0.6298076923076923 0.9182692307692307 0.10576923076923077 0.057692307692307696
0 0.6382211538461539 0.9711538461538461 0.11298076923076923 0.057692307692307696
0 0.7403846153846154 0.96875 0.10576923076923077 0.0625
0 0.7427884615384616 0.9158653846153846 0.11538461538461539 0.10096153846153846
0 0.7247596153846154 0.8329326923076923 0.12259615384615384 0.07932692307692307
0 0.7019230769230769 0.7764423076923077 0.1346153846153846 0.10096153846153846
0 0.625 0.7451923076923077 0.11538461538461539 0.10576923076923077
0 0.5661057692307693 0.6850961538461539 0.07451923076923077 0.057692307692307696
0 0.6923076923076923 0.6682692307692307 0.10096153846153846 0.0673076923076923
0 0.7860576923076923 0.6923076923076923 0.13942307692307693 0.10576923076923077
0 0.8798076923076923 0.6754807692307693 0.10576923076923077 0.10096153846153846
0 0.9579326923076923 0.6790865384615384 0.07932692307692307 0.055288461538461536
0 0.9302884615384616 0.6081730769230769 0.11057692307692307 0.08653846153846154
0 0.9519230769230769 0.5504807692307693 0.09134615384615384 0.10576923076923077
0 0.7956730769230769 0.59375 0.15865384615384615 0.09134615384615384
0 0.6995192307692307 0.5480769230769231 0.13942307692307693 0.11057692307692307
0 0.9603365384615384 0.75 0.07451923076923077 0.08653846153846154
0 0.8990384615384616 0.7475961538461539 0.09134615384615384 0.0625
0 0.8221153846153846 0.7632211538461539 0.10576923076923077 0.06009615384615385
0 0.8509615384615384 0.8221153846153846 0.14423076923076922 0.10096153846153846
0 0.9447115384615384 0.8485576923076923 0.10576923076923077 0.07211538461538461
0 0.9423076923076923 0.8473557692307693 0.10096153846153846 0.11298076923076923
0 0.84375 0.9038461538461539 0.13942307692307693 0.08653846153846154
0 0.9362980769230769 0.9399038461538461 0.12259615384615384 0.08173076923076923
0 0.8485576923076923 0.9627403846153846 0.08653846153846154 0.04567307692307692
0 0.6370192307692307 0.6081730769230769 0.14903846153846154 0.10576923076923077
0 0.5480769230769231 0.5264423076923077 0.15384615384615385 0.09615384615384616
0 0.39903846153846156 0.5649038461538461 0.16346153846153846 0.11538461538461539
0 0.5024038461538461 0.625 0.14903846153846154 0.11538461538461539
0 0.4675480769230769 0.6947115384615384 0.17548076923076922 0.11538461538461539
0 0.36778846153846156 0.7427884615384616 0.15384615384615385 0.10096153846153846
0 0.3173076923076923 0.6418269230769231 0.15865384615384615 0.11538461538461539
0 0.2127403846153846 0.6574519230769231 0.06971153846153846 0.026442307692307692
0 0.21033653846153846 0.6009615384615384 0.12740384615384615 0.10576923076923077
0 0.2620192307692308 0.5168269230769231 0.1346153846153846 0.09615384615384616
0 0.12980769230769232 0.546875 0.0625 0.040865384615384616
0 0.16826923076923078 0.5072115384615384 0.09615384615384616 0.09134615384615384
0 0.12740384615384615 0.5997596153846154 0.057692307692307696 0.06009615384615385
