0 0.7512019230769231 0.6538461538461539 0.2620192307692308 0.1971153846153846
0 0.06610576923076923 0.7259615384615384 0.0985576923076923 0.19230769230769232
0 0.3173076923076923 0.515625 0.038461538461538464 0.055288461538461536
0 0.2860576923076923 0.5985576923076923 0.04326923076923077 0.0673076923076923
0 0.3016826923076923 0.640625 0.036057692307692304 0.06009615384615385
0 0.3329326923076923 0.6237980769230769 0.036057692307692304 0.06009615384615385
0 0.36658653846153844 0.6610576923076923 0.036057692307692304 0.07211538461538461
0 0.22235576923076922 0.6586538461538461 0.03125 0.0673076923076923
0 0.25 0.6850961538461539 0.04326923076923077 0.07692307692307693
0 0.27283653846153844 0.6634615384615384 0.026442307692307692 0.052884615384615384
0 0.296875 0.7163461538461539 0.036057692307692304 0.08173076923076923
0 0.3786057692307692 0.71875 0.036057692307692304 0.052884615384615384
0 0.32572115384615385 0.6923076923076923 0.036057692307692304 0.07692307692307693
0 0.18629807692307693 0.7367788461538461 0.03125 0.05048076923076923
0 0.22596153846153846 0.7235576923076923 0.038461538461538464 0.052884615384615384
0 0.23317307692307693 0.7896634615384616 0.04326923076923077 0.055288461538461536
0 0.2692307692307692 0.7896634615384616 0.038461538461538464 0.055288461538461536
0 0.20793269230769232 0.84375 0.040865384615384616 0.052884615384615384
0 0.1971153846153846 0.7836538461538461 0.02403846153846154 0.052884615384615384
0 0.2644230769230769 0.8509615384615384 0.04326923076923077 0.04326923076923077
0 0.2548076923076923 0.8798076923076923 0.03365384615384615 0.04807692307692308
0 0.29086538461538464 0.9026442307692307 0.04326923076923077 0.06009615384615385
0 0.3425480769230769 0.8689903846153846 0.03125 0.06009615384615385
0 0.36778846153846156 0.8197115384615384 0.03365384615384615 0.07211538461538461
0 0.36778846153846156 0.7620192307692307 0.038461538461538464 0.04326923076923077
0 0.3245192307692308 0.8305288461538461 0.02403846153846154 0.06009615384615385
0 0.2920673076923077 0.8413461538461539 0.03125 0.04807692307692308
0 0.3161057692307692 0.7704326923076923 0.036057692307692304 0.06971153846153846
0 0.02403846153846154 0.5024038461538461 0.04326923076923077 0.27884615384615385
0 0.3605769230769231 0.06850961538461539 0.19230769230769232 0.13221153846153846
0 0.35096153846153844 0.109375 0.3557692307692308 0.06009615384615385
0 0.12980769230769232 0.5384615384615384 0.08653846153846154 0.07692307692307693
0 0.4879807692307692 0.4951923076923077 0.20673076923076922 0.1201923076923077
0 0.5 0.5516826923076923 0.15384615384615385 0.12740384615384615
0 0.4891826923076923 0.6959134615384616 0.0889423076923077 0.30528846153846156
0 0.4735576923076923 0.6177884615384616 0.0625 0.08173076923076923
0 0.4579326923076923 0.6730769230769231 0.06490384615384616 0.08173076923076923
0 0.6177884615384616 0.7620192307692307 0.057692307692307696 0.3269230769230769
0 0.59375 0.7307692307692307 0.0625 0.28365384615384615
0 0.5516826923076923 0.7295673076923077 0.036057692307692304 0.25240384615384615
0 0.5144230769230769 0.8233173076923077 0.09134615384615384 0.2956730769230769
0 0.4495192307692308 0.8629807692307693 0.125 0.2692307692307692
0 0.609375 0.3161057692307692 0.20432692307692307 0.25721153846153844
0 0.7427884615384616 0.47836538461538464 0.27884615384615385 0.27403846153846156
0 0.12860576923076922 0.29447115384615385 0.18509615384615385 0.06971153846153846
0 0.13822115384615385 0.21153846153846154 0.040865384615384616 0.1201923076923077
0 0.15144230769230768 0.21514423076923078 0.20192307692307693 0.10817307692307693
0 0.16947115384615385 0.29447115384615385 0.2091346153846154 0.11298076923076923
0 0.15865384615384615 0.38461538461538464 0.14423076923076922 0.08653846153846154
3 0.6117788461538461 0.0733173076923077 0.21394230769230768 0.14182692307692307
3 0.8028846153846154 0.6850961538461539 0.2980769230769231 0.4375
3 0.1045673076923077 0.5300480769230769 0.12259615384615384 0.10336538461538461
