0 0.9543269230769231 0.5793269230769231 0.09134615384615384 0.2548076923076923
0 0.9903846153846154 0.8341346153846154 0.014423076923076924 0.12980769230769232
0 0.9807692307692307 0.3954326923076923 0.038461538461538464 0.15144230769230768
0 0.875 0.4423076923076923 0.1778846153846154 0.24519230769230768
0 0.8076923076923077 0.3317307692307692 0.15384615384615385 0.1875
0 0.6658653846153846 0.5240384615384616 0.1875 0.25961538461538464
0 0.5625 0.4266826923076923 0.16346153846153846 0.22355769230769232
0 0.5432692307692307 0.71875 0.20192307692307693 0.3076923076923077
0 0.31490384615384615 0.7115384615384616 0.22596153846153846 0.30288461538461536
0 0.3485576923076923 0.4519230769230769 0.22596153846153846 0.20673076923076922
0 0.31009615384615385 0.3894230769230769 0.1778846153846154 0.23076923076923078
0 0.3858173076923077 0.2764423076923077 0.17548076923076922 0.17307692307692307
0 0.5240384615384616 0.2403846153846154 0.13942307692307693 0.17307692307692307
0 0.46033653846153844 0.11057692307692307 0.13701923076923078 0.13942307692307693
0 0.3701923076923077 0.16346153846153846 0.12980769230769232 0.125
0 0.32572115384615385 0.06490384615384616 0.11778846153846154 0.125
0 0.17548076923076922 0.10336538461538461 0.125 0.13942307692307693
0 0.17548076923076922 0.2403846153846154 0.22115384615384615 0.12980769230769232
0 0.14423076923076922 0.03365384615384615 0.10576923076923077 0.0625
0 0.7836538461538461 0.042067307692307696 0.10576923076923077 0.07932692307692307
0 0.7403846153846154 0.09975961538461539 0.19230769230769232 0.0985576923076923
0 0.8701923076923077 0.051682692307692304 0.08173076923076923 0.0985576923076923
0 0.7139423076923077 0.036057692307692304 0.0625 0.0673076923076923
0 0.47836538461538464 0.020432692307692308 0.1346153846153846 0.036057692307692304
