0 0.8918269230769231 0.7632211538461539 0.07692307692307693 0.0985576923076923
0 0.9387019230769231 0.8112980769230769 0.07451923076923077 0.09375
0 0.9867788461538461 0.8605769230769231 0.026442307692307692 0.09615384615384616
0 0.9423076923076923 0.8942307692307693 0.07211538461538461 0.08173076923076923
0 0.9807692307692307 0.9375 0.03365384615384615 0.057692307692307696
0 0.8966346153846154 0.8425480769230769 0.04326923076923077 0.05048076923076923
0 0.9651442307692307 0.7295673076923077 0.06971153846153846 0.08413461538461539
0 0.9074519230769231 0.6923076923076923 0.05048076923076923 0.0673076923076923
0 0.8509615384615384 0.6935096153846154 0.057692307692307696 0.08413461538461539
0 0.875 0.6213942307692307 0.0625 0.08413461538461539
0 0.9459134615384616 0.6334134615384616 0.06490384615384616 0.0889423076923077
0 0.9771634615384616 0.5961538461538461 0.040865384615384616 0.07211538461538461
0 0.9867788461538461 0.6574519230769231 0.021634615384615384 0.05048076923076923
0 0.9194711538461539 0.5673076923076923 0.07451923076923077 0.08653846153846154
0 0.9555288461538461 0.5336538461538461 0.055288461538461536 0.07211538461538461
0 0.9807692307692307 0.5 0.038461538461538464 0.0673076923076923
0 0.9651442307692307 0.4483173076923077 0.05048076923076923 0.055288461538461536
0 0.9290865384615384 0.47716346153846156 0.055288461538461536 0.08413461538461539
0 0.9711538461538461 0.37259615384615385 0.052884615384615384 0.0673076923076923
0 0.9807692307692307 0.4098557692307692 0.03365384615384615 0.06009615384615385
0 0.9350961538461539 0.40024038461538464 0.03365384615384615 0.040865384615384616
0 0.359375 0.9639423076923077 0.06490384615384616 0.0673076923076923
0 0.31850961538461536 0.9194711538461539 0.06009615384615385 0.09375
0 0.25961538461538464 0.8762019230769231 0.07211538461538461 0.0889423076923077
0 0.30408653846153844 0.8473557692307693 0.03125 0.05048076923076923
0 0.06971153846153846 0.6586538461538461 0.0673076923076923 0.07211538461538461
0 0.052884615384615384 0.8870192307692307 0.0625 0.07692307692307693
0 0.0889423076923077 0.8173076923076923 0.07211538461538461 0.08173076923076923
0 0.16105769230769232 0.8365384615384616 0.0625 0.07692307692307693
0 0.15625 0.765625 0.0625 0.06009615384615385
0 0.10817307692307693 0.7403846153846154 0.057692307692307696 0.07211538461538461
0 0.12980769230769232 0.6706730769230769 0.052884615384615384 0.0673076923076923
0 0.18629807692307693 0.6442307692307693 0.07932692307692307 0.07692307692307693
0 0.20673076923076922 0.7007211538461539 0.057692307692307696 0.0985576923076923
0 0.2512019230769231 0.7163461538461539 0.03125 0.0673076923076923
0 0.2127403846153846 0.7728365384615384 0.040865384615384616 0.055288461538461536
0 0.16105769230769232 0.6033653846153846 0.052884615384615384 0.057692307692307696
0 0.10817307692307693 0.6177884615384616 0.03365384615384615 0.04807692307692308
0 0.20673076923076922 0.890625 0.038461538461538464 0.10336538461538461
0 0.17668269230769232 0.8918269230769231 0.03125 0.0673076923076923
0 0.11538461538461539 0.9411057692307693 0.07692307692307693 0.08413461538461539
0 0.11658653846153846 0.8737980769230769 0.07451923076923077 0.06009615384615385
0 0.17067307692307693 0.9615384615384616 0.0673076923076923 0.0625
0 0.19110576923076922 0.9819711538461539 0.04567307692307692 0.03125
0 0.2548076923076923 0.9639423076923077 0.07211538461538461 0.0673076923076923
0 0.29927884615384615 0.9819711538461539 0.04567307692307692 0.03125
0 0.036057692307692304 0.9507211538461539 0.0673076923076923 0.09375
0 0.020432692307692308 0.8509615384615384 0.036057692307692304 0.11057692307692307
0 0.018028846153846152 0.7524038461538461 0.03125 0.08653846153846154
0 0.054086538461538464 0.7355769230769231 0.036057692307692304 0.07211538461538461
0 0.020432692307692308 0.6778846153846154 0.036057692307692304 0.0625
0 0.018028846153846152 0.5853365384615384 0.03125 0.10336538461538461
0 0.25721153846153844 0.7860576923076923 0.07692307692307693 0.09134615384615384
0 0.32211538461538464 0.7860576923076923 0.057692307692307696 0.09134615384615384
0 0.34975961538461536 0.8557692307692307 0.06009615384615385 0.08653846153846154
0 0.39783653846153844 0.9098557692307693 0.06971153846153846 0.09375
0 0.4110576923076923 0.8365384615384616 0.057692307692307696 0.07692307692307693
0 0.3762019230769231 0.7860576923076923 0.05048076923076923 0.08173076923076923
0 0.36177884615384615 0.703125 0.055288461538461536 0.09375
0 0.30408653846153844 0.7007211538461539 0.06971153846153846 0.0985576923076923
0 0.2860576923076923 0.6442307692307693 0.057692307692307696 0.0673076923076923
0 0.26322115384615385 0.6394230769230769 0.05048076923076923 0.0673076923076923
0 0.2608173076923077 0.5793269230769231 0.06971153846153846 0.07211538461538461
0 0.3173076923076923 0.6033653846153846 0.0673076923076923 0.0673076923076923
0 0.37259615384615385 0.6346153846153846 0.057692307692307696 0.07692307692307693
0 0.3329326923076923 0.5408653846153846 0.06490384615384616 0.07692307692307693
0 0.3870192307692308 0.5721153846153846 0.057692307692307696 0.0673076923076923
0 0.38822115384615385 0.5096153846153846 0.04567307692307692 0.057692307692307696
0 0.2920673076923077 0.5252403846153846 0.03125 0.055288461538461536
0 0.2512019230769231 0.5180288461538461 0.05048076923076923 0.05048076923076923
0 0.21995192307692307 0.4543269230769231 0.05048076923076923 0.0673076923076923
0 0.24158653846153846 0.3629807692307692 0.05048076923076923 0.0625
0 0.20673076923076922 0.39903846153846156 0.038461538461538464 0.052884615384615384
0 0.2692307692307692 0.41225961538461536 0.052884615384615384 0.055288461538461536
0 0.27884615384615385 0.47115384615384615 0.057692307692307696 0.0625
0 0.33774038461538464 0.43028846153846156 0.06009615384615385 0.07211538461538461
0 0.3786057692307692 0.40024038461538464 0.05048076923076923 0.040865384615384616
0 0.4074519230769231 0.4254807692307692 0.055288461538461536 0.07211538461538461
0 0.4170673076923077 0.4639423076923077 0.040865384615384616 0.0673076923076923
0 0.33413461538461536 0.49158653846153844 0.052884615384615384 0.05048076923076923
0 0.43149038461538464 0.5288461538461539 0.04567307692307692 0.07211538461538461
0 0.4266826923076923 0.7163461538461539 0.06009615384615385 0.08653846153846154
0 0.4098557692307692 0.7752403846153846 0.036057692307692304 0.06009615384615385
0 0.43149038461538464 0.6490384615384616 0.055288461538461536 0.07692307692307693
0 0.49158653846153844 0.6466346153846154 0.05048076923076923 0.08173076923076923
0 0.4519230769230769 0.5793269230769231 0.0673076923076923 0.0625
0 0.5072115384615384 0.7992788461538461 0.057692307692307696 0.0985576923076923
0 0.45552884615384615 0.7860576923076923 0.05048076923076923 0.07211538461538461
0 0.4675480769230769 0.8605769230769231 0.06490384615384616 0.07692307692307693
0 0.5144230769230769 0.8918269230769231 0.0673076923076923 0.08653846153846154
0 0.5697115384615384 0.953125 0.07692307692307693 0.0889423076923077
0 0.6346153846153846 0.9735576923076923 0.057692307692307696 0.04807692307692308
0 0.6959134615384616 0.9735576923076923 0.06490384615384616 0.04807692307692308
0 0.7632211538461539 0.9411057692307693 0.06971153846153846 0.11298076923076923
0 0.7055288461538461 0.9074519230769231 0.06971153846153846 0.0889423076923077
0 0.6358173076923077 0.9182692307692307 0.06009615384615385 0.0673076923076923
0 0.5817307692307693 0.8677884615384616 0.0625 0.08173076923076923
0 0.5685096153846154 0.7548076923076923 0.06490384615384616 0.08173076923076923
0 0.5504807692307693 0.8293269230769231 0.052884615384615384 0.07692307692307693
0 0.5949519230769231 0.8040865384615384 0.040865384615384616 0.055288461538461536
0 0.6454326923076923 0.7884615384615384 0.05048076923076923 0.07692307692307693
0 0.6189903846153846 0.7235576923076923 0.05048076923076923 0.09134615384615384
0 0.671875 0.7055288461538461 0.05048076923076923 0.0889423076923077
0 0.7007211538461539 0.7692307692307693 0.055288461538461536 0.07692307692307693
0 0.6838942307692307 0.8197115384615384 0.05048076923076923 0.057692307692307696
0 0.6526442307692307 0.8605769230769231 0.06971153846153846 0.0673076923076923
0 0.7439903846153846 0.8401442307692307 0.06971153846153846 0.0889423076923077
0 0.7896634615384616 0.8846153846153846 0.055288461538461536 0.07211538461538461
0 0.8088942307692307 0.8197115384615384 0.06971153846153846 0.08653846153846154
0 0.7548076923076923 0.7692307692307693 0.04807692307692308 0.0673076923076923
0 0.8137019230769231 0.7572115384615384 0.055288461538461536 0.0673076923076923
0 0.7283653846153846 0.7055288461538461 0.04807692307692308 0.055288461538461536
0 0.7860576923076923 0.7067307692307693 0.0625 0.07692307692307693
0 0.7427884615384616 0.6418269230769231 0.057692307692307696 0.08173076923076923
0 0.6862980769230769 0.6370192307692307 0.055288461538461536 0.08173076923076923
0 0.6165865384615384 0.6622596153846154 0.04567307692307692 0.05048076923076923
0 0.5504807692307693 0.65625 0.057692307692307696 0.07692307692307693
0 0.5697115384615384 0.5817307692307693 0.057692307692307696 0.07692307692307693
0 0.5048076923076923 0.5793269230769231 0.052884615384615384 0.07211538461538461
0 0.4987980769230769 0.53125 0.05048076923076923 0.04807692307692308
0 0.5564903846153846 0.5204326923076923 0.05048076923076923 0.055288461538461536
0 0.5889423076923077 0.4807692307692308 0.052884615384615384 0.0673076923076923
0 0.6177884615384616 0.4110576923076923 0.038461538461538464 0.07211538461538461
0 0.6189903846153846 0.6105769230769231 0.05048076923076923 0.0625
0 0.6610576923076923 0.5697115384615384 0.057692307692307696 0.08173076923076923
0 0.6165865384615384 0.5384615384615384 0.055288461538461536 0.07211538461538461
0 0.6454326923076923 0.46875 0.05048076923076923 0.0673076923076923
0 0.6802884615384616 0.5072115384615384 0.0673076923076923 0.08173076923076923
0 0.7439903846153846 0.5072115384615384 0.06009615384615385 0.07211538461538461
0 0.7259615384615384 0.5721153846153846 0.0673076923076923 0.07692307692307693
0 0.7824519230769231 0.6117788461538461 0.04567307692307692 0.03125
0 0.8137019230769231 0.6262019230769231 0.06009615384615385 0.08413461538461539
0 0.84375 0.5432692307692307 0.0625 0.07211538461538461
0 0.8040865384615384 0.515625 0.05048076923076923 0.0889423076923077
0 0.8882211538461539 0.5024038461538461 0.06971153846153846 0.07211538461538461
0 0.8365384615384616 0.46875 0.04807692307692308 0.07692307692307693
0 0.8786057692307693 0.43509615384615385 0.055288461538461536 0.0625
0 0.8653846153846154 0.40865384615384615 0.057692307692307696 0.07692307692307693
0 0.8557692307692307 0.34134615384615385 0.052884615384615384 0.0673076923076923
0 0.8930288461538461 0.3786057692307692 0.026442307692307692 0.05048076923076923
0 0.9170673076923077 0.3557692307692308 0.04567307692307692 0.057692307692307696
0 0.7728365384615384 0.31971153846153844 0.05048076923076923 0.0673076923076923
0 0.8040865384615384 0.3317307692307692 0.026442307692307692 0.07211538461538461
0 0.8088942307692307 0.3918269230769231 0.06009615384615385 0.0673076923076923
0 0.7884615384615384 0.4375 0.057692307692307696 0.0673076923076923
0 0.7355769230769231 0.43028846153846156 0.057692307692307696 0.07211538461538461
0 0.6875 0.453125 0.038461538461538464 0.036057692307692304
0 0.6730769230769231 0.40625 0.057692307692307696 0.07211538461538461
0 0.6935096153846154 0.3389423076923077 0.055288461538461536 0.07211538461538461
0 0.6394230769230769 0.3581730769230769 0.0625 0.0625
0 0.6418269230769231 0.29086538461538464 0.0673076923076923 0.07211538461538461
0 0.5985576923076923 0.3088942307692308 0.03365384615384615 0.04567307692307692
0 0.6742788461538461 0.28846153846153844 0.016826923076923076 0.02403846153846154
0 0.7151442307692307 0.3112980769230769 0.040865384615384616 0.05048076923076923
0 0.7415865384615384 0.36778846153846156 0.05048076923076923 0.0625
0 0.734375 0.43028846153846156 0.05048076923076923 0.0625
0 0.9603365384615384 0.3245192307692308 0.04567307692307692 0.04807692307692308
0 0.9254807692307693 0.2932692307692308 0.04807692307692308 0.057692307692307696
0 0.9302884615384616 0.24759615384615385 0.038461538461538464 0.04807692307692308
0 0.9771634615384616 0.2776442307692308 0.040865384615384616 0.04567307692307692
0 0.9651442307692307 0.21394230769230768 0.026442307692307692 0.0625
0 0.9423076923076923 0.18269230769230768 0.03365384615384615 0.052884615384615384
0 0.96875 0.15745192307692307 0.038461538461538464 0.06009615384615385
0 0.9903846153846154 0.19110576923076922 0.014423076923076924 0.055288461538461536
0 0.8677884615384616 0.265625 0.052884615384615384 0.06009615384615385
0 0.7980769230769231 0.2644230769230769 0.052884615384615384 0.0673076923076923
0 0.7415865384615384 0.25721153846153844 0.040865384615384616 0.057692307692307696
0 0.7379807692307693 0.19110576923076922 0.04326923076923077 0.055288461538461536
0 0.7379807692307693 0.13701923076923078 0.03365384615384615 0.052884615384615384
0 0.7019230769230769 0.14182692307692307 0.038461538461538464 0.052884615384615384
0 0.6790865384615384 0.15985576923076922 0.03125 0.036057692307692304
0 0.6983173076923077 0.18509615384615385 0.03125 0.04807692307692308
0 0.6586538461538461 0.18509615384615385 0.04807692307692308 0.057692307692307696
0 0.6899038461538461 0.24519230769230768 0.038461538461538464 0.0625
0 0.6418269230769231 0.23918269230769232 0.04326923076923077 0.03125
0 0.6069711538461539 0.22115384615384615 0.036057692307692304 0.057692307692307696
0 0.6334134615384616 0.1658653846153846 0.05048076923076923 0.07692307692307693
0 0.5985576923076923 0.16706730769230768 0.019230769230769232 0.040865384615384616
0 0.5721153846153846 0.18509615384615385 0.03365384615384615 0.04807692307692308
0 0.5600961538461539 0.25240384615384615 0.038461538461538464 0.0673076923076923
0 0.5889423076923077 0.25600961538461536 0.02403846153846154 0.03125
