0 0.18870192307692307 0.421875 0.37259615384615385 0.7860576923076923
0 0.26322115384615385 0.08413461538461539 0.06971153846153846 0.12980769230769232
0 0.4423076923076923 0.3269230769230769 0.3125 0.6490384615384616
0 0.5865384615384616 0.6862980769230769 0.5 0.3629807692307692
0 0.8990384615384616 0.5612980769230769 0.1971153846153846 0.24278846153846154
0 0.7019230769230769 0.49759615384615385 0.27884615384615385 0.3605769230769231
0 0.9146634615384616 0.4326923076923077 0.17067307692307693 0.125
0 0.9098557692307693 0.31009615384615385 0.18028846153846154 0.18269230769230768
0 0.671875 0.11538461538461539 0.38221153846153844 0.09615384615384616
0 0.75 0.16706730769230768 0.2692307692307692 0.3293269230769231
0 0.4987980769230769 0.015625 0.2283653846153846 0.026442307692307692
0 0.5300480769230769 0.04326923076923077 0.33413461538461536 0.08173076923076923
0 0.5985576923076923 0.3329326923076923 0.1971153846153846 0.3245192307692308
0 0.5793269230769231 0.44350961538461536 0.052884615384615384 0.10336538461538461
0 0.28125 0.18389423076923078 0.057692307692307696 0.12259615384615384
0 0.18990384615384615 0.08653846153846154 0.07211538461538461 0.09134615384615384
