0 0.6033653846153846 0.49759615384615385 0.125 0.25
0 0.4879807692307692 0.5168269230769231 0.11538461538461539 0.23076923076923078
0 0.48677884615384615 0.31490384615384615 0.10817307692307693 0.20673076923076922
0 0.5096153846153846 0.1201923076923077 0.1346153846153846 0.23076923076923078
0 0.6021634615384616 0.27403846153846156 0.13701923076923078 0.23076923076923078
0 0.6478365384615384 0.1971153846153846 0.11778846153846154 0.20673076923076922
0 0.6875 0.4735576923076923 0.07211538461538461 0.16826923076923078
0 0.6706730769230769 0.6694711538461539 0.13942307692307693 0.23798076923076922
0 0.5300480769230769 0.6706730769230769 0.06009615384615385 0.10576923076923077
0 0.4987980769230769 0.7548076923076923 0.11298076923076923 0.20673076923076922
0 0.6009615384615384 0.8509615384615384 0.125 0.20673076923076922
0 0.5432692307692307 0.9254807692307693 0.10576923076923077 0.14423076923076922
0 0.6730769230769231 0.8641826923076923 0.0673076923076923 0.16105769230769232
0 0.6201923076923077 0.375 0.09134615384615384 0.07692307692307693
