0 0.4098557692307692 0.7836538461538461 0.5793269230769231 0.3317307692307692
0 0.1658653846153846 0.9242788461538461 0.3173076923076923 0.15144230769230768
0 0.07932692307692307 0.6911057692307693 0.13942307692307693 0.30528846153846156
0 0.6754807692307693 0.9314903846153846 0.49038461538461536 0.13701923076923078
0 0.8401442307692307 0.8209134615384616 0.31971153846153844 0.3389423076923077
0 0.7271634615384616 0.5480769230769231 0.5264423076923077 0.33653846153846156
0 0.34134615384615385 0.4423076923076923 0.5721153846153846 0.34615384615384615
0 0.11298076923076923 0.32211538461538464 0.21153846153846154 0.375
0 0.34615384615384615 0.13341346153846154 0.5673076923076923 0.2620192307692308
0 0.7463942307692307 0.21754807692307693 0.5072115384615384 0.3293269230769231
0 0.9182692307692307 0.43509615384615385 0.16826923076923078 0.27884615384615385
