0 0.5913461538461539 0.14182692307692307 0.16826923076923078 0.125
0 0.4411057692307692 0.07692307692307693 0.2620192307692308 0.13942307692307693
0 0.5192307692307693 0.27403846153846156 0.36538461538461536 0.2644230769230769
0 0.4326923076923077 0.265625 0.3125 0.21875
0 0.4543269230769231 0.4206730769230769 0.21153846153846154 0.11057692307692307
0 0.5600961538461539 0.5096153846153846 0.1971153846153846 0.11538461538461539
0 0.7379807692307693 0.47115384615384615 0.07211538461538461 0.052884615384615384
0 0.53125 0.5841346153846154 0.39903846153846156 0.23076923076923078
0 0.40625 0.5600961538461539 0.3605769230769231 0.30288461538461536
0 0.6021634615384616 0.7620192307692307 0.18028846153846154 0.1201923076923077
0 0.546875 0.8353365384615384 0.34375 0.30528846153846156
0 0.40865384615384615 0.8846153846153846 0.25961538461538464 0.23076923076923078
0 0.26322115384615385 0.7235576923076923 0.10336538461538461 0.04326923076923077
0 0.29447115384615385 0.6730769230769231 0.06009615384615385 0.04807692307692308
