0 0.8581730769230769 0.5949519230769231 0.28365384615384615 0.5264423076923077
0 0.9867788461538461 0.6983173076923077 0.026442307692307692 0.2668269230769231
0 0.9326923076923077 0.9194711538461539 0.1346153846153846 0.15625
0 0.7596153846153846 0.9146634615384616 0.38461538461538464 0.1658653846153846
0 0.9555288461538461 0.234375 0.08413461538461539 0.3918269230769231
0 0.734375 0.19110576923076922 0.43028846153846156 0.37740384615384615
0 0.5432692307692307 0.5516826923076923 0.4855769230769231 0.65625
0 0.27884615384615385 0.8737980769230769 0.47596153846153844 0.24759615384615385
0 0.5733173076923077 0.9350961538461539 0.1658653846153846 0.125
0 0.08533653846153846 0.8870192307692307 0.11298076923076923 0.22115384615384615
0 0.16346153846153846 0.4543269230769231 0.32211538461538464 0.6153846153846154
0 0.1814903846153846 0.1346153846153846 0.3581730769230769 0.2644230769230769
0 0.4651442307692308 0.14423076923076922 0.18509615384615385 0.28365384615384615
