0 0.9050480769230769 0.9074519230769231 0.18509615384615385 0.18509615384615385
0 0.8810096153846154 0.9855769230769231 0.1466346153846154 0.028846153846153848
0 0.6358173076923077 0.9399038461538461 0.35336538461538464 0.1201923076923077
0 0.38461538461538464 0.9783653846153846 0.16346153846153846 0.04326923076923077
0 0.19591346153846154 0.9519230769230769 0.23317307692307693 0.09615384615384616
0 0.3088942307692308 0.8858173076923077 0.2668269230769231 0.17067307692307693
0 0.4375 0.9435096153846154 0.1201923076923077 0.040865384615384616
0 0.4495192307692308 0.7932692307692307 0.3701923076923077 0.2644230769230769
0 0.7403846153846154 0.8137019230769231 0.24519230769230768 0.17548076923076922
0 0.9242788461538461 0.7439903846153846 0.1466346153846154 0.17067307692307693
0 0.8293269230769231 0.6862980769230769 0.08653846153846154 0.05048076923076923
0 0.8100961538461539 0.7391826923076923 0.09134615384615384 0.06971153846153846
0 0.6418269230769231 0.6322115384615384 0.2980769230769231 0.1875
0 0.4951923076923077 0.5096153846153846 0.375 0.22115384615384615
0 0.8581730769230769 0.5649038461538461 0.27884615384615385 0.23076923076923078
0 0.8245192307692307 0.33653846153846156 0.34615384615384615 0.23557692307692307
0 0.9495192307692307 0.3401442307692308 0.09615384615384616 0.24759615384615385
0 0.9567307692307693 0.10576923076923077 0.08173076923076923 0.20192307692307693
0 0.7884615384615384 0.11177884615384616 0.41346153846153844 0.21394230769230768
0 0.6850961538461539 0.2403846153846154 0.16826923076923078 0.11538461538461539
0 0.6826923076923077 0.44591346153846156 0.1971153846153846 0.17067307692307693
0 0.4963942307692308 0.3004807692307692 0.31490384615384615 0.21153846153846154
0 0.4326923076923077 0.07932692307692307 0.30288461538461536 0.15384615384615385
0 0.4831730769230769 0.1778846153846154 0.27884615384615385 0.13942307692307693
0 0.19230769230769232 0.17307692307692307 0.2932692307692308 0.19230769230769232
0 0.18269230769230768 0.34375 0.3269230769230769 0.1971153846153846
0 0.3942307692307692 0.38221153846153844 0.09615384615384616 0.07692307692307693
0 0.2704326923076923 0.4735576923076923 0.18509615384615385 0.1201923076923077
0 0.21153846153846154 0.6442307692307693 0.34134615384615385 0.27403846153846156
0 0.23317307692307693 0.7512019230769231 0.125 0.06971153846153846
0 0.21514423076923078 0.7872596153846154 0.10817307692307693 0.0889423076923077
0 0.08653846153846154 0.8641826923076923 0.16826923076923078 0.18509615384615385
0 0.04326923076923077 0.9867788461538461 0.08173076923076923 0.026442307692307692
0 0.06009615384615385 0.6947115384615384 0.11538461538461539 0.17307692307692307
0 0.08653846153846154 0.5024038461538461 0.16826923076923078 0.22115384615384615
0 0.03485576923076923 0.3137019230769231 0.06490384615384616 0.17067307692307693
0 0.03485576923076923 0.20192307692307693 0.06490384615384616 0.08173076923076923
0 0.08653846153846154 0.08413461538461539 0.16826923076923078 0.15865384615384615
0 0.21394230769230768 0.042067307692307696 0.14423076923076922 0.07451923076923077
