0 0.6682692307692307 0.6995192307692307 0.41346153846153844 0.3125
0 0.31009615384615385 0.5216346153846154 0.3605769230769231 0.44711538461538464
0 0.16706730769230768 0.38221153846153844 0.23317307692307693 0.3125
0 0.27283653846153844 0.21394230769230768 0.23317307692307693 0.20192307692307693
0 0.46634615384615385 0.37740384615384615 0.25961538461538464 0.3317307692307692
0 0.7259615384615384 0.3545673076923077 0.28846153846153844 0.37740384615384615
0 0.5204326923076923 0.17067307692307693 0.20432692307692307 0.125
0 0.7560096153846154 0.1971153846153846 0.2764423076923077 0.27884615384615385
0 0.3918269230769231 0.09735576923076923 0.2403846153846154 0.18509615384615385
0 0.07211538461538461 0.13822115384615385 0.13942307692307693 0.2668269230769231
0 0.15144230769230768 0.11057692307692307 0.09134615384615384 0.21153846153846154
0 0.3125 0.06850961538461539 0.2548076923076923 0.13221153846153846
0 0.2800480769230769 0.12379807692307693 0.19951923076923078 0.13221153846153846
0 0.5384615384615384 0.0985576923076923 0.22596153846153846 0.19230769230769232
