0 0.8052884615384616 0.8413461538461539 0.2980769230769231 0.125
0 0.9819711538461539 0.7572115384615384 0.036057692307692304 0.23076923076923078
0 0.8016826923076923 0.6033653846153846 0.3918269230769231 0.2548076923076923
0 0.7175480769230769 0.6141826923076923 0.19471153846153846 0.5456730769230769
0 0.7884615384615384 0.5264423076923077 0.19230769230769232 0.2548076923076923
0 0.6346153846153846 0.5252403846153846 0.16346153846153846 0.21394230769230768
0 0.4951923076923077 0.5805288461538461 0.1971153846153846 0.2283653846153846
0 0.4411057692307692 0.7716346153846154 0.19471153846153846 0.24519230769230768
0 0.31971153846153844 0.859375 0.16826923076923078 0.0889423076923077
0 0.25961538461538464 0.5336538461538461 0.2932692307692308 0.25
0 0.45072115384615385 0.4170673076923077 0.13701923076923078 0.16105769230769232
0 0.5324519230769231 0.3137019230769231 0.13701923076923078 0.16105769230769232
0 0.875 0.18870192307692307 0.1346153846153846 0.15144230769230768
0 0.7776442307692307 0.16105769230769232 0.06971153846153846 0.1201923076923077
0 0.7620192307692307 0.051682692307692304 0.10096153846153846 0.0985576923076923
0 0.6574519230769231 0.06490384615384616 0.10336538461538461 0.125
0 0.6153846153846154 0.1346153846153846 0.08653846153846154 0.11057692307692307
0 0.5793269230769231 0.171875 0.10096153846153846 0.0985576923076923
0 0.5096153846153846 0.11658653846153846 0.10576923076923077 0.13701923076923078
0 0.5745192307692307 0.036057692307692304 0.07692307692307693 0.0673076923076923
0 0.33653846153846156 0.03125 0.08173076923076923 0.057692307692307696
0 0.4375 0.051682692307692304 0.10576923076923077 0.0985576923076923
0 0.3954326923076923 0.1141826923076923 0.12259615384615384 0.10817307692307693
0 0.16466346153846154 0.15865384615384615 0.10336538461538461 0.125
0 0.1935096153846154 0.3125 0.21394230769230768 0.19230769230769232
0 0.140625 0.042067307692307696 0.09375 0.07932692307692307
0 0.03245192307692308 0.055288461538461536 0.06009615384615385 0.10576923076923077
0 0.6802884615384616 0.21995192307692307 0.13942307692307693 0.2860576923076923
0 0.8665865384615384 0.3016826923076923 0.2620192307692308 0.17067307692307693
