0 0.5721153846153846 0.9014423076923077 0.8509615384615384 0.1971153846153846
0 0.5216346153846154 0.7752403846153846 0.9519230769230769 0.18509615384615385
0 0.5600961538461539 0.5757211538461539 0.875 0.28125
0 0.4495192307692308 0.6586538461538461 0.4519230769230769 0.08173076923076923
0 0.5 0.4182692307692308 0.5913461538461539 0.125
0 0.609375 0.45913461538461536 0.7764423076923077 0.2644230769230769
0 0.5432692307692307 0.3245192307692308 0.9086538461538461 0.3605769230769231
0 0.7932692307692307 0.24759615384615385 0.40865384615384615 0.11538461538461539
0 0.6995192307692307 0.14423076923076922 0.5961538461538461 0.17307692307692307
0 0.65625 0.04807692307692308 0.6875 0.08653846153846154
