0 0.16105769230769232 0.17307692307692307 0.18269230769230768 0.20673076923076922
0 0.12740384615384615 0.040865384615384616 0.1346153846153846 0.0625
0 0.18509615384615385 0.3485576923076923 0.1346153846153846 0.1201923076923077
0 0.8052884615384616 0.44591346153846156 0.35096153846153844 0.4735576923076923
0 0.5144230769230769 0.22596153846153846 0.33653846153846156 0.4375
0 0.33413461538461536 0.0625 0.15384615384615385 0.11057692307692307
0 0.71875 0.125 0.21634615384615385 0.23076923076923078
0 0.9146634615384616 0.2668269230769231 0.17067307692307693 0.5240384615384616
0 0.8389423076923077 0.15144230769230768 0.08653846153846154 0.15865384615384615
0 0.7608173076923077 0.18870192307692307 0.06009615384615385 0.0889423076923077
0 0.9350961538461539 0.6995192307692307 0.12980769230769232 0.36538461538461536
0 0.9483173076923077 0.9098557692307693 0.10817307692307693 0.18028846153846154
0 0.7752403846153846 0.8329326923076923 0.3245192307692308 0.33413461538461536
0 0.5276442307692307 0.7199519230769231 0.3245192307692308 0.4735576923076923
0 0.41225961538461536 0.9459134615384616 0.19471153846153846 0.10817307692307693
0 0.19951923076923078 0.8269230769230769 0.15865384615384615 0.35096153846153844
0 0.12259615384615384 0.734375 0.019230769230769232 0.03125
0 0.0625 0.6286057692307693 0.014423076923076924 0.03125
0 0.12139423076923077 0.5829326923076923 0.026442307692307692 0.03125
0 0.08774038461538461 0.4735576923076923 0.026442307692307692 0.038461538461538464
0 0.13221153846153846 0.4423076923076923 0.028846153846153848 0.04807692307692308
0 0.11057692307692307 0.43149038461538464 0.019230769230769232 0.026442307692307692
0 0.2668269230769231 0.5480769230769231 0.2644230769230769 0.34134615384615385
0 0.30408653846153844 0.33413461538461536 0.09375 0.125
0 0.31850961538461536 0.22596153846153846 0.09375 0.20673076923076922
0 0.19471153846153846 0.33413461538461536 0.12980769230769232 0.11538461538461539
0 0.3173076923076923 0.7355769230769231 0.125 0.15865384615384615
