0 0.35096153846153844 0.59375 0.0625 0.21634615384615385
0 0.7980769230769231 0.6346153846153846 0.0625 0.1778846153846154
0 0.8365384615384616 0.6201923076923077 0.0673076923076923 0.12980769230769232
0 0.7728365384615384 0.6274038461538461 0.040865384615384616 0.14423076923076922
0 0.7415865384615384 0.6165865384615384 0.05048076923076923 0.11298076923076923
0 0.9098557692307693 0.5432692307692307 0.040865384615384616 0.0625
0 0.9050480769230769 0.4675480769230769 0.05048076923076923 0.15625
0 0.890625 0.4831730769230769 0.05048076923076923 0.14423076923076922
0 0.8725961538461539 0.47115384615384615 0.057692307692307696 0.15384615384615385
0 0.8557692307692307 0.4651442307692308 0.057692307692307696 0.16105769230769232
0 0.8125 0.4639423076923077 0.03365384615384615 0.13942307692307693
0 0.8173076923076923 0.7860576923076923 0.07692307692307693 0.10576923076923077
0 0.7860576923076923 0.7752403846153846 0.0673076923076923 0.10817307692307693
0 0.765625 0.7692307692307693 0.04567307692307692 0.08653846153846154
0 0.7944711538461539 0.9182692307692307 0.040865384615384616 0.09134615384615384
0 0.7716346153846154 0.9110576923076923 0.057692307692307696 0.10576923076923077
0 0.7259615384615384 0.90625 0.057692307692307696 0.07211538461538461
0 0.78125 0.8533653846153846 0.09615384615384616 0.038461538461538464
0 0.7115384615384616 0.9807692307692307 0.0673076923076923 0.038461538461538464
0 0.7620192307692307 0.9831730769230769 0.03365384615384615 0.03365384615384615
0 0.7884615384615384 0.9879807692307693 0.038461538461538464 0.02403846153846154
0 0.3317307692307692 0.36778846153846156 0.0625 0.22596153846153846
0 0.2644230769230769 0.3629807692307692 0.07692307692307693 0.23557692307692307
0 0.2956730769230769 0.5889423076923077 0.07211538461538461 0.22596153846153846
0 0.23076923076923078 0.5540865384615384 0.0625 0.2956730769230769
0 0.18509615384615385 0.5757211538461539 0.07211538461538461 0.25240384615384615
0 0.18509615384615385 0.5552884615384616 0.10096153846153846 0.3317307692307692
0 0.07932692307692307 0.6105769230769231 0.07692307692307693 0.21634615384615385
0 0.10096153846153846 0.5829326923076923 0.08653846153846154 0.29086538461538464
0 0.039663461538461536 0.5745192307692307 0.07451923076923077 0.30288461538461536
0 0.17908653846153846 0.8245192307692307 0.040865384615384616 0.19230769230769232
0 0.19951923076923078 0.7932692307692307 0.0625 0.14903846153846154
0 0.14182692307692307 0.7884615384615384 0.03365384615384615 0.15384615384615385
0 0.33533653846153844 0.7716346153846154 0.036057692307692304 0.12980769230769232
0 0.296875 0.7920673076923077 0.040865384615384616 0.10817307692307693
0 0.27283653846153844 0.7932692307692307 0.036057692307692304 0.09134615384615384
0 0.25 0.8016826923076923 0.0625 0.11778846153846154
0 0.06971153846153846 0.8317307692307693 0.08653846153846154 0.1971153846153846
0 0.09735576923076923 0.8317307692307693 0.040865384615384616 0.21153846153846154
0 0.007211538461538462 0.6766826923076923 0.009615384615384616 0.06971153846153846
0 0.009615384615384616 0.8137019230769231 0.014423076923076924 0.06490384615384616
0 0.01201923076923077 0.9206730769230769 0.019230769230769232 0.04326923076923077
0 0.9591346153846154 0.15264423076923078 0.07692307692307693 0.10817307692307693
0 0.8317307692307693 0.1466346153846154 0.10576923076923077 0.10576923076923077
0 0.9447115384615384 0.3004807692307692 0.10096153846153846 0.10096153846153846
0 0.8942307692307693 0.3713942307692308 0.07211538461538461 0.016826923076923076
0 0.8004807692307693 0.2932692307692308 0.11538461538461539 0.1201923076923077
0 0.6730769230769231 0.16466346153846154 0.125 0.11298076923076923
0 0.6322115384615384 0.30288461538461536 0.11057692307692307 0.10576923076923077
0 0.43028846153846156 0.2824519230769231 0.125 0.11298076923076923
0 0.4495192307692308 0.14543269230769232 0.11057692307692307 0.11778846153846154
0 0.3016826923076923 0.12860576923076922 0.13221153846153846 0.11298076923076923
0 0.1778846153846154 0.09735576923076923 0.03365384615384615 0.10817307692307693
0 0.1971153846153846 0.10336538461538461 0.014423076923076924 0.09615384615384616
0 0.1502403846153846 0.10817307692307693 0.036057692307692304 0.12980769230769232
0 0.12259615384615384 0.09975961538461539 0.028846153846153848 0.10817307692307693
0 0.09615384615384616 0.1045673076923077 0.02403846153846154 0.10817307692307693
0 0.08413461538461539 0.12259615384615384 0.019230769230769232 0.057692307692307696
0 0.20793269230769232 0.2548076923076923 0.036057692307692304 0.09615384615384616
0 0.19471153846153846 0.25600961538461536 0.028846153846153848 0.06971153846153846
0 0.17548076923076922 0.2692307692307692 0.028846153846153848 0.052884615384615384
0 0.15384615384615385 0.24158653846153846 0.0625 0.11298076923076923
0 0.140625 0.23677884615384615 0.055288461538461536 0.06490384615384616
0 0.1310096153846154 0.22355769230769232 0.04567307692307692 0.04807692307692308
0 0.1466346153846154 0.3581730769230769 0.03365384615384615 0.09134615384615384
0 0.12259615384615384 0.3581730769230769 0.028846153846153848 0.10096153846153846
0 0.09975961538461539 0.3557692307692308 0.036057692307692304 0.10576923076923077
0 0.06370192307692307 0.35096153846153844 0.05048076923076923 0.09615384615384616
0 0.054086538461538464 0.35096153846153844 0.036057692307692304 0.07692307692307693
0 0.03245192307692308 0.21514423076923078 0.05048076923076923 0.11298076923076923
0 0.0625 0.20793269230769232 0.028846153846153848 0.11298076923076923
0 0.020432692307692308 0.22596153846153846 0.036057692307692304 0.10096153846153846
0 0.019230769230769232 0.0673076923076923 0.03365384615384615 0.125
0 0.038461538461538464 0.07091346153846154 0.028846153846153848 0.11778846153846154
0 0.007211538461538462 0.3701923076923077 0.009615384615384616 0.057692307692307696
0 0.44591346153846156 0.41586538461538464 0.12740384615384615 0.10576923076923077
0 0.5745192307692307 0.4230769230769231 0.11057692307692307 0.10096153846153846
0 0.7199519230769231 0.4375 0.12740384615384615 0.10576923076923077
0 0.6514423076923077 0.5360576923076923 0.11057692307692307 0.10096153846153846
0 0.5120192307692307 0.5384615384615384 0.10576923076923077 0.09615384615384616
0 0.6394230769230769 0.6514423076923077 0.10576923076923077 0.07692307692307693
0 0.6778846153846154 0.7451923076923077 0.09134615384615384 0.07211538461538461
0 0.5649038461538461 0.7331730769230769 0.10096153846153846 0.07692307692307693
0 0.43028846153846156 0.7235576923076923 0.09615384615384616 0.07692307692307693
0 0.49278846153846156 0.6370192307692307 0.09134615384615384 0.08653846153846154
0 0.9855769230769231 0.5264423076923077 0.028846153846153848 0.09134615384615384
0 0.9242788461538461 0.6538461538461539 0.1466346153846154 0.14423076923076922
0 0.9230769230769231 0.7932692307692307 0.14903846153846154 0.125
0 0.9230769230769231 0.9014423076923077 0.14903846153846154 0.09134615384615384
0 0.9182692307692307 0.9771634615384616 0.16346153846153846 0.04567307692307692
