1 0.4855769230769231 0.59375 0.1875 0.5673076923076923
0 0.15384615384615385 0.59375 0.21153846153846154 0.44711538461538464
0 0.20432692307692307 0.625 0.21153846153846154 0.4423076923076923
0 0.37259615384615385 0.6382211538461539 0.0625 0.37259615384615385
0 0.12980769230769232 0.6838942307692307 0.12980769230769232 0.4110576923076923
0 0.25961538461538464 0.6971153846153846 0.07692307692307693 0.3076923076923077
0 0.20673076923076922 0.7163461538461539 0.0625 0.4855769230769231
0 0.30408653846153844 0.7463942307692307 0.11778846153846154 0.45913461538461536
0 0.46274038461538464 0.15384615384615385 0.27163461538461536 0.30288461538461536
0 0.8497596153846154 0.27163461538461536 0.24278846153846154 0.42788461538461536
1 0.6370192307692307 0.34975961538461536 0.15865384615384615 0.5408653846153846
0 0.33653846153846156 0.35096153846153844 0.21153846153846154 0.3173076923076923
0 0.5625 0.04807692307692308 0.5192307692307693 0.09134615384615384
