0 0.2932692307692308 0.27884615384615385 0.4807692307692308 0.3269230769230769
0 0.34975961538461536 0.3870192307692308 0.5408653846153846 0.28846153846153844
0 0.3894230769230769 0.49038461538461536 0.5144230769230769 0.28365384615384615
0 0.4182692307692308 0.5625 0.44711538461538464 0.2403846153846154
0 0.3894230769230769 0.6971153846153846 0.2692307692307692 0.3894230769230769
0 0.5685096153846154 0.7379807692307693 0.24278846153846154 0.42788461538461536
0 0.7043269230769231 0.7163461538461539 0.23557692307692307 0.3701923076923077
0 0.7836538461538461 0.6574519230769231 0.2932692307692308 0.24278846153846154
0 0.8257211538461539 0.578125 0.3485576923076923 0.1658653846153846
0 0.7572115384615384 0.31490384615384615 0.375 0.375
0 0.59375 0.2932692307692308 0.27403846153846156 0.4326923076923077
0 0.7524038461538461 0.41466346153846156 0.15865384615384615 0.20432692307692307
0 0.7836538461538461 0.2403846153846154 0.33653846153846156 0.2980769230769231
0 0.8245192307692307 0.31490384615384615 0.23076923076923078 0.33653846153846156
