0 0.27403846153846156 0.4543269230769231 0.5336538461538461 0.8894230769230769
0 0.5180288461538461 0.22596153846153846 0.43990384615384615 0.4375
0 0.8629807692307693 0.3004807692307692 0.27403846153846156 0.5865384615384616
0 0.6947115384615384 0.45913461538461536 0.40384615384615385 0.6394230769230769
0 0.16105769230769232 0.8425480769230769 0.3125 0.31490384615384615
0 0.5600961538461539 0.8641826923076923 0.5048076923076923 0.27163461538461536
0 0.890625 0.765625 0.21875 0.46875
0 0.02403846153846154 0.020432692307692308 0.03365384615384615 0.021634615384615384
0 0.03245192307692308 0.052884615384615384 0.05048076923076923 0.052884615384615384
0 0.0673076923076923 0.02403846153846154 0.02403846153846154 0.03365384615384615
0 0.11057692307692307 0.021634615384615384 0.038461538461538464 0.028846153846153848
0 0.10216346153846154 0.057692307692307696 0.05048076923076923 0.03365384615384615
0 0.04567307692307692 0.09615384615384616 0.057692307692307696 0.04326923076923077
0 0.028846153846153848 0.13221153846153846 0.04326923076923077 0.07211538461538461
0 0.021634615384615384 0.22596153846153846 0.028846153846153848 0.15384615384615385
0 0.038461538461538464 0.25 0.04326923076923077 0.11057692307692307
0 0.07451923076923077 0.23798076923076922 0.04807692307692308 0.1201923076923077
0 0.07692307692307693 0.31009615384615385 0.028846153846153848 0.03365384615384615
0 0.055288461538461536 0.3557692307692308 0.03365384615384615 0.04807692307692308
0 0.03245192307692308 0.3389423076923077 0.05048076923076923 0.08173076923076923
0 0.025240384615384616 0.4182692307692308 0.036057692307692304 0.07692307692307693
0 0.055288461538461536 0.41346153846153844 0.02403846153846154 0.07692307692307693
0 0.04567307692307692 0.4831730769230769 0.07692307692307693 0.0673076923076923
0 0.052884615384615384 0.5120192307692307 0.038461538461538464 0.03365384615384615
0 0.02403846153846154 0.5552884615384616 0.03365384615384615 0.052884615384615384
0 0.042067307692307696 0.5528846153846154 0.021634615384615384 0.028846153846153848
0 0.052884615384615384 0.6009615384615384 0.03365384615384615 0.038461538461538464
0 0.026442307692307692 0.6225961538461539 0.02403846153846154 0.08173076923076923
0 0.01201923076923077 0.6538461538461539 0.009615384615384616 0.052884615384615384
0 0.026442307692307692 0.7043269230769231 0.038461538461538464 0.038461538461538464
0 0.06009615384615385 0.6730769230769231 0.028846153846153848 0.09134615384615384
0 0.08653846153846154 0.15264423076923078 0.057692307692307696 0.06009615384615385
0 0.10576923076923077 0.11057692307692307 0.057692307692307696 0.07211538461538461
0 0.16826923076923078 0.04567307692307692 0.0673076923076923 0.07692307692307693
0 0.20192307692307693 0.055288461538461536 0.0625 0.09134615384615384
0 0.17067307692307693 0.11538461538461539 0.028846153846153848 0.04807692307692308
0 0.1346153846153846 0.15384615384615385 0.04807692307692308 0.125
0 0.0985576923076923 0.20793269230769232 0.03365384615384615 0.06009615384615385
0 0.08774038461538461 0.15384615384615385 0.05048076923076923 0.04807692307692308
0 0.11057692307692307 0.29447115384615385 0.038461538461538464 0.10336538461538461
0 0.11538461538461539 0.37259615384615385 0.057692307692307696 0.09134615384615384
0 0.08653846153846154 0.3629807692307692 0.028846153846153848 0.04326923076923077
0 0.08774038461538461 0.43990384615384615 0.036057692307692304 0.08653846153846154
0 0.09495192307692307 0.5216346153846154 0.036057692307692304 0.07692307692307693
0 0.07572115384615384 0.5793269230769231 0.036057692307692304 0.11538461538461539
0 0.11538461538461539 0.6442307692307693 0.07211538461538461 0.08173076923076923
0 0.1201923076923077 0.5721153846153846 0.04807692307692308 0.08653846153846154
0 0.15625 0.5216346153846154 0.04326923076923077 0.052884615384615384
0 0.125 0.46634615384615385 0.038461538461538464 0.11057692307692307
0 0.1658653846153846 0.4639423076923077 0.038461538461538464 0.04807692307692308
0 0.15144230769230768 0.4050480769230769 0.04807692307692308 0.06009615384615385
0 0.16947115384615385 0.3581730769230769 0.05048076923076923 0.052884615384615384
0 0.18028846153846154 0.29086538461538464 0.08173076923076923 0.08173076923076923
0 0.13221153846153846 0.3004807692307692 0.019230769230769232 0.038461538461538464
0 0.1466346153846154 0.24519230769230768 0.04807692307692308 0.08173076923076923
0 0.18028846153846154 0.18990384615384615 0.04807692307692308 0.11057692307692307
0 0.20192307692307693 0.15625 0.03365384615384615 0.11057692307692307
0 0.22956730769230768 0.11538461538461539 0.036057692307692304 0.11538461538461539
0 0.2620192307692308 0.07572115384615384 0.057692307692307696 0.10336538461538461
0 0.27403846153846156 0.04326923076923077 0.052884615384615384 0.07211538461538461
0 0.28125 0.17067307692307693 0.052884615384615384 0.08173076923076923
0 0.24759615384615385 0.1778846153846154 0.052884615384615384 0.04326923076923077
0 0.25240384615384615 0.20673076923076922 0.04807692307692308 0.038461538461538464
0 0.21875 0.23798076923076922 0.057692307692307696 0.04326923076923077
0 0.24519230769230768 0.25600961538461536 0.038461538461538464 0.06009615384615385
0 0.21875 0.31971153846153844 0.04807692307692308 0.052884615384615384
0 0.2091346153846154 0.3605769230769231 0.038461538461538464 0.08173076923076923
0 0.19110576923076922 0.4230769230769231 0.036057692307692304 0.052884615384615384
0 0.21634615384615385 0.4651442307692308 0.038461538461538464 0.06009615384615385
0 0.1971153846153846 0.5 0.038461538461538464 0.052884615384615384
0 0.21394230769230768 0.5516826923076923 0.04326923076923077 0.06009615384615385
0 0.19230769230769232 0.5516826923076923 0.028846153846153848 0.06009615384615385
0 0.1875 0.6201923076923077 0.057692307692307696 0.0673076923076923
0 0.15865384615384615 0.5841346153846154 0.04326923076923077 0.07211538461538461
0 0.15865384615384615 0.6634615384615384 0.04326923076923077 0.052884615384615384
0 0.14182692307692307 0.6778846153846154 0.019230769230769232 0.038461538461538464
0 0.17307692307692307 0.7235576923076923 0.04326923076923077 0.052884615384615384
0 0.1971153846153846 0.6754807692307693 0.03365384615384615 0.052884615384615384
0 0.21754807692307693 0.7211538461538461 0.036057692307692304 0.04807692307692308
0 0.23317307692307693 0.6802884615384616 0.04326923076923077 0.07692307692307693
0 0.26802884615384615 0.7043269230769231 0.036057692307692304 0.04807692307692308
0 0.25240384615384615 0.7259615384615384 0.03365384615384615 0.038461538461538464
0 0.24278846153846154 0.7836538461538461 0.04326923076923077 0.0673076923076923
0 0.2764423076923077 0.8197115384615384 0.038461538461538464 0.04807692307692308
0 0.3173076923076923 0.8257211538461539 0.038461538461538464 0.06009615384615385
0 0.3293269230769231 0.8737980769230769 0.038461538461538464 0.06009615384615385
0 0.31009615384615385 0.75 0.038461538461538464 0.04807692307692308
0 0.30408653846153844 0.6899038461538461 0.036057692307692304 0.04807692307692308
0 0.2668269230769231 0.6538461538461539 0.03365384615384615 0.04326923076923077
0 0.24759615384615385 0.6165865384615384 0.04807692307692308 0.06009615384615385
0 0.22596153846153846 0.6346153846153846 0.028846153846153848 0.038461538461538464
0 0.21875 0.59375 0.02403846153846154 0.03365384615384615
0 0.23798076923076922 0.5036057692307693 0.03365384615384615 0.06009615384615385
0 0.2692307692307692 0.5120192307692307 0.04807692307692308 0.07692307692307693
0 0.25961538461538464 0.5721153846153846 0.038461538461538464 0.052884615384615384
0 0.25 0.625 0.04326923076923077 0.052884615384615384
0 0.28365384615384615 0.4543269230769231 0.02403846153846154 0.04807692307692308
0 0.2548076923076923 0.4567307692307692 0.03365384615384615 0.04326923076923077
0 0.2608173076923077 0.39663461538461536 0.036057692307692304 0.052884615384615384
0 0.28125 0.3605769230769231 0.038461538461538464 0.04807692307692308
0 0.25 0.35336538461538464 0.028846153846153848 0.052884615384615384
0 0.2800480769230769 0.30649038461538464 0.05048076923076923 0.06009615384615385
0 0.28725961538461536 0.25 0.05048076923076923 0.0673076923076923
0 0.4387019230769231 0.6286057692307693 0.14182692307692307 0.22355769230769232
0 0.39663461538461536 0.4375 0.09615384615384616 0.16826923076923078
0 0.35096153846153844 0.5793269230769231 0.08653846153846154 0.14903846153846154
0 0.328125 0.6838942307692307 0.0985576923076923 0.13701923076923078
0 0.33653846153846156 0.7992788461538461 0.0673076923076923 0.10336538461538461
0 0.3245192307692308 0.2932692307692308 0.1201923076923077 0.16346153846153846
0 0.31009615384615385 0.07211538461538461 0.03365384615384615 0.04807692307692308
0 0.31009615384615385 0.1201923076923077 0.02403846153846154 0.04807692307692308
0 0.31490384615384615 0.026442307692307692 0.02403846153846154 0.038461538461538464
0 0.35096153846153844 0.036057692307692304 0.038461538461538464 0.052884615384615384
0 0.3401442307692308 0.07932692307692307 0.021634615384615384 0.04326923076923077
0 0.3581730769230769 0.08173076923076923 0.02403846153846154 0.04807692307692308
0 0.3449519230769231 0.2620192307692308 0.05048076923076923 0.07211538461538461
0 0.46153846153846156 0.2548076923076923 0.028846153846153848 0.04326923076923077
0 0.4951923076923077 0.17307692307692307 0.02403846153846154 0.052884615384615384
0 0.5168269230769231 0.13942307692307693 0.03365384615384615 0.052884615384615384
0 0.4951923076923077 0.04326923076923077 0.02403846153846154 0.04807692307692308
0 0.5745192307692307 0.052884615384615384 0.04326923076923077 0.052884615384615384
0 0.5528846153846154 0.1045673076923077 0.038461538461538464 0.06009615384615385
0 0.6021634615384616 0.08774038461538461 0.05048076923076923 0.06009615384615385
0 0.6177884615384616 0.07451923076923077 0.22596153846153846 0.12980769230769232
0 0.38221153846153844 0.06971153846153846 0.22115384615384615 0.1201923076923077
0 0.4639423076923077 0.1778846153846154 0.08653846153846154 0.1875
0 0.5612980769230769 0.13701923076923078 0.14182692307692307 0.19230769230769232
0 0.47475961538461536 0.2980769230769231 0.08413461538461539 0.17307692307692307
0 0.36778846153846156 0.12259615384615384 0.13942307692307693 0.15384615384615385
0 0.5913461538461539 0.3245192307692308 0.028846153846153848 0.052884615384615384
0 0.6081730769230769 0.3798076923076923 0.02403846153846154 0.04326923076923077
0 0.5817307692307693 0.39903846153846156 0.028846153846153848 0.04807692307692308
0 0.6418269230769231 0.37259615384615385 0.02403846153846154 0.038461538461538464
0 0.6298076923076923 0.39663461538461536 0.038461538461538464 0.052884615384615384
0 0.6057692307692307 0.41586538461538464 0.028846153846153848 0.028846153846153848
0 0.6009615384615384 0.4639423076923077 0.019230769230769232 0.038461538461538464
0 0.5925480769230769 0.5024038461538461 0.021634615384615384 0.028846153846153848
0 0.578125 0.5264423076923077 0.021634615384615384 0.04326923076923077
0 0.5588942307692307 0.53125 0.021634615384615384 0.038461538461538464
0 0.6935096153846154 0.5336538461538461 0.021634615384615384 0.04326923076923077
0 0.5625 0.6286057692307693 0.09615384615384616 0.18028846153846154
0 0.7163461538461539 0.6346153846153846 0.12980769230769232 0.125
0 0.7764423076923077 0.4951923076923077 0.10096153846153846 0.12980769230769232
0 0.71875 0.3245192307692308 0.16346153846153846 0.16346153846153846
0 0.6586538461538461 0.37740384615384615 0.07211538461538461 0.21153846153846154
0 0.53125 0.49278846153846156 0.04326923076923077 0.125
0 0.8365384615384616 0.04567307692307692 0.052884615384615384 0.07692307692307693
0 0.8125 0.07932692307692307 0.07692307692307693 0.0673076923076923
0 0.7692307692307693 0.039663461538461536 0.07211538461538461 0.06009615384615385
0 0.7475961538461539 0.09615384615384616 0.052884615384615384 0.08653846153846154
0 0.7692307692307693 0.18028846153846154 0.04326923076923077 0.09134615384615384
0 0.8004807692307693 0.15144230769230768 0.052884615384615384 0.08653846153846154
0 0.8317307692307693 0.18509615384615385 0.04326923076923077 0.07211538461538461
0 0.8209134615384616 0.24278846153846154 0.06490384615384616 0.0673076923076923
0 0.8774038461538461 0.2247596153846154 0.0673076923076923 0.06009615384615385
0 0.8533653846153846 0.2956730769230769 0.04326923076923077 0.07211538461538461
0 0.8918269230769231 0.2932692307692308 0.04807692307692308 0.08653846153846154
0 0.8870192307692307 0.35096153846153844 0.04326923076923077 0.038461538461538464
0 0.8509615384615384 0.33413461538461536 0.04326923076923077 0.04807692307692308
0 0.8786057692307693 0.40384615384615385 0.06490384615384616 0.07211538461538461
0 0.8365384615384616 0.43509615384615385 0.04807692307692308 0.052884615384615384
0 0.8978365384615384 0.4543269230769231 0.05048076923076923 0.07211538461538461
0 0.9086538461538461 0.4951923076923077 0.057692307692307696 0.07692307692307693
0 0.9543269230769231 0.47836538461538464 0.04807692307692308 0.052884615384615384
0 0.9471153846153846 0.4266826923076923 0.038461538461538464 0.06009615384615385
0 0.9350961538461539 0.09134615384615384 0.04326923076923077 0.052884615384615384
0 0.8918269230769231 0.10096153846153846 0.052884615384615384 0.07692307692307693
0 0.9146634615384616 0.04326923076923077 0.036057692307692304 0.04807692307692308
0 0.8762019230769231 0.052884615384615384 0.036057692307692304 0.08653846153846154
0 0.9567307692307693 0.13581730769230768 0.052884615384615384 0.06009615384615385
0 0.9158653846153846 0.13221153846153846 0.08173076923076923 0.14903846153846154
0 0.9831730769230769 0.1346153846153846 0.038461538461538464 0.17307692307692307
0 0.9555288461538461 0.34134615384615385 0.0889423076923077 0.34134615384615385
0 0.5625 0.765625 0.04326923076923077 0.06009615384615385
0 0.5168269230769231 0.7860576923076923 0.04807692307692308 0.07211538461538461
0 0.48197115384615385 0.8233173076923077 0.05048076923076923 0.0985576923076923
0 0.4254807692307692 0.8245192307692307 0.038461538461538464 0.07211538461538461
0 0.44471153846153844 0.8942307692307693 0.038461538461538464 0.07692307692307693
0 0.40865384615384615 0.9014423076923077 0.02403846153846154 0.04807692307692308
0 0.36778846153846156 0.890625 0.03365384615384615 0.06009615384615385
0 0.5985576923076923 0.8173076923076923 0.04807692307692308 0.08653846153846154
0 0.6057692307692307 0.7572115384615384 0.038461538461538464 0.052884615384615384
0 0.6418269230769231 0.7908653846153846 0.038461538461538464 0.07692307692307693
0 0.6875 0.8004807692307693 0.04326923076923077 0.04326923076923077
0 0.6730769230769231 0.8509615384615384 0.04807692307692308 0.052884615384615384
0 0.9759615384615384 0.6177884615384616 0.04807692307692308 0.09134615384615384
0 0.9338942307692307 0.5817307692307693 0.05048076923076923 0.052884615384615384
0 0.9254807692307693 0.7331730769230769 0.0673076923076923 0.09134615384615384
0 0.9387019230769231 0.6502403846153846 0.0985576923076923 0.10336538461538461
0 0.9050480769230769 0.8461538461538461 0.06490384615384616 0.08173076923076923
0 0.859375 0.7524038461538461 0.0985576923076923 0.11057692307692307
0 0.9471153846153846 0.8810096153846154 0.0673076923076923 0.13701923076923078
0 0.8774038461538461 0.9375 0.04807692307692308 0.07692307692307693
0 0.9639423076923077 0.9627403846153846 0.04326923076923077 0.07451923076923077
0 0.5024038461538461 0.5036057692307693 0.9951923076923077 0.9927884615384616
0 0.6129807692307693 0.8966346153846154 0.038461538461538464 0.07211538461538461
0 0.7572115384615384 0.8822115384615384 0.09134615384615384 0.20673076923076922
0 0.6274038461538461 0.8581730769230769 0.17307692307692307 0.20192307692307693
0 0.49038461538461536 0.9014423076923077 0.13942307692307693 0.07211538461538461
0 0.3701923076923077 0.9495192307692307 0.16826923076923078 0.07692307692307693
