0 0.43509615384615385 0.2091346153846154 0.3605769230769231 0.25961538461538464
0 0.5793269230769231 0.2776442307692308 0.038461538461538464 0.06009615384615385
0 0.6177884615384616 0.31009615384615385 0.057692307692307696 0.09134615384615384
0 0.65625 0.27403846153846156 0.04807692307692308 0.07692307692307693
0 0.6262019230769231 0.2283653846153846 0.06971153846153846 0.08173076923076923
0 0.6262019230769231 0.13581730769230768 0.0985576923076923 0.10336538461538461
0 0.3076923076923077 0.6670673076923077 0.07692307692307693 0.10817307692307693
0 0.32211538461538464 0.5853365384615384 0.09134615384615384 0.06490384615384616
0 0.38221153846153844 0.5889423076923077 0.038461538461538464 0.04326923076923077
0 0.3894230769230769 0.6274038461538461 0.028846153846153848 0.03365384615384615
0 0.421875 0.6033653846153846 0.036057692307692304 0.04807692307692308
0 0.4375 0.5709134615384616 0.03365384615384615 0.016826923076923076
0 0.4567307692307692 0.59375 0.028846153846153848 0.038461538461538464
0 0.4387019230769231 0.625 0.036057692307692304 0.028846153846153848
0 0.34975961538461536 0.734375 0.14182692307692307 0.18990384615384615
0 0.32211538461538464 0.7632211538461539 0.16346153846153846 0.2283653846153846
0 0.4206730769230769 0.7355769230769231 0.09615384615384616 0.07692307692307693
0 0.4543269230769231 0.7908653846153846 0.04326923076923077 0.15384615384615385
0 0.41586538461538464 0.6875 0.0673076923076923 0.08653846153846154
0 0.49759615384615385 0.6586538461538461 0.11057692307692307 0.125
0 0.49278846153846156 0.8389423076923077 0.1971153846153846 0.2403846153846154
0 0.5769230769230769 0.75 0.09134615384615384 0.125
0 0.6478365384615384 0.7043269230769231 0.15625 0.16346153846153846
0 0.5420673076923077 0.6141826923076923 0.0985576923076923 0.10336538461538461
0 0.5949519230769231 0.5997596153846154 0.05048076923076923 0.06490384615384616
0 0.6466346153846154 0.6274038461538461 0.08173076923076923 0.08653846153846154
0 0.6670673076923077 0.5889423076923077 0.08413461538461539 0.04326923076923077
0 0.6646634615384616 0.8389423076923077 0.036057692307692304 0.17307692307692307
0 0.6346153846153846 0.8149038461538461 0.02403846153846154 0.08173076923076923
0 0.6766826923076923 0.8449519230769231 0.021634615384615384 0.18509615384615385
0 0.6754807692307693 0.8052884615384616 0.04326923076923077 0.125
0 0.6899038461538461 0.7920673076923077 0.04326923076923077 0.10817307692307693
1 0.20673076923076922 0.5793269230769231 0.057692307692307696 0.1971153846153846
1 0.2127403846153846 0.3245192307692308 0.11778846153846154 0.1971153846153846
1 0.7524038461538461 0.3954326923076923 0.14423076923076922 0.27163461538461536
1 0.8461538461538461 0.2764423076923077 0.08653846153846154 0.16826923076923078
1 0.7956730769230769 0.5276442307692307 0.11057692307692307 0.3004807692307692
3 0.140625 0.3557692307692308 0.06490384615384616 0.2403846153846154
3 0.21394230769230768 0.21875 0.08653846153846154 0.08173076923076923
3 0.7764423076923077 0.5552884615384616 0.07211538461538461 0.08173076923076923
3 0.8052884615384616 0.7067307692307693 0.0625 0.07211538461538461
4 0.48197115384615385 0.43028846153846156 0.5024038461538461 0.2980769230769231
