0 0.6634615384615384 0.7824519230769231 0.4326923076923077 0.4254807692307692
0 0.45913461538461536 0.9362980769230769 0.11538461538461539 0.12259615384615384
0 0.6995192307692307 0.36538461538461536 0.41346153846153844 0.7211538461538461
0 0.31490384615384615 0.42908653846153844 0.4423076923076923 0.8533653846153846
0 0.21995192307692307 0.9182692307692307 0.21875 0.15384615384615385
0 0.3605769230769231 0.8990384615384616 0.19230769230769232 0.19230769230769232
0 0.9110576923076923 0.6875 0.125 0.11538461538461539
0 0.9110576923076923 0.8100961538461539 0.10096153846153846 0.12980769230769232
0 0.9326923076923077 0.38341346153846156 0.0625 0.18028846153846154
0 0.07451923076923077 0.42908653846153844 0.038461538461538464 0.14182692307692307
0 0.057692307692307696 0.5552884615384616 0.08653846153846154 0.11057692307692307
0 0.4735576923076923 0.04447115384615385 0.11057692307692307 0.08413461538461539
