0 0.9230769230769231 0.14423076923076922 0.15384615384615385 0.27403846153846156
0 0.7932692307692307 0.09254807692307693 0.18269230769230768 0.17067307692307693
0 0.6153846153846154 0.14182692307692307 0.23557692307692307 0.2692307692307692
0 0.4855769230769231 0.03125 0.16346153846153846 0.04807692307692308
0 0.390625 0.21514423076923078 0.20432692307692307 0.24759615384615385
0 0.38461538461538464 0.06971153846153846 0.16346153846153846 0.125
0 0.2764423076923077 0.04567307692307692 0.13942307692307693 0.07692307692307693
0 0.21033653846153846 0.06971153846153846 0.12740384615384615 0.125
0 0.23076923076923078 0.22115384615384615 0.125 0.21153846153846154
0 0.09495192307692307 0.24519230769230768 0.18509615384615385 0.20673076923076922
0 0.08413461538461539 0.09134615384615384 0.16346153846153846 0.17307692307692307
0 0.1201923076923077 0.4855769230769231 0.1875 0.27403846153846156
0 0.021634615384615384 0.38100961538461536 0.038461538461538464 0.18028846153846154
0 0.28725961538461536 0.43509615384615385 0.20432692307692307 0.27884615384615385
0 0.46274038461538464 0.47115384615384615 0.22355769230769232 0.28846153846153844
0 0.5360576923076923 0.32211538461538464 0.16346153846153846 0.125
0 0.7067307692307693 0.44471153846153844 0.2692307692307692 0.33653846153846156
0 0.7764423076923077 0.2692307692307692 0.21153846153846154 0.20192307692307693
0 0.8894230769230769 0.5060096153846154 0.17307692307692307 0.3245192307692308
0 0.9615384615384616 0.4879807692307692 0.07211538461538461 0.3701923076923077
0 0.9375 0.2956730769230769 0.125 0.09134615384615384
0 0.8173076923076923 0.7836538461538461 0.2692307692307692 0.375
0 0.8846153846153846 0.8798076923076923 0.23076923076923078 0.2403846153846154
0 0.984375 0.7331730769230769 0.03125 0.0673076923076923
0 0.6442307692307693 0.9951923076923077 0.17307692307692307 0.009615384615384616
0 0.7319711538461539 0.9855769230769231 0.11298076923076923 0.028846153846153848
0 0.5456730769230769 0.7668269230769231 0.35096153846153844 0.4230769230769231
0 0.33413461538461536 0.7860576923076923 0.16826923076923078 0.34134615384615385
0 0.3629807692307692 0.5961538461538461 0.08653846153846154 0.09134615384615384
0 0.21394230769230768 0.7379807692307693 0.18269230769230768 0.2644230769230769
0 0.27884615384615385 0.5985576923076923 0.09615384615384616 0.0673076923076923
0 0.046875 0.6069711538461539 0.0889423076923077 0.11298076923076923
0 0.020432692307692308 0.5204326923076923 0.036057692307692304 0.07932692307692307
0 0.07932692307692307 0.8137019230769231 0.14903846153846154 0.31490384615384615
0 0.171875 0.9362980769230769 0.23798076923076922 0.12740384615384615
0 0.36778846153846156 0.9567307692307693 0.25961538461538464 0.08653846153846154
0 0.025240384615384616 0.9831730769230769 0.04567307692307692 0.03365384615384615
