0 0.14302884615384615 0.6490384615384616 0.06971153846153846 0.09615384615384616
0 0.1875 0.5144230769230769 0.15865384615384615 0.1971153846153846
0 0.25240384615384615 0.24158653846153846 0.25961538461538464 0.39663461538461536
0 0.4026442307692308 0.16105769230769232 0.20432692307692307 0.28365384615384615
0 0.4423076923076923 0.09014423076923077 0.14903846153846154 0.17548076923076922
0 0.3425480769230769 0.3245192307692308 0.10817307692307693 0.12980769230769232
0 0.3125 0.39903846153846156 0.09134615384615384 0.125
0 0.31490384615384615 0.5264423076923077 0.10576923076923077 0.13942307692307693
0 0.25600961538461536 0.4375 0.026442307692307692 0.0673076923076923
0 0.2091346153846154 0.6658653846153846 0.057692307692307696 0.09615384615384616
0 0.1875 0.7427884615384616 0.08653846153846154 0.09615384615384616
0 0.2668269230769231 0.6730769230769231 0.0673076923076923 0.125
0 0.3125 0.6430288461538461 0.10096153846153846 0.10336538461538461
0 0.2956730769230769 0.7608173076923077 0.08653846153846154 0.11298076923076923
0 0.2704326923076923 0.8413461538461539 0.10817307692307693 0.13942307692307693
0 0.3557692307692308 0.8173076923076923 0.08173076923076923 0.09134615384615384
0 0.36538461538461536 0.7403846153846154 0.09134615384615384 0.125
0 0.39663461538461536 0.625 0.08653846153846154 0.1201923076923077
0 0.43028846153846156 0.46634615384615385 0.14423076923076922 0.27884615384615385
0 0.4891826923076923 0.31490384615384615 0.1466346153846154 0.20192307692307693
0 0.5360576923076923 0.13942307692307693 0.052884615384615384 0.21153846153846154
0 0.6177884615384616 0.15625 0.125 0.30288461538461536
0 0.6610576923076923 0.13942307692307693 0.09615384615384616 0.19230769230769232
0 0.7307692307692307 0.14182692307692307 0.0673076923076923 0.07211538461538461
0 0.7728365384615384 0.15625 0.05048076923076923 0.014423076923076924
0 0.7644230769230769 0.23798076923076922 0.17307692307692307 0.13942307692307693
0 0.7139423076923077 0.3581730769230769 0.15384615384615385 0.1971153846153846
0 0.8725961538461539 0.3918269230769231 0.16826923076923078 0.23076923076923078
0 0.7884615384615384 0.5012019230769231 0.1346153846153846 0.17067307692307693
0 0.8798076923076923 0.6009615384615384 0.11538461538461539 0.16346153846153846
0 0.8052884615384616 0.7151442307692307 0.19230769230769232 0.25721153846153844
0 0.6466346153846154 0.8353365384615384 0.16826923076923078 0.24278846153846154
0 0.5552884615384616 0.9459134615384616 0.07692307692307693 0.10336538461538461
0 0.4735576923076923 0.9302884615384616 0.08653846153846154 0.1346153846153846
0 0.44711538461538464 0.8004807692307693 0.125 0.12980769230769232
0 0.44591346153846156 0.6850961538461539 0.06971153846153846 0.09615384615384616
0 0.5084134615384616 0.7043269230769231 0.06971153846153846 0.09134615384615384
0 0.5504807692307693 0.7560096153846154 0.07211538461538461 0.10336538461538461
0 0.5384615384615384 0.8509615384615384 0.0673076923076923 0.08653846153846154
0 0.6105769230769231 0.6995192307692307 0.07211538461538461 0.0625
0 0.5721153846153846 0.6442307692307693 0.0673076923076923 0.08653846153846154
0 0.6802884615384616 0.6682692307692307 0.07211538461538461 0.08173076923076923
0 0.7307692307692307 0.5985576923076923 0.04326923076923077 0.057692307692307696
0 0.6442307692307693 0.6165865384615384 0.07692307692307693 0.11298076923076923
0 0.5985576923076923 0.5673076923076923 0.07211538461538461 0.057692307692307696
0 0.5120192307692307 0.625 0.04807692307692308 0.057692307692307696
0 0.49038461538461536 0.5745192307692307 0.04807692307692308 0.052884615384615384
0 0.5360576923076923 0.5673076923076923 0.04807692307692308 0.04807692307692308
0 0.7067307692307693 0.5456730769230769 0.038461538461538464 0.04807692307692308
0 0.6995192307692307 0.47836538461538464 0.04326923076923077 0.052884615384615384
0 0.6682692307692307 0.5192307692307693 0.0625 0.052884615384615384
0 0.6430288461538461 0.47716346153846156 0.05048076923076923 0.040865384615384616
0 0.6153846153846154 0.4675480769230769 0.03365384615384615 0.040865384615384616
0 0.5889423076923077 0.3894230769230769 0.052884615384615384 0.08173076923076923
0 0.5721153846153846 0.45072115384615385 0.04326923076923077 0.040865384615384616
0 0.5288461538461539 0.4326923076923077 0.0625 0.09615384615384616
0 0.5649038461538461 0.4987980769230769 0.057692307692307696 0.040865384615384616
0 0.5108173076923077 0.5192307692307693 0.05048076923076923 0.052884615384615384
0 0.6117788461538461 0.5252403846153846 0.05048076923076923 0.036057692307692304
0 0.5985576923076923 0.3125 0.052884615384615384 0.07211538461538461
