0 0.06129807692307692 0.1346153846153846 0.10817307692307693 0.20192307692307693
0 0.0673076923076923 0.04447115384615385 0.1201923076923077 0.07451923076923077
0 0.1875 0.11057692307692307 0.19230769230769232 0.20192307692307693
0 0.2620192307692308 0.41346153846153844 0.11538461538461539 0.1778846153846154
0 0.0829326923076923 0.25961538461538464 0.11298076923076923 0.12980769230769232
0 0.036057692307692304 0.38221153846153844 0.057692307692307696 0.27403846153846156
0 0.14903846153846154 0.3485576923076923 0.21153846153846154 0.34615384615384615
0 0.07211538461538461 0.5072115384615384 0.10096153846153846 0.11057692307692307
0 0.13942307692307693 0.5757211538461539 0.07211538461538461 0.08413461538461539
0 0.15865384615384615 0.546875 0.08173076923076923 0.07932692307692307
0 0.06370192307692307 0.6682692307692307 0.11298076923076923 0.28365384615384615
0 0.10336538461538461 0.8918269230769231 0.19230769230769232 0.22115384615384615
0 0.18990384615384615 0.7295673076923077 0.13942307692307693 0.23798076923076922
0 0.30408653846153844 0.6346153846153846 0.23317307692307693 0.27403846153846156
0 0.31009615384615385 0.8317307692307693 0.0673076923076923 0.1346153846153846
0 0.30649038461538464 0.9014423076923077 0.21875 0.1971153846153846
0 0.49278846153846156 0.9543269230769231 0.10576923076923077 0.09134615384615384
0 0.421875 0.8822115384615384 0.19951923076923078 0.23557692307692307
0 0.5048076923076923 0.6850961538461539 0.21634615384615385 0.3269230769230769
0 0.3918269230769231 0.4495192307692308 0.16826923076923078 0.21634615384615385
0 0.3293269230769231 0.24158653846153846 0.16346153846153846 0.23798076923076922
0 0.37740384615384615 0.0985576923076923 0.09615384615384616 0.1346153846153846
0 0.29086538461538464 0.039663461538461536 0.24519230769230768 0.06490384615384616
0 0.5228365384615384 0.10096153846153846 0.20432692307692307 0.1875
0 0.5024038461538461 0.27163461538461536 0.10096153846153846 0.19230769230769232
0 0.4375 0.25721153846153844 0.0625 0.16346153846153846
0 0.5721153846153846 0.3942307692307692 0.19230769230769232 0.21634615384615385
0 0.6045673076923077 0.5132211538461539 0.11298076923076923 0.06971153846153846
0 0.6658653846153846 0.38461538461538464 0.04807692307692308 0.15865384615384615
0 0.7524038461538461 0.3076923076923077 0.09134615384615384 0.125
0 0.7668269230769231 0.09134615384615384 0.07211538461538461 0.16826923076923078
0 0.6814903846153846 0.04447115384615385 0.16105769230769232 0.07451923076923077
0 0.6694711538461539 0.19831730769230768 0.2091346153846154 0.24278846153846154
0 0.8605769230769231 0.15384615384615385 0.22115384615384615 0.2932692307692308
0 0.9747596153846154 0.06850961538461539 0.05048076923076923 0.12259615384615384
0 0.9362980769230769 0.32572115384615385 0.12740384615384615 0.31009615384615385
0 0.7620192307692307 0.45552884615384615 0.22596153846153846 0.2620192307692308
0 0.6814903846153846 0.6550480769230769 0.18509615384615385 0.24278846153846154
0 0.6346153846153846 0.796875 0.10576923076923077 0.07451923076923077
0 0.6466346153846154 0.8846153846153846 0.21153846153846154 0.23076923076923078
0 0.7800480769230769 0.7764423076923077 0.10817307692307693 0.11057692307692307
0 0.7620192307692307 0.8641826923076923 0.057692307692307696 0.0889423076923077
0 0.7692307692307693 0.6466346153846154 0.057692307692307696 0.15865384615384615
0 0.8894230769230769 0.6514423076923077 0.1971153846153846 0.28846153846153844
0 0.9747596153846154 0.6310096153846154 0.05048076923076923 0.31971153846153844
0 0.9399038461538461 0.8112980769230769 0.10096153846153846 0.08413461538461539
0 0.8389423076923077 0.8533653846153846 0.14423076923076922 0.21634615384615385
0 0.7836538461538461 0.9519230769230769 0.19230769230769232 0.09615384615384616
0 0.9362980769230769 0.9206730769230769 0.12740384615384615 0.15865384615384615
0 0.9867788461538461 0.7932692307692307 0.026442307692307692 0.09615384615384616
0 0.5024038461538461 0.5024038461538461 0.9951923076923077 0.9951923076923077
