0 0.6454326923076923 0.5709134615384616 0.06971153846153846 0.0985576923076923
0 0.5084134615384616 0.4182692307692308 0.04567307692307692 0.0673076923076923
0 0.4423076923076923 0.33533653846153844 0.0625 0.06490384615384616
0 0.4567307692307692 0.390625 0.04807692307692308 0.06490384615384616
0 0.453125 0.43149038461538464 0.06490384615384616 0.05048076923076923
0 0.3737980769230769 0.32211538461538464 0.06009615384615385 0.07211538461538461
0 0.4026442307692308 0.38461538461538464 0.06009615384615385 0.07692307692307693
0 0.35216346153846156 0.2860576923076923 0.06009615384615385 0.052884615384615384
0 0.33533653846153844 0.3798076923076923 0.036057692307692304 0.11057692307692307
0 0.359375 0.41225961538461536 0.040865384615384616 0.055288461538461536
0 0.3629807692307692 0.3798076923076923 0.038461538461538464 0.03365384615384615
0 0.1310096153846154 0.21875 0.04567307692307692 0.08173076923076923
0 0.19230769230769232 0.2704326923076923 0.08173076923076923 0.10817307692307693
0 0.22115384615384615 0.33413461538461536 0.052884615384615384 0.08173076923076923
0 0.23197115384615385 0.2536057692307692 0.040865384615384616 0.0985576923076923
0 0.06971153846153846 0.2980769230769231 0.052884615384615384 0.04326923076923077
0 0.052884615384615384 0.3401442307692308 0.057692307692307696 0.06009615384615385
0 0.0985576923076923 0.3629807692307692 0.0673076923076923 0.08653846153846154
0 0.14182692307692307 0.39302884615384615 0.052884615384615384 0.06971153846153846
0 0.18509615384615385 0.4182692307692308 0.04807692307692308 0.052884615384615384
0 0.17427884615384615 0.4699519230769231 0.06490384615384616 0.09375
0 0.2247596153846154 0.5024038461538461 0.055288461538461536 0.09134615384615384
0 0.19471153846153846 0.5841346153846154 0.07211538461538461 0.08173076923076923
0 0.21995192307692307 0.6310096153846154 0.05048076923076923 0.06490384615384616
0 0.1814903846153846 0.671875 0.06971153846153846 0.10336538461538461
0 0.21634615384615385 0.7019230769230769 0.04326923076923077 0.11057692307692307
0 0.21394230769230768 0.8004807692307693 0.0625 0.11057692307692307
0 0.15985576923076922 0.7439903846153846 0.05048076923076923 0.10336538461538461
0 0.14182692307692307 0.6298076923076923 0.057692307692307696 0.08173076923076923
0 0.11177884615384616 0.7019230769230769 0.06490384615384616 0.12980769230769232
0 0.13822115384615385 0.5384615384615384 0.06971153846153846 0.11057692307692307
0 0.09495192307692307 0.5709134615384616 0.06971153846153846 0.0889423076923077
0 0.06610576923076923 0.6225961538461539 0.055288461538461536 0.09134615384615384
0 0.0985576923076923 0.47596153846153844 0.07692307692307693 0.08173076923076923
0 0.05889423076923077 0.53125 0.055288461538461536 0.08173076923076923
0 0.03245192307692308 0.5432692307692307 0.036057692307692304 0.0673076923076923
0 0.036057692307692304 0.49399038461538464 0.028846153846153848 0.03125
0 0.040865384615384616 0.4567307692307692 0.04807692307692308 0.07692307692307693
0 0.038461538461538464 0.40384615384615385 0.057692307692307696 0.08173076923076923
0 0.5925480769230769 0.5985576923076923 0.036057692307692304 0.07692307692307693
0 0.5889423076923077 0.5132211538461539 0.04326923076923077 0.05048076923076923
0 0.5576923076923077 0.5192307692307693 0.04326923076923077 0.028846153846153848
0 0.5204326923076923 0.5432692307692307 0.036057692307692304 0.0673076923076923
0 0.5564903846153846 0.5793269230769231 0.05048076923076923 0.07211538461538461
0 0.5384615384615384 0.6117788461538461 0.057692307692307696 0.06009615384615385
0 0.5745192307692307 0.6850961538461539 0.057692307692307696 0.07692307692307693
0 0.5564903846153846 0.7151442307692307 0.05048076923076923 0.09375
0 0.5384615384615384 0.7644230769230769 0.04326923076923077 0.09134615384615384
0 0.5120192307692307 0.7896634615384616 0.04807692307692308 0.0889423076923077
0 0.4639423076923077 0.8149038461538461 0.052884615384615384 0.08173076923076923
0 0.4026442307692308 0.8088942307692307 0.06009615384615385 0.10336538461538461
0 0.42788461538461536 0.8653846153846154 0.057692307692307696 0.07692307692307693
0 0.3701923076923077 0.8762019230769231 0.0625 0.06490384615384616
0 0.35336538461538464 0.7944711538461539 0.057692307692307696 0.14182692307692307
0 0.4026442307692308 0.7043269230769231 0.08413461538461539 0.11538461538461539
0 0.47475961538461536 0.7151442307692307 0.07451923076923077 0.11298076923076923
0 0.5048076923076923 0.6694711538461539 0.04807692307692308 0.0985576923076923
0 0.4675480769230769 0.6310096153846154 0.040865384615384616 0.06490384615384616
0 0.4206730769230769 0.6177884615384616 0.057692307692307696 0.08173076923076923
0 0.3485576923076923 0.5949519230769231 0.052884615384615384 0.06971153846153846
0 0.35096153846153844 0.6742788461538461 0.057692307692307696 0.10817307692307693
0 0.3329326923076923 0.5216346153846154 0.021634615384615384 0.052884615384615384
0 0.37740384615384615 0.5432692307692307 0.0673076923076923 0.08653846153846154
0 0.43028846153846156 0.5516826923076923 0.057692307692307696 0.06009615384615385
0 0.47475961538461536 0.5709134615384616 0.040865384615384616 0.055288461538461536
0 0.5084134615384616 0.5865384615384616 0.03125 0.0673076923076923
0 0.47836538461538464 0.5264423076923077 0.038461538461538464 0.03365384615384615
