0 0.7415865384615384 0.9026442307692307 0.17067307692307693 0.12259615384615384
0 0.6370192307692307 0.9110576923076923 0.20673076923076922 0.1778846153846154
0 0.7115384615384616 0.7752403846153846 0.19230769230769232 0.13221153846153846
0 0.5192307692307693 0.8617788461538461 0.1346153846153846 0.1466346153846154
0 0.5745192307692307 0.7956730769230769 0.09134615384615384 0.07692307692307693
0 0.5576923076923077 0.7247596153846154 0.14903846153846154 0.0889423076923077
0 0.4423076923076923 0.7307692307692307 0.14423076923076922 0.13942307692307693
0 0.4266826923076923 0.6081730769230769 0.10336538461538461 0.11057692307692307
0 0.32572115384615385 0.6346153846153846 0.18028846153846154 0.16826923076923078
0 0.4074519230769231 0.49759615384615385 0.17067307692307693 0.1201923076923077
0 0.5252403846153846 0.5408653846153846 0.17067307692307693 0.10096153846153846
0 0.3389423076923077 0.49038461538461536 0.0625 0.09615384615384616
0 0.38461538461538464 0.38100961538461536 0.15384615384615385 0.12740384615384615
0 0.33653846153846156 0.3245192307692308 0.20192307692307693 0.15865384615384615
0 0.49759615384615385 0.27524038461538464 0.15384615384615385 0.14182692307692307
0 0.5949519230769231 0.4050480769230769 0.17548076923076922 0.14182692307692307
0 0.5072115384615384 0.4254807692307692 0.125 0.13942307692307693
0 0.4951923076923077 0.36538461538461536 0.08653846153846154 0.0625
0 0.6466346153846154 0.5 0.14423076923076922 0.13942307692307693
0 0.6514423076923077 0.6442307692307693 0.34134615384615385 0.1346153846153846
0 0.7908653846153846 0.5240384615384616 0.22596153846153846 0.17307692307692307
0 0.7788461538461539 0.36899038461538464 0.20192307692307693 0.1466346153846154
0 0.6586538461538461 0.31009615384615385 0.16346153846153846 0.11538461538461539
0 0.5036057692307693 0.18509615384615385 0.11298076923076923 0.08173076923076923
0 0.5913461538461539 0.21394230769230768 0.14423076923076922 0.13942307692307693
0 0.6790865384615384 0.15625 0.11298076923076923 0.07692307692307693
0 0.7596153846153846 0.22716346153846154 0.20673076923076922 0.14182692307692307
0 0.8245192307692307 0.1346153846153846 0.20192307692307693 0.15384615384615385
0 0.7379807692307693 0.0673076923076923 0.2548076923076923 0.125
0 0.6766826923076923 0.15625 0.10817307692307693 0.07692307692307693
0 0.5985576923076923 0.08774038461538461 0.08653846153846154 0.10817307692307693
1 0.6129807692307693 0.640625 0.5 0.1466346153846154
