0 0.7175480769230769 0.421875 0.24278846153846154 0.43509615384615385
0 0.8786057692307693 0.4651442307692308 0.18509615384615385 0.38221153846153844
0 0.5036057692307693 0.36658653846153844 0.2620192307692308 0.4639423076923077
0 0.7596153846153846 0.16947115384615385 0.16346153846153846 0.2091346153846154
0 0.5324519230769231 0.6959134615384616 0.24278846153846154 0.41586538461538464
0 0.6706730769230769 0.7247596153846154 0.07692307692307693 0.21875
0 0.7115384615384616 0.6538461538461539 0.15865384615384615 0.14423076923076922
0 0.32091346153846156 0.8052884615384616 0.30528846153846156 0.3798076923076923
0 0.2283653846153846 0.5721153846153846 0.21634615384615385 0.25961538461538464
0 0.13822115384615385 0.7487980769230769 0.11298076923076923 0.24278846153846154
0 0.3076923076923077 0.4362980769230769 0.08173076923076923 0.16105769230769232
0 0.9471153846153846 0.7283653846153846 0.057692307692307696 0.11057692307692307
