0 0.5877403846153846 0.4519230769230769 0.6754807692307693 0.5144230769230769
0 0.7307692307692307 0.17307692307692307 0.4326923076923077 0.2932692307692308
0 0.9278846153846154 0.11899038461538461 0.13942307692307693 0.22355769230769232
0 0.9230769230769231 0.49038461538461536 0.14903846153846154 0.3798076923076923
0 0.6682692307692307 0.8293269230769231 0.5048076923076923 0.34615384615384615
0 0.1814903846153846 0.6394230769230769 0.35336538461538464 0.30288461538461536
0 0.24879807692307693 0.32211538461538464 0.3870192307692308 0.3605769230769231
0 0.28846153846153844 0.17548076923076922 0.4807692307692308 0.1875
0 0.23918269230769232 0.9543269230769231 0.41586538461538464 0.09134615384615384
0 0.12740384615384615 0.8713942307692307 0.24519230769230768 0.2091346153846154
0 0.03125 0.7836538461538461 0.057692307692307696 0.125
0 0.042067307692307696 0.4230769230769231 0.07451923076923077 0.24519230769230768
0 0.04567307692307692 0.19831730769230768 0.08173076923076923 0.18509615384615385
0 0.04807692307692308 0.06009615384615385 0.08653846153846154 0.11057692307692307
0 0.025240384615384616 0.9675480769230769 0.040865384615384616 0.06490384615384616
