0 0.9026442307692307 0.052884615384615384 0.18990384615384615 0.10096153846153846
0 0.9711538461538461 0.125 0.052884615384615384 0.1971153846153846
0 0.890625 0.8004807692307693 0.21394230769230768 0.16826923076923078
0 0.9711538461538461 0.84375 0.052884615384615384 0.08653846153846154
0 0.9675480769230769 0.9326923076923077 0.06009615384615385 0.10576923076923077
0 0.9170673076923077 0.9326923076923077 0.16105769230769232 0.1346153846153846
0 0.7956730769230769 0.9627403846153846 0.12980769230769232 0.07451923076923077
0 0.8173076923076923 0.9254807692307693 0.15384615384615385 0.052884615384615384
0 0.8293269230769231 0.8701923076923077 0.20192307692307693 0.09134615384615384
0 0.7163461538461539 0.8545673076923077 0.09615384615384616 0.10336538461538461
0 0.7836538461538461 0.7932692307692307 0.08173076923076923 0.0673076923076923
0 0.8581730769230769 0.7668269230769231 0.10096153846153846 0.10576923076923077
0 0.9495192307692307 0.6971153846153846 0.09615384615384616 0.08653846153846154
0 0.7776442307692307 0.5348557692307693 0.43990384615384615 0.39663461538461536
0 0.3485576923076923 0.8485576923076923 0.47596153846153844 0.30288461538461536
0 0.28365384615384615 0.8317307692307693 0.3798076923076923 0.33653846153846156
0 0.7175480769230769 0.4891826923076923 0.5600961538461539 0.43990384615384615
0 0.6754807692307693 0.4182692307692308 0.6442307692307693 0.49038461538461536
0 0.5961538461538461 0.27403846153846156 0.22115384615384615 0.16346153846153846
0 0.7908653846153846 0.23798076923076922 0.24519230769230768 0.16826923076923078
0 0.8473557692307693 0.08653846153846154 0.20432692307692307 0.16826923076923078
0 0.6706730769230769 0.12259615384615384 0.16826923076923078 0.22115384615384615
0 0.4375 0.3858173076923077 0.1778846153846154 0.18990384615384615
0 0.5805288461538461 0.4014423076923077 0.21394230769230768 0.14903846153846154
0 0.3894230769230769 0.53125 0.22596153846153846 0.14423076923076922
0 0.2920673076923077 0.6358173076923077 0.16105769230769232 0.13701923076923078
0 0.2283653846153846 0.6826923076923077 0.10576923076923077 0.10096153846153846
0 0.1875 0.7475961538461539 0.1201923076923077 0.12980769230769232
0 0.07932692307692307 0.7788461538461539 0.14423076923076922 0.15384615384615385
0 0.025240384615384616 0.8918269230769231 0.040865384615384616 0.125
0 0.20673076923076922 0.8197115384615384 0.40384615384615385 0.3173076923076923
0 0.35336538461538464 0.21875 0.3942307692307692 0.21153846153846154
0 0.09375 0.38100961538461536 0.1778846153846154 0.11778846153846154
0 0.3125 0.018028846153846152 0.4182692307692308 0.03125
0 0.328125 0.07572115384615384 0.3629807692307692 0.1466346153846154
0 0.4375 0.08653846153846154 0.34615384615384615 0.16826923076923078
0 0.5228365384615384 0.0673076923076923 0.13701923076923078 0.09134615384615384
0 0.07211538461538461 0.09014423076923077 0.1346153846153846 0.13221153846153846
0 0.0625 0.22716346153846154 0.1201923076923077 0.11298076923076923
0 0.11057692307692307 0.5036057692307693 0.21153846153846154 0.11298076923076923
0 0.06971153846153846 0.6105769230769231 0.12980769230769232 0.08653846153846154
0 0.036057692307692304 0.6778846153846154 0.0625 0.038461538461538464
0 0.25 0.3798076923076923 0.22115384615384615 0.15384615384615385
