0 0.8485576923076923 0.5793269230769231 0.21634615384615385 0.28846153846153844
0 0.6418269230769231 0.625 0.21634615384615385 0.20673076923076922
0 0.4230769230769231 0.5048076923076923 0.28846153846153844 0.4375
0 0.19230769230769232 0.47836538461538464 0.3701923076923077 0.9519230769230769
0 0.6959134615384616 0.33653846153846156 0.6081730769230769 0.38461538461538464
0 0.9411057692307693 0.6201923076923077 0.11778846153846154 0.21153846153846154
0 0.8353365384615384 0.2956730769230769 0.23317307692307693 0.14903846153846154
0 0.7115384615384616 0.19471153846153846 0.16826923076923078 0.20673076923076922
0 0.5384615384615384 0.12259615384615384 0.3605769230769231 0.2403846153846154
0 0.7872596153846154 0.13942307692307693 0.19951923076923078 0.25
0 0.30408653846153844 0.15865384615384615 0.21875 0.3125
0 0.2127403846153846 0.051682692307692304 0.24759615384615385 0.0985576923076923
0 0.8605769230769231 0.14903846153846154 0.27884615384615385 0.2932692307692308
0 0.6346153846153846 0.4807692307692308 0.15865384615384615 0.15865384615384615
