0 0.036057692307692304 0.05048076923076923 0.057692307692307696 0.08173076923076923
0 0.1141826923076923 0.07692307692307693 0.06971153846153846 0.09134615384615384
0 0.16346153846153846 0.039663461538461536 0.057692307692307696 0.06009615384615385
0 0.22596153846153846 0.04567307692307692 0.057692307692307696 0.07692307692307693
0 0.24519230769230768 0.17427884615384615 0.0673076923076923 0.10336538461538461
0 0.3581730769230769 0.1141826923076923 0.1201923076923077 0.18028846153846154
0 0.4723557692307692 0.18629807692307693 0.11778846153846154 0.18028846153846154
0 0.4326923076923077 0.03365384615384615 0.04326923076923077 0.04807692307692308
0 0.8858173076923077 0.8257211538461539 0.2283653846153846 0.3485576923076923
0 0.7800480769230769 0.6418269230769231 0.12740384615384615 0.1875
0 0.8653846153846154 0.31971153846153844 0.11057692307692307 0.15384615384615385
0 0.8076923076923077 0.21033653846153846 0.1201923076923077 0.2091346153846154
0 0.7331730769230769 0.09495192307692307 0.14423076923076922 0.17548076923076922
0 0.6430288461538461 0.04326923076923077 0.06490384615384616 0.07211538461538461
0 0.5769230769230769 0.03365384615384615 0.0673076923076923 0.04807692307692308
0 0.953125 0.11658653846153846 0.09375 0.22355769230769232
0 0.9759615384615384 0.06610576923076923 0.04807692307692308 0.11778846153846154
0 0.9302884615384616 0.1971153846153846 0.13942307692307693 0.3798076923076923
0 0.8341346153846154 0.09375 0.0673076923076923 0.16826923076923078
0 0.8641826923076923 0.546875 0.27163461538461536 0.30528846153846156
0 0.7307692307692307 0.5324519230769231 0.17307692307692307 0.3293269230769231
0 0.7211538461538461 0.5120192307692307 0.19230769230769232 0.3076923076923077
0 0.6971153846153846 0.5120192307692307 0.21153846153846154 0.3076923076923077
0 0.6983173076923077 0.49759615384615385 0.24759615384615385 0.27884615384615385
0 0.6947115384615384 0.46153846153846156 0.24519230769230768 0.23076923076923078
0 0.5096153846153846 0.038461538461538464 0.028846153846153848 0.038461538461538464
0 0.5168269230769231 0.08173076923076923 0.04326923076923077 0.07211538461538461
0 0.49278846153846156 0.09134615384615384 0.014423076923076924 0.03365384615384615
0 0.5384615384615384 0.06610576923076923 0.02403846153846154 0.06009615384615385
0 0.5673076923076923 0.08413461538461539 0.03365384615384615 0.0673076923076923
0 0.5564903846153846 0.15384615384615385 0.036057692307692304 0.07211538461538461
0 0.5456730769230769 0.19471153846153846 0.014423076923076924 0.04326923076923077
0 0.5588942307692307 0.20673076923076922 0.021634615384615384 0.038461538461538464
0 0.5745192307692307 0.24158653846153846 0.028846153846153848 0.06009615384615385
0 0.5865384615384616 0.28365384615384615 0.02403846153846154 0.04807692307692308
0 0.6129807692307693 0.32211538461538464 0.038461538461538464 0.038461538461538464
0 0.6418269230769231 0.3389423076923077 0.02403846153846154 0.038461538461538464
0 0.6766826923076923 0.3245192307692308 0.036057692307692304 0.052884615384615384
0 0.6502403846153846 0.3004807692307692 0.036057692307692304 0.04807692307692308
0 0.6418269230769231 0.2548076923076923 0.04326923076923077 0.052884615384615384
0 0.6153846153846154 0.28125 0.03365384615384615 0.052884615384615384
0 0.6009615384615384 0.24639423076923078 0.03365384615384615 0.06009615384615385
0 0.5841346153846154 0.19471153846153846 0.038461538461538464 0.04326923076923077
0 0.6165865384615384 0.19951923076923078 0.036057692307692304 0.0673076923076923
0 0.5913461538461539 0.14783653846153846 0.038461538461538464 0.06009615384615385
0 0.6021634615384616 0.08653846153846154 0.036057692307692304 0.07211538461538461
0 0.6442307692307693 0.11538461538461539 0.03365384615384615 0.04807692307692308
0 0.625 0.1466346153846154 0.028846153846153848 0.04807692307692308
0 0.6658653846153846 0.1346153846153846 0.028846153846153848 0.04326923076923077
0 0.6550480769230769 0.18028846153846154 0.036057692307692304 0.07211538461538461
0 0.6947115384615384 0.1658653846153846 0.04326923076923077 0.07692307692307693
0 0.6682692307692307 0.24278846153846154 0.04326923076923077 0.0673076923076923
0 0.7019230769230769 0.234375 0.02403846153846154 0.06009615384615385
0 0.6947115384615384 0.28125 0.04807692307692308 0.052884615384615384
0 0.6947115384615384 0.34615384615384615 0.052884615384615384 0.08653846153846154
0 0.7379807692307693 0.30288461538461536 0.04326923076923077 0.052884615384615384
0 0.7331730769230769 0.23076923076923078 0.04326923076923077 0.09134615384615384
0 0.7415865384615384 0.3545673076923077 0.05048076923076923 0.06009615384615385
0 0.71875 0.4230769230769231 0.038461538461538464 0.0673076923076923
0 0.6875 0.43990384615384615 0.038461538461538464 0.0673076923076923
0 0.6514423076923077 0.3942307692307692 0.03365384615384615 0.04807692307692308
0 0.6274038461538461 0.3942307692307692 0.02403846153846154 0.028846153846153848
0 0.6081730769230769 0.3581730769230769 0.03365384615384615 0.052884615384615384
0 0.5721153846153846 0.3581730769230769 0.038461538461538464 0.0673076923076923
0 0.5709134615384616 0.40625 0.036057692307692304 0.04326923076923077
0 0.5576923076923077 0.43990384615384615 0.03365384615384615 0.04326923076923077
0 0.5817307692307693 0.4639423076923077 0.028846153846153848 0.04807692307692308
0 0.6009615384615384 0.43149038461538464 0.04807692307692308 0.06009615384615385
0 0.6201923076923077 0.4807692307692308 0.038461538461538464 0.038461538461538464
0 0.6514423076923077 0.4699519230769231 0.038461538461538464 0.06009615384615385
