0 0.6418269230769231 0.6057692307692307 0.15384615384615385 0.2403846153846154
0 0.7079326923076923 0.7800480769230769 0.13221153846153846 0.18509615384615385
0 0.7019230769230769 0.9242788461538461 0.16826923076923078 0.1466346153846154
0 0.5288461538461539 0.9302884615384616 0.14903846153846154 0.1346153846153846
0 0.5540865384615384 0.7512019230769231 0.15625 0.24759615384615385
0 0.44591346153846156 0.6322115384615384 0.13701923076923078 0.20192307692307693
0 0.42427884615384615 0.8305288461538461 0.14182692307692307 0.21875
0 0.3137019230769231 0.9074519230769231 0.19951923076923078 0.18028846153846154
0 0.31009615384615385 0.7367788461538461 0.16826923076923078 0.25240384615384615
0 0.34134615384615385 0.5757211538461539 0.1201923076923077 0.11298076923076923
0 0.4807692307692308 0.5372596153846154 0.11538461538461539 0.18028846153846154
0 0.5673076923076923 0.5444711538461539 0.057692307692307696 0.18509615384615385
0 0.6286057692307693 0.4014423076923077 0.12740384615384615 0.16826923076923078
0 0.7163461538461539 0.42427884615384615 0.0625 0.15625
0 0.7295673076923077 0.5889423076923077 0.06009615384615385 0.16346153846153846
0 0.6574519230769231 0.2644230769230769 0.11778846153846154 0.16346153846153846
0 0.5637019230769231 0.36177884615384615 0.0985576923076923 0.18028846153846154
0 0.4951923076923077 0.18269230769230768 0.10096153846153846 0.15865384615384615
0 0.5588942307692307 0.2668269230769231 0.07451923076923077 0.11057692307692307
0 0.4206730769230769 0.27884615384615385 0.10096153846153846 0.16826923076923078
0 0.3918269230769231 0.4495192307692308 0.1201923076923077 0.17307692307692307
0 0.49158653846153844 0.4050480769230769 0.0889423076923077 0.11778846153846154
0 0.34375 0.33052884615384615 0.0673076923076923 0.09375
0 0.33653846153846156 0.19110576923076922 0.10096153846153846 0.17548076923076922
0 0.15384615384615385 0.19110576923076922 0.08173076923076923 0.11778846153846154
0 0.17548076923076922 0.11177884615384616 0.0625 0.07451923076923077
0 0.10336538461538461 0.042067307692307696 0.08173076923076923 0.07932692307692307
0 0.03485576923076923 0.05889423076923077 0.06490384615384616 0.06971153846153846
0 0.038461538461538464 0.1346153846153846 0.07211538461538461 0.08653846153846154
0 0.10817307692307693 0.140625 0.07211538461538461 0.10817307692307693
0 0.054086538461538464 0.2127403846153846 0.10336538461538461 0.07451923076923077
0 0.0673076923076923 0.3137019230769231 0.11057692307692307 0.10817307692307693
0 0.008413461538461538 0.3173076923076923 0.01201923076923077 0.11538461538461539
0 0.1466346153846154 0.3112980769230769 0.052884615384615384 0.12259615384615384
0 0.08173076923076923 0.4206730769230769 0.10096153846153846 0.10576923076923077
0 0.021634615384615384 0.4338942307692308 0.038461538461538464 0.11778846153846154
0 0.0625 0.5552884615384616 0.10576923076923077 0.12980769230769232
0 0.054086538461538464 0.6875 0.07451923076923077 0.11057692307692307
0 0.025240384615384616 0.796875 0.04567307692307692 0.10817307692307693
0 0.051682692307692304 0.8341346153846154 0.04567307692307692 0.125
0 0.018028846153846152 0.9158653846153846 0.03125 0.16346153846153846
0 0.9038461538461539 0.17548076923076922 0.10576923076923077 0.16346153846153846
0 0.9519230769230769 0.3088942307692308 0.08173076923076923 0.15144230769230768
0 0.8413461538461539 0.3173076923076923 0.09615384615384616 0.16826923076923078
0 0.8401442307692307 0.15384615384615385 0.08413461538461539 0.15865384615384615
0 0.9543269230769231 0.0673076923076923 0.08653846153846154 0.12980769230769232
0 0.8737980769230769 0.042067307692307696 0.07451923076923077 0.07932692307692307
0 0.7848557692307693 0.32091346153846156 0.03125 0.08413461538461539
0 0.9338942307692307 0.5336538461538461 0.10817307692307693 0.16346153846153846
0 0.9543269230769231 0.7127403846153846 0.09134615384615384 0.15144230769230768
0 0.8581730769230769 0.6622596153846154 0.09134615384615384 0.17548076923076922
0 0.8858173076923077 0.49399038461538464 0.07451923076923077 0.14182692307692307
0 0.9627403846153846 0.38822115384615385 0.07451923076923077 0.11778846153846154
0 0.9411057692307693 0.9278846153846154 0.11778846153846154 0.12980769230769232
