0 0.31490384615384615 0.5144230769230769 0.3269230769230769 0.25
0 0.41346153846153844 0.41346153846153844 0.28365384615384615 0.18269230769230768
0 0.5697115384615384 0.47716346153846156 0.23557692307692307 0.15625
0 0.7115384615384616 0.6045673076923077 0.15865384615384615 0.14182692307692307
0 0.8100961538461539 0.5841346153846154 0.32211538461538464 0.27884615384615385
0 0.3173076923076923 0.6730769230769231 0.23557692307692307 0.23076923076923078
0 0.49038461538461536 0.6442307692307693 0.11057692307692307 0.052884615384615384
0 0.5240384615384616 0.5985576923076923 0.08173076923076923 0.04807692307692308
0 0.8040865384615384 0.49278846153846156 0.25721153846153844 0.20673076923076922
0 0.8365384615384616 0.4699519230769231 0.21153846153846154 0.15625
0 0.8774038461538461 0.44471153846153844 0.2403846153846154 0.14903846153846154
0 0.8990384615384616 0.421875 0.1971153846153846 0.12740384615384615
0 0.9783653846153846 0.43509615384615385 0.038461538461538464 0.038461538461538464
0 0.9038461538461539 0.3605769230769231 0.07692307692307693 0.04807692307692308
0 0.9735576923076923 0.359375 0.04807692307692308 0.05048076923076923
0 0.9423076923076923 0.3173076923076923 0.07692307692307693 0.04807692307692308
0 0.8822115384615384 0.30528846153846156 0.07692307692307693 0.057692307692307696
0 0.84375 0.3485576923076923 0.0673076923076923 0.04326923076923077
0 0.9110576923076923 0.23798076923076922 0.07692307692307693 0.0625
0 0.9639423076923077 0.2620192307692308 0.0673076923076923 0.052884615384615384
0 0.9567307692307693 0.19831730769230768 0.08173076923076923 0.06490384615384616
0 0.8810096153846154 0.12980769230769232 0.18028846153846154 0.08173076923076923
0 0.9891826923076923 0.12740384615384615 0.016826923076923076 0.07692307692307693
0 0.9098557692307693 0.056490384615384616 0.17548076923076922 0.10336538461538461
0 0.1658653846153846 0.5985576923076923 0.0673076923076923 0.057692307692307696
0 0.14182692307692307 0.5336538461538461 0.08173076923076923 0.04326923076923077
0 0.0985576923076923 0.5649038461538461 0.08173076923076923 0.04807692307692308
0 0.03245192307692308 0.6141826923076923 0.06009615384615385 0.05048076923076923
0 0.03125 0.5576923076923077 0.052884615384615384 0.038461538461538464
0 0.057692307692307696 0.5264423076923077 0.07692307692307693 0.028846153846153848
0 0.27283653846153844 0.24519230769230768 0.37740384615384615 0.28846153846153844
0 0.6622596153846154 0.24519230769230768 0.4206730769230769 0.28846153846153844
0 0.7331730769230769 0.05889423076923077 0.25 0.10817307692307693
0 0.41466346153846156 0.052884615384615384 0.36778846153846156 0.09615384615384616
0 0.11899038461538461 0.12139423076923077 0.23317307692307693 0.23317307692307693
0 0.09615384615384616 0.375 0.1875 0.28365384615384615
