0 0.5673076923076923 0.2091346153846154 0.28365384615384615 0.3557692307692308
0 0.7524038461538461 0.35336538461538464 0.2932692307692308 0.33653846153846156
0 0.8581730769230769 0.6346153846153846 0.28365384615384615 0.3269230769230769
0 0.9771634615384616 0.3894230769230769 0.04567307692307692 0.25
0 0.9182692307692307 0.8389423076923077 0.16346153846153846 0.22596153846153846
0 0.7115384615384616 0.7932692307692307 0.25 0.21153846153846154
0 0.5372596153846154 0.6490384615384616 0.29086538461538464 0.3269230769230769
0 0.6778846153846154 0.5456730769230769 0.15384615384615385 0.13942307692307693
0 0.4831730769230769 0.40384615384615385 0.2692307692307692 0.22115384615384615
0 0.2860576923076923 0.24759615384615385 0.23557692307692307 0.28846153846153844
0 0.22956730769230768 0.5336538461538461 0.2860576923076923 0.3173076923076923
0 0.33413461538461536 0.6033653846153846 0.125 0.22596153846153846
0 0.3076923076923077 0.8052884615384616 0.35096153846153844 0.24519230769230768
0 0.5516826923076923 0.8557692307692307 0.13701923076923078 0.125
0 0.10697115384615384 0.6225961538461539 0.2091346153846154 0.3798076923076923
0 0.15625 0.3629807692307692 0.11538461538461539 0.18269230769230768
