0 0.38341346153846156 0.17427884615384615 0.41586538461538464 0.3389423076923077
0 0.06370192307692307 0.49399038461538464 0.11778846153846154 0.9783653846153846
0 0.3389423076923077 0.36778846153846156 0.35096153846153844 0.42788461538461536
0 0.30528846153846156 0.5564903846153846 0.3269230769230769 0.43990384615384615
0 0.25721153846153844 0.6887019230769231 0.24519230769230768 0.37740384615384615
0 0.5420673076923077 0.6033653846153846 0.06009615384615385 0.08173076923076923
0 0.5528846153846154 0.7067307692307693 0.038461538461538464 0.10096153846153846
0 0.5324519230769231 0.7283653846153846 0.05048076923076923 0.1201923076923077
0 0.4879807692307692 0.6826923076923077 0.03365384615384615 0.16346153846153846
0 0.7151442307692307 0.6466346153846154 0.021634615384615384 0.04326923076923077
0 0.7043269230769231 0.6814903846153846 0.02403846153846154 0.05048076923076923
0 0.6850961538461539 0.7163461538461539 0.02403846153846154 0.04326923076923077
0 0.7007211538461539 0.53125 0.03125 0.038461538461538464
0 0.6658653846153846 0.5600961538461539 0.052884615384615384 0.08173076923076923
0 0.6490384615384616 0.6454326923076923 0.04807692307692308 0.11298076923076923
0 0.6442307692307693 0.7067307692307693 0.07692307692307693 0.10096153846153846
0 0.7800480769230769 0.6754807692307693 0.03125 0.0625
0 0.7608173076923077 0.7211538461538461 0.03125 0.08653846153846154
0 0.7415865384615384 0.7644230769230769 0.03125 0.08653846153846154
0 0.6826923076923077 0.8088942307692307 0.11057692307692307 0.11298076923076923
0 0.6923076923076923 0.8653846153846154 0.057692307692307696 0.0625
0 0.7475961538461539 0.20432692307692307 0.5048076923076923 0.39903846153846156
0 0.890625 0.26322115384615385 0.21875 0.3245192307692308
0 0.8052884615384616 0.2764423076923077 0.1971153846153846 0.22115384615384615
0 0.9230769230769231 0.4170673076923077 0.15865384615384615 0.37740384615384615
0 0.8894230769230769 0.4014423076923077 0.1346153846153846 0.25961538461538464
0 0.9627403846153846 0.5420673076923077 0.07451923076923077 0.19951923076923078
0 0.9230769230769231 0.5600961538461539 0.14903846153846154 0.25961538461538464
0 0.8533653846153846 0.6754807692307693 0.0673076923076923 0.13942307692307693
0 0.9627403846153846 0.6514423076923077 0.07451923076923077 0.18269230769230768
0 0.9807692307692307 0.8305288461538461 0.038461538461538464 0.33413461538461536
0 0.9086538461538461 0.84375 0.08653846153846154 0.15865384615384615
0 0.6334134615384616 0.9507211538461539 0.040865384615384616 0.09375
0 0.6021634615384616 0.9122596153846154 0.04567307692307692 0.09375
0 0.5576923076923077 0.9507211538461539 0.04807692307692308 0.09375
0 0.5240384615384616 0.96875 0.028846153846153848 0.057692307692307696
0 0.44471153846153844 0.9831730769230769 0.052884615384615384 0.02403846153846154
0 0.6875 0.9711538461538461 0.03365384615384615 0.038461538461538464
