0 0.5600961538461539 0.8197115384615384 0.038461538461538464 0.052884615384615384
0 0.6298076923076923 0.8329326923076923 0.038461538461538464 0.06009615384615385
0 0.6478365384615384 0.8028846153846154 0.040865384615384616 0.04326923076923077
0 0.7512019230769231 0.8473557692307693 0.04567307692307692 0.06490384615384616
0 0.5889423076923077 0.7860576923076923 0.052884615384615384 0.04807692307692308
0 0.6310096153846154 0.75 0.040865384615384616 0.052884615384615384
0 0.6574519230769231 0.7163461538461539 0.040865384615384616 0.04807692307692308
0 0.6995192307692307 0.7572115384615384 0.038461538461538464 0.04807692307692308
0 0.7223557692307693 0.7307692307692307 0.036057692307692304 0.057692307692307696
0 0.7548076923076923 0.6959134615384616 0.04326923076923077 0.06490384615384616
0 0.7728365384615384 0.6526442307692307 0.040865384615384616 0.055288461538461536
0 0.7776442307692307 0.6045673076923077 0.036057692307692304 0.03125
0 0.7548076923076923 0.5612980769230769 0.04807692307692308 0.055288461538461536
0 0.7331730769230769 0.5216346153846154 0.028846153846153848 0.04807692307692308
0 0.7620192307692307 0.5048076923076923 0.038461538461538464 0.038461538461538464
0 0.7439903846153846 0.4567307692307692 0.06009615384615385 0.057692307692307696
0 0.7271634615384616 0.6201923076923077 0.055288461538461536 0.07692307692307693
0 0.6778846153846154 0.6346153846153846 0.038461538461538464 0.04807692307692308
0 0.7067307692307693 0.6826923076923077 0.057692307692307696 0.057692307692307696
0 0.6586538461538461 0.6742788461538461 0.028846153846153848 0.03125
0 0.6298076923076923 0.7019230769230769 0.04326923076923077 0.052884615384615384
0 0.5877403846153846 0.31850961538461536 0.3004807692307692 0.43509615384615385
0 0.4735576923076923 0.6262019230769231 0.2403846153846154 0.35336538461538464
0 0.31490384615384615 0.41947115384615385 0.2548076923076923 0.37259615384615385
0 0.28966346153846156 0.6766826923076923 0.16105769230769232 0.30528846153846156
