0 0.1875 0.3317307692307692 0.21153846153846154 0.375
0 0.25841346153846156 0.18990384615384615 0.09375 0.10096153846153846
0 0.2403846153846154 0.5360576923076923 0.15865384615384615 0.22596153846153846
0 0.14423076923076922 0.5612980769230769 0.04326923076923077 0.08413461538461539
0 0.15144230769230768 0.6225961538461539 0.04326923076923077 0.0673076923076923
0 0.17668269230769232 0.6514423076923077 0.06009615384615385 0.07211538461538461
0 0.13701923076923078 0.7067307692307693 0.04807692307692308 0.0673076923076923
0 0.14423076923076922 0.7668269230769231 0.057692307692307696 0.0625
0 0.1658653846153846 0.8100961538461539 0.038461538461538464 0.04807692307692308
0 0.18509615384615385 0.7427884615384616 0.052884615384615384 0.0673076923076923
0 0.18269230769230768 0.703125 0.04326923076923077 0.03125
0 0.24278846153846154 0.6875 0.057692307692307696 0.07211538461538461
0 0.24759615384615385 0.7427884615384616 0.038461538461538464 0.038461538461538464
0 0.23317307692307693 0.7740384615384616 0.09134615384615384 0.1201923076923077
0 0.2956730769230769 0.7848557692307693 0.04807692307692308 0.07932692307692307
0 0.28846153846153844 0.703125 0.04326923076923077 0.08413461538461539
0 0.3173076923076923 0.2403846153846154 0.08173076923076923 0.10576923076923077
0 0.3173076923076923 0.35096153846153844 0.057692307692307696 0.11538461538461539
0 0.34975961538461536 0.4375 0.04567307692307692 0.057692307692307696
0 0.35336538461538464 0.5192307692307693 0.07692307692307693 0.09615384615384616
0 0.3317307692307692 0.5961538461538461 0.028846153846153848 0.04807692307692308
0 0.38822115384615385 0.6286057692307693 0.0985576923076923 0.13701923076923078
0 0.38822115384615385 0.6995192307692307 0.06009615384615385 0.057692307692307696
0 0.3701923076923077 0.7764423076923077 0.09134615384615384 0.10576923076923077
0 0.3293269230769231 0.7307692307692307 0.04326923076923077 0.057692307692307696
0 0.34134615384615385 0.6923076923076923 0.03365384615384615 0.04326923076923077
0 0.31009615384615385 0.6538461538461539 0.057692307692307696 0.057692307692307696
0 0.40384615384615385 0.5408653846153846 0.03365384615384615 0.0625
0 0.46875 0.5552884615384616 0.08653846153846154 0.11538461538461539
0 0.4110576923076923 0.4495192307692308 0.08173076923076923 0.09615384615384616
0 0.3942307692307692 0.38221153846153844 0.057692307692307696 0.07211538461538461
0 0.3870192307692308 0.3389423076923077 0.16346153846153846 0.1778846153846154
0 0.4026442307692308 0.2091346153846154 0.0985576923076923 0.11538461538461539
0 0.37259615384615385 0.2860576923076923 0.052884615384615384 0.052884615384615384
0 0.4735576923076923 0.21875 0.052884615384615384 0.07211538461538461
0 0.4879807692307692 0.2776442307692308 0.125 0.25240384615384615
0 0.49278846153846156 0.41466346153846156 0.08173076923076923 0.08413461538461539
0 0.4951923076923077 0.49759615384615385 0.15384615384615385 0.10576923076923077
0 0.5288461538461539 0.5985576923076923 0.16826923076923078 0.14903846153846154
0 0.4375 0.7163461538461539 0.0673076923076923 0.12980769230769232
0 0.4735576923076923 0.7716346153846154 0.08173076923076923 0.10576923076923077
0 0.4230769230769231 0.8173076923076923 0.04326923076923077 0.057692307692307696
0 0.6682692307692307 0.8004807692307693 0.04326923076923077 0.12980769230769232
0 0.6394230769230769 0.8137019230769231 0.04326923076923077 0.08413461538461539
0 0.6057692307692307 0.8269230769230769 0.07692307692307693 0.0673076923076923
0 0.5456730769230769 0.8341346153846154 0.11538461538461539 0.07211538461538461
0 0.5757211538461539 0.7620192307692307 0.18509615384615385 0.125
0 0.5793269230769231 0.6875 0.15384615384615385 0.0625
0 0.5757211538461539 0.6658653846153846 0.19951923076923078 0.09615384615384616
0 0.5600961538461539 0.3161057692307692 0.10096153846153846 0.14182692307692307
0 0.5841346153846154 0.4495192307692308 0.09134615384615384 0.125
0 0.6153846153846154 0.5625 0.07692307692307693 0.1201923076923077
0 0.5913461538461539 0.6418269230769231 0.1346153846153846 0.057692307692307696
0 0.5204326923076923 0.6658653846153846 0.11298076923076923 0.052884615384615384
0 0.7644230769230769 0.6658653846153846 0.16346153846153846 0.1778846153846154
0 0.7163461538461539 0.5120192307692307 0.0673076923076923 0.17307692307692307
0 0.6610576923076923 0.38221153846153844 0.11057692307692307 0.09615384615384616
0 0.6574519230769231 0.2764423076923077 0.13221153846153846 0.2644230769230769
0 0.6526442307692307 0.25240384615384615 0.0985576923076923 0.22596153846153846
0 0.6802884615384616 0.23197115384615385 0.04807692307692308 0.24759615384615385
0 0.7139423076923077 0.3112980769230769 0.04326923076923077 0.19471153846153846
0 0.7283653846153846 0.27403846153846156 0.038461538461538464 0.28846153846153844
0 0.7524038461538461 0.27403846153846156 0.04326923076923077 0.27884615384615385
0 0.7884615384615384 0.2668269230769231 0.08173076923076923 0.27403846153846156
0 0.7716346153846154 0.4807692307692308 0.038461538461538464 0.09615384615384616
0 0.7740384615384616 0.5685096153846154 0.04326923076923077 0.07932692307692307
0 0.8004807692307693 0.5264423076923077 0.03365384615384615 0.0673076923076923
0 0.7680288461538461 0.41346153846153844 0.026442307692307692 0.0625
0 0.8221153846153846 0.7151442307692307 0.052884615384615384 0.0889423076923077
0 0.8569711538461539 0.7475961538461539 0.07932692307692307 0.057692307692307696
0 0.8245192307692307 0.7992788461538461 0.04807692307692308 0.07932692307692307
0 0.8653846153846154 0.8173076923076923 0.03365384615384615 0.057692307692307696
0 0.7728365384615384 0.7992788461538461 0.04567307692307692 0.07932692307692307
0 0.734375 0.8028846153846154 0.04567307692307692 0.0625
0 0.75 0.7427884615384616 0.038461538461538464 0.057692307692307696
0 0.7788461538461539 0.75 0.03365384615384615 0.052884615384615384
0 0.8653846153846154 0.6947115384615384 0.04807692307692308 0.038461538461538464
0 0.8641826923076923 0.6466346153846154 0.04567307692307692 0.057692307692307696
0 0.7908653846153846 0.6298076923076923 0.21153846153846154 0.14903846153846154
0 0.8461538461538461 0.4567307692307692 0.13942307692307693 0.3269230769230769
0 0.8689903846153846 0.3269230769230769 0.13221153846153846 0.25961538461538464
0 0.8834134615384616 0.1875 0.09375 0.11538461538461539
0 0.5661057692307693 0.20552884615384615 0.06009615384615385 0.07932692307692307
0 0.6009615384615384 0.2536057692307692 0.04807692307692308 0.07932692307692307
0 0.6322115384615384 0.3076923076923077 0.04326923076923077 0.07211538461538461
0 0.6286057692307693 0.38341346153846156 0.06009615384615385 0.07932692307692307
0 0.5096153846153846 0.3557692307692308 0.04326923076923077 0.07211538461538461
0 0.6730769230769231 0.5408653846153846 0.10096153846153846 0.22115384615384615
