0 0.7283653846153846 0.9086538461538461 0.08173076923076923 0.16346153846153846
0 0.9182692307692307 0.7475961538461539 0.07692307692307693 0.1201923076923077
0 0.9302884615384616 0.8870192307692307 0.10096153846153846 0.1201923076923077
0 0.9615384615384616 0.6274038461538461 0.0625 0.11057692307692307
0 0.8774038461538461 0.6117788461538461 0.057692307692307696 0.055288461538461536
0 0.8894230769230769 0.24519230769230768 0.0673076923076923 0.09615384615384616
0 0.9663461538461539 0.3605769230769231 0.0673076923076923 0.20673076923076922
0 0.7872596153846154 0.23317307692307693 0.04567307692307692 0.08653846153846154
0 0.8533653846153846 0.3161057692307692 0.04807692307692308 0.07932692307692307
0 0.8774038461538461 0.3918269230769231 0.0625 0.07211538461538461
0 0.7992788461538461 0.4483173076923077 0.055288461538461536 0.10336538461538461
0 0.7548076923076923 0.38461538461538464 0.04326923076923077 0.07211538461538461
0 0.7091346153846154 0.3762019230769231 0.0625 0.07932692307692307
0 0.5612980769230769 0.42788461538461536 0.055288461538461536 0.07211538461538461
0 0.6153846153846154 0.4423076923076923 0.07692307692307693 0.052884615384615384
0 0.6177884615384616 0.3942307692307692 0.07692307692307693 0.052884615384615384
0 0.43990384615384615 0.6153846153846154 0.057692307692307696 0.09615384615384616
0 0.5444711538461539 0.2668269230769231 0.055288461538461536 0.09134615384615384
0 0.47115384615384615 0.22355769230769232 0.0625 0.09134615384615384
0 0.3870192307692308 0.22716346153846154 0.0673076923076923 0.06009615384615385
0 0.3485576923076923 0.28125 0.0673076923076923 0.09615384615384616
0 0.04326923076923077 0.5853365384615384 0.0625 0.08413461538461539
0 0.0673076923076923 0.7079326923076923 0.08173076923076923 0.10336538461538461
0 0.328125 0.8990384615384616 0.10336538461538461 0.14423076923076922
0 0.35336538461538464 0.41586538461538464 0.07692307692307693 0.15865384615384615
0 0.6598557692307693 0.12259615384615384 0.20432692307692307 0.23557692307692307
0 0.8834134615384616 0.046875 0.04567307692307692 0.08413461538461539
0 0.8197115384615384 0.08173076923076923 0.125 0.08653846153846154
0 0.8269230769230769 0.14783653846153846 0.1201923076923077 0.12259615384615384
0 0.625 0.31009615384615385 0.10576923076923077 0.11538461538461539
0 0.6971153846153846 0.31490384615384615 0.07211538461538461 0.052884615384615384
0 0.8004807692307693 0.33533653846153844 0.0625 0.12259615384615384
0 0.7560096153846154 0.3173076923076923 0.036057692307692304 0.07211538461538461
0 0.8401442307692307 0.3942307692307692 0.04567307692307692 0.11538461538461539
0 0.8629807692307693 0.47836538461538464 0.07692307692307693 0.11538461538461539
0 0.65625 0.6394230769230769 0.375 0.35096153846153844
0 0.8557692307692307 0.5396634615384616 0.07211538461538461 0.07932692307692307
0 0.8353365384615384 0.6310096153846154 0.04567307692307692 0.10336538461538461
0 0.9038461538461539 0.6730769230769231 0.0673076923076923 0.052884615384615384
0 0.9206730769230769 0.6334134615384616 0.019230769230769232 0.06009615384615385
0 0.8918269230769231 0.7355769230769231 0.03365384615384615 0.16826923076923078
0 0.8497596153846154 0.6935096153846154 0.036057692307692304 0.06009615384615385
0 0.8221153846153846 0.8173076923076923 0.10576923076923077 0.16346153846153846
0 0.8725961538461539 0.875 0.08173076923076923 0.19230769230769232
0 0.6646634615384616 0.9098557692307693 0.11778846153846154 0.17548076923076922
0 0.5673076923076923 0.9098557692307693 0.11057692307692307 0.17548076923076922
0 0.42788461538461536 0.9399038461538461 0.17307692307692307 0.11538461538461539
0 0.44591346153846156 0.7716346153846154 0.13221153846153846 0.23076923076923078
0 0.18269230769230768 0.3605769230769231 0.07692307692307693 0.02403846153846154
0 0.19591346153846154 0.28365384615384615 0.036057692307692304 0.052884615384615384
0 0.2403846153846154 0.25721153846153844 0.04807692307692308 0.04807692307692308
0 0.12980769230769232 0.375 0.038461538461538464 0.0673076923076923
0 0.15865384615384615 0.9423076923076923 0.1346153846153846 0.11057692307692307
0 0.10817307692307693 0.41466346153846156 0.0 0.01201923076923077
0 0.25600961538461536 0.6766826923076923 0.2956730769230769 0.5456730769230769
0 0.4675480769230769 0.421875 0.18990384615384615 0.31490384615384615
0 0.28846153846153844 0.3449519230769231 0.052884615384615384 0.07932692307692307
0 0.4230769230769231 0.15504807692307693 0.0673076923076923 0.06009615384615385
0 0.019230769230769232 0.7175480769230769 0.028846153846153848 0.22355769230769232
0 0.0673076923076923 0.8040865384615384 0.07692307692307693 0.06009615384615385
0 0.2692307692307692 0.7403846153846154 0.0625 0.11538461538461539
0 0.28846153846153844 0.6730769230769231 0.11057692307692307 0.0673076923076923
0 0.14182692307692307 0.7283653846153846 0.02403846153846154 0.09134615384615384
0 0.23798076923076922 0.8665865384615384 0.0673076923076923 0.07932692307692307
