0 0.38221153846153844 0.2536057692307692 0.5240384615384616 0.08413461538461539
0 0.22115384615384615 0.30408653846153844 0.30288461538461536 0.34375
0 0.2127403846153846 0.29086538461538464 0.38221153846153844 0.2403846153846154
0 0.3389423076923077 0.3317307692307692 0.5625 0.27884615384615385
0 0.20673076923076922 0.4495192307692308 0.23557692307692307 0.052884615384615384
0 0.037259615384615384 0.5216346153846154 0.055288461538461536 0.34134615384615385
0 0.20432692307692307 0.6899038461538461 0.2548076923076923 0.15865384615384615
0 0.23798076923076922 0.5252403846153846 0.17307692307692307 0.13221153846153846
0 0.24158653846153846 0.8834134615384616 0.2283653846153846 0.16105769230769232
0 0.515625 0.5456730769230769 0.0985576923076923 0.07692307692307693
0 0.36177884615384615 0.5408653846153846 0.0985576923076923 0.04326923076923077
0 0.6442307692307693 0.4362980769230769 0.21153846153846154 0.16105769230769232
0 0.8149038461538461 0.8557692307692307 0.2548076923076923 0.1971153846153846
0 0.37740384615384615 0.8990384615384616 0.0673076923076923 0.09134615384615384
0 0.5024038461538461 0.7067307692307693 0.08653846153846154 0.09615384615384616
0 0.7740384615384616 0.5673076923076923 0.125 0.08173076923076923
0 0.6105769230769231 0.6310096153846154 0.0673076923076923 0.07451923076923077
0 0.8990384615384616 0.6814903846153846 0.0625 0.06971153846153846
0 0.6730769230769231 0.33653846153846156 0.16826923076923078 0.07211538461538461
0 0.8004807692307693 0.4362980769230769 0.21153846153846154 0.10336538461538461
0 0.5048076923076923 0.5612980769230769 0.9951923076923077 0.8774038461538461
