0 0.8725961538461539 0.7608173076923077 0.11538461538461539 0.06971153846153846
0 0.7908653846153846 0.8221153846153846 0.12980769230769232 0.07692307692307693
0 0.7740384615384616 0.7379807692307693 0.1201923076923077 0.08173076923076923
0 0.6995192307692307 0.8040865384615384 0.1201923076923077 0.08413461538461539
0 0.6370192307692307 0.7367788461538461 0.15384615384615385 0.08413461538461539
0 0.5745192307692307 0.7836538461538461 0.09615384615384616 0.0625
0 0.5048076923076923 0.8100961538461539 0.09615384615384616 0.07211538461538461
0 0.5576923076923077 0.8605769230769231 0.09615384615384616 0.057692307692307696
0 0.5276442307692307 0.9038461538461539 0.10817307692307693 0.07211538461538461
0 0.4495192307692308 0.8581730769230769 0.08653846153846154 0.052884615384615384
0 0.46875 0.9471153846153846 0.0673076923076923 0.07692307692307693
0 0.39903846153846156 0.8822115384615384 0.0625 0.052884615384615384
0 0.34375 0.9002403846153846 0.10096153846153846 0.06009615384615385
0 0.3942307692307692 0.9495192307692307 0.0673076923076923 0.07692307692307693
0 0.3125 0.9495192307692307 0.08653846153846154 0.052884615384615384
0 0.24759615384615385 0.9278846153846154 0.09134615384615384 0.057692307692307696
0 0.22355769230769232 0.8798076923076923 0.09134615384615384 0.052884615384615384
0 0.9326923076923077 0.6346153846153846 0.09615384615384616 0.0673076923076923
0 0.9615384615384616 0.5600961538461539 0.07211538461538461 0.07211538461538461
0 0.8677884615384616 0.5697115384615384 0.1346153846153846 0.09134615384615384
0 0.7860576923076923 0.6334134615384616 0.15865384615384615 0.08413461538461539
0 0.8004807692307693 0.5552884615384616 0.07211538461538461 0.0625
0 0.6923076923076923 0.5793269230769231 0.1201923076923077 0.08173076923076923
0 0.6346153846153846 0.6442307692307693 0.11538461538461539 0.0673076923076923
0 0.625 0.6850961538461539 0.0625 0.028846153846153848
0 0.5600961538461539 0.6923076923076923 0.0673076923076923 0.04807692307692308
0 0.5721153846153846 0.6370192307692307 0.057692307692307696 0.057692307692307696
0 0.5889423076923077 0.5733173076923077 0.11538461538461539 0.06971153846153846
0 0.75 0.4951923076923077 0.1201923076923077 0.08653846153846154
0 0.8125 0.46875 0.028846153846153848 0.03365384615384615
0 0.7548076923076923 0.41586538461538464 0.12980769230769232 0.07692307692307693
0 0.6514423076923077 0.44471153846153844 0.1346153846153846 0.08653846153846154
0 0.59375 0.49759615384615385 0.0673076923076923 0.057692307692307696
0 0.6610576923076923 0.5216346153846154 0.10096153846153846 0.0625
0 0.5264423076923077 0.5336538461538461 0.125 0.07692307692307693
0 0.5264423076923077 0.5889423076923077 0.0673076923076923 0.038461538461538464
0 0.49399038461538464 0.6358173076923077 0.10817307692307693 0.08413461538461539
0 0.49759615384615385 0.6850961538461539 0.09134615384615384 0.04807692307692308
0 0.4014423076923077 0.7103365384615384 0.11538461538461539 0.06971153846153846
0 0.43990384615384615 0.7908653846153846 0.10096153846153846 0.0673076923076923
0 0.3713942307692308 0.8173076923076923 0.07932692307692307 0.07692307692307693
0 0.3317307692307692 0.8545673076923077 0.0673076923076923 0.04567307692307692
0 0.2644230769230769 0.8485576923076923 0.09134615384615384 0.0625
0 0.3076923076923077 0.7956730769230769 0.09615384615384616 0.0673076923076923
0 0.37259615384615385 0.7548076923076923 0.10096153846153846 0.057692307692307696
0 0.6538461538461539 0.3798076923076923 0.09615384615384616 0.04807692307692308
0 0.5961538461538461 0.40625 0.052884615384615384 0.052884615384615384
0 0.5228365384615384 0.4411057692307692 0.10817307692307693 0.08413461538461539
0 0.47115384615384615 0.4879807692307692 0.1201923076923077 0.0673076923076923
0 0.3762019230769231 0.5336538461538461 0.10817307692307693 0.07692307692307693
0 0.4423076923076923 0.5600961538461539 0.09615384615384616 0.0673076923076923
0 0.4110576923076923 0.6418269230769231 0.10096153846153846 0.0673076923076923
0 0.3918269230769231 0.6033653846153846 0.08653846153846154 0.04326923076923077
0 0.34615384615384615 0.5841346153846154 0.08653846153846154 0.057692307692307696
0 0.2620192307692308 0.6201923076923077 0.15384615384615385 0.08173076923076923
0 0.3293269230769231 0.6478365384615384 0.0625 0.04567307692307692
0 0.2956730769230769 0.6983173076923077 0.09615384615384616 0.06971153846153846
0 0.25 0.6826923076923077 0.07211538461538461 0.052884615384615384
0 0.23197115384615385 0.7451923076923077 0.10817307692307693 0.07692307692307693
0 0.2932692307692308 0.7475961538461539 0.057692307692307696 0.028846153846153848
0 0.20673076923076922 0.7992788461538461 0.09134615384615384 0.04567307692307692
0 0.15144230769230768 0.8149038461538461 0.0673076923076923 0.057692307692307696
0 0.1875 0.8449519230769231 0.052884615384615384 0.040865384615384616
0 0.14423076923076922 0.8497596153846154 0.03365384615384615 0.03125
0 0.10576923076923077 0.7836538461538461 0.02403846153846154 0.038461538461538464
0 0.13701923076923078 0.7487980769230769 0.09615384615384616 0.06971153846153846
0 0.14543269230769232 0.7067307692307693 0.07932692307692307 0.028846153846153848
0 0.19230769230769232 0.6814903846153846 0.08653846153846154 0.06971153846153846
0 0.12980769230769232 0.6646634615384616 0.09615384615384616 0.06971153846153846
0 0.18389423076923078 0.5817307692307693 0.07932692307692307 0.057692307692307696
0 0.10817307692307693 0.5877403846153846 0.08653846153846154 0.06971153846153846
0 0.05048076923076923 0.6153846153846154 0.09615384615384616 0.07692307692307693
0 0.11057692307692307 0.6298076923076923 0.0673076923076923 0.02403846153846154
0 0.19110576923076922 0.5336538461538461 0.07932692307692307 0.038461538461538464
0 0.27403846153846156 0.5504807692307693 0.08653846153846154 0.052884615384615384
0 0.30528846153846156 0.5132211538461539 0.10096153846153846 0.06971153846153846
0 0.3954326923076923 0.4831730769230769 0.07932692307692307 0.04807692307692308
0 0.3581730769230769 0.43509615384615385 0.1201923076923077 0.08173076923076923
0 0.43149038461538464 0.41947115384615385 0.10817307692307693 0.06971153846153846
0 0.5985576923076923 0.3389423076923077 0.125 0.07692307692307693
0 0.5120192307692307 0.32211538461538464 0.09615384615384616 0.08653846153846154
0 0.5673076923076923 0.2764423076923077 0.052884615384615384 0.04807692307692308
0 0.5168269230769231 0.23677884615384615 0.08653846153846154 0.06971153846153846
0 0.49759615384615385 0.28125 0.0673076923076923 0.038461538461538464
0 0.5048076923076923 0.37740384615384615 0.0625 0.04326923076923077
0 0.4206730769230769 0.35216346153846156 0.1201923076923077 0.06971153846153846
0 0.35336538461538464 0.31490384615384615 0.1201923076923077 0.08173076923076923
0 0.4423076923076923 0.28125 0.07211538461538461 0.0673076923076923
0 0.4579326923076923 0.22956730769230768 0.04567307692307692 0.03125
0 0.28966346153846156 0.37259615384615385 0.10817307692307693 0.07692307692307693
0 0.23798076923076922 0.42788461538461536 0.1201923076923077 0.07211538461538461
0 0.29927884615384615 0.46274038461538464 0.07932692307692307 0.03125
0 0.22115384615384615 0.4951923076923077 0.07211538461538461 0.07211538461538461
0 0.16826923076923078 0.49038461538461536 0.0673076923076923 0.07211538461538461
0 0.1875 0.5360576923076923 0.08653846153846154 0.038461538461538464
0 0.0985576923076923 0.5144230769230769 0.09134615384615384 0.0673076923076923
0 0.057692307692307696 0.5552884615384616 0.052884615384615384 0.04807692307692308
0 0.10576923076923077 0.4651442307692308 0.10096153846153846 0.04567307692307692
0 0.07211538461538461 0.4411057692307692 0.057692307692307696 0.03125
0 0.12139423076923077 0.43028846153846156 0.04567307692307692 0.028846153846153848
0 0.17548076923076922 0.4206730769230769 0.07211538461538461 0.057692307692307696
0 0.15384615384615385 0.3798076923076923 0.052884615384615384 0.03365384615384615
0 0.1201923076923077 0.4014423076923077 0.038461538461538464 0.019230769230769232
0 0.20192307692307693 0.3870192307692308 0.057692307692307696 0.03365384615384615
0 0.18509615384615385 0.35096153846153844 0.0673076923076923 0.0673076923076923
0 0.23557692307692307 0.3269230769230769 0.11538461538461539 0.0673076923076923
0 0.24278846153846154 0.25721153846153844 0.0673076923076923 0.0673076923076923
0 0.3076923076923077 0.2620192307692308 0.07211538461538461 0.057692307692307696
0 0.37740384615384615 0.25961538461538464 0.125 0.057692307692307696
0 0.2932692307692308 0.21394230769230768 0.0673076923076923 0.028846153846153848
0 0.35336538461538464 0.20673076923076922 0.08653846153846154 0.057692307692307696
0 0.3713942307692308 0.23317307692307693 0.07932692307692307 0.07692307692307693
0 0.4206730769230769 0.15865384615384615 0.038461538461538464 0.057692307692307696
0 0.34375 0.1778846153846154 0.10096153846153846 0.04807692307692308
0 0.3713942307692308 0.15264423076923078 0.07932692307692307 0.04567307692307692
0 0.3798076923076923 0.10336538461538461 0.08653846153846154 0.057692307692307696
0 0.41586538461538464 0.040865384615384616 0.052884615384615384 0.052884615384615384
