0 0.5132211538461539 0.6225961538461539 0.33413461538461536 0.6201923076923077
0 0.06490384615384616 0.19110576923076922 0.11538461538461539 0.3245192307692308
0 0.8966346153846154 0.65625 0.20673076923076922 0.5576923076923077
0 0.3137019230769231 0.3245192307692308 0.1658653846153846 0.23076923076923078
0 0.33653846153846156 0.16105769230769232 0.21634615384615385 0.30288461538461536
0 0.5216346153846154 0.05048076923076923 0.15384615384615385 0.09134615384615384
0 0.8449519230769231 0.34615384615384615 0.31009615384615385 0.6875
0 0.7067307692307693 0.07692307692307693 0.24519230769230768 0.14903846153846154
0 0.5673076923076923 0.3137019230769231 0.34615384615384615 0.53125
0 0.09134615384615384 0.8016826923076923 0.16826923076923078 0.3918269230769231
0 0.31490384615384615 0.7403846153846154 0.16826923076923078 0.3701923076923077
