0 0.7307692307692307 0.11778846153846154 0.33653846153846156 0.22115384615384615
0 0.5769230769230769 0.10576923076923077 0.08173076923076923 0.0673076923076923
0 0.5360576923076923 0.18269230769230768 0.16346153846153846 0.09134615384615384
0 0.39663461538461536 0.09254807692307693 0.19230769230769232 0.10817307692307693
0 0.2800480769230769 0.12740384615384615 0.17067307692307693 0.11057692307692307
0 0.234375 0.22956730769230768 0.17548076923076922 0.12740384615384615
0 0.3762019230769231 0.18509615384615385 0.17548076923076922 0.1201923076923077
0 0.41586538461538464 0.2920673076923077 0.1875 0.10817307692307693
0 0.5192307692307693 0.28846153846153844 0.14423076923076922 0.1346153846153846
0 0.40865384615384615 0.38461538461538464 0.14423076923076922 0.07692307692307693
0 0.24759615384615385 0.36538461538461536 0.22596153846153846 0.15865384615384615
0 0.34375 0.4567307692307692 0.22115384615384615 0.11538461538461539
0 0.7788461538461539 0.33052884615384615 0.3942307692307692 0.34375
0 0.8966346153846154 0.3942307692307692 0.20673076923076922 0.2403846153846154
0 0.8737980769230769 0.7283653846153846 0.13701923076923078 0.14423076923076922
0 0.8557692307692307 0.5865384615384616 0.16346153846153846 0.14423076923076922
0 0.9483173076923077 0.6334134615384616 0.055288461538461536 0.12259615384615384
0 0.9182692307692307 0.7620192307692307 0.10576923076923077 0.11057692307692307
0 0.7884615384615384 0.8389423076923077 0.11057692307692307 0.10576923076923077
0 0.7644230769230769 0.7391826923076923 0.07211538461538461 0.12259615384615384
0 0.6646634615384616 0.8653846153846154 0.16105769230769232 0.2692307692307692
0 0.7019230769230769 0.7836538461538461 0.35096153846153844 0.3942307692307692
0 0.6394230769230769 0.7776442307692307 0.3942307692307692 0.37740384615384615
0 0.6478365384615384 0.7067307692307693 0.5552884615384616 0.38461538461538464
0 0.7091346153846154 0.5865384615384616 0.125 0.11538461538461539
0 0.7163461538461539 0.5180288461538461 0.14423076923076922 0.10817307692307693
0 0.5504807692307693 0.5745192307692307 0.20192307692307693 0.25961538461538464
0 0.5504807692307693 0.5096153846153846 0.10576923076923077 0.2644230769230769
0 0.4326923076923077 0.75 0.15384615384615385 0.09134615384615384
0 0.3629807692307692 0.8028846153846154 0.10576923076923077 0.07692307692307693
0 0.2920673076923077 0.7319711538461539 0.13701923076923078 0.06971153846153846
0 0.30288461538461536 0.6658653846153846 0.11538461538461539 0.07211538461538461
0 0.21394230769230768 0.6442307692307693 0.11538461538461539 0.10096153846153846
0 0.3293269230769231 0.5961538461538461 0.33653846153846156 0.14423076923076922
0 0.34975961538461536 0.5060096153846154 0.40625 0.15625
0 0.23557692307692307 0.5072115384615384 0.08173076923076923 0.07211538461538461
0 0.1778846153846154 0.49759615384615385 0.07692307692307693 0.09615384615384616
0 0.5108173076923077 0.41346153846153844 0.06009615384615385 0.04326923076923077
