0 0.8533653846153846 0.8870192307692307 0.25 0.22596153846153846
0 0.9615384615384616 0.8617788461538461 0.07211538461538461 0.21394230769230768
0 0.6586538461538461 0.8762019230769231 0.27884615384615385 0.24759615384615385
0 0.3894230769230769 0.8485576923076923 0.2980769230769231 0.25961538461538464
0 0.2608173076923077 0.8185096153846154 0.1466346153846154 0.17548076923076922
0 0.16826923076923078 0.6346153846153846 0.2932692307692308 0.2932692307692308
0 0.44471153846153844 0.6057692307692307 0.30288461538461536 0.3173076923076923
0 0.6947115384615384 0.6346153846153846 0.24519230769230768 0.30288461538461536
0 0.8798076923076923 0.5913461538461539 0.23557692307692307 0.28846153846153844
0 0.9447115384615384 0.3557692307692308 0.11057692307692307 0.27884615384615385
0 0.7548076923076923 0.4014423076923077 0.27884615384615385 0.24519230769230768
0 0.7848557692307693 0.15865384615384615 0.3245192307692308 0.3076923076923077
0 0.953125 0.06610576923076923 0.09375 0.12259615384615384
0 0.9615384615384616 0.1875 0.07211538461538461 0.11538461538461539
0 0.7007211538461539 0.03365384615384615 0.1466346153846154 0.057692307692307696
0 0.49759615384615385 0.09014423076923077 0.2980769230769231 0.17067307692307693
0 0.46634615384615385 0.31971153846153844 0.32211538461538464 0.24519230769230768
0 0.2800480769230769 0.4206730769230769 0.15625 0.15865384615384615
0 0.1045673076923077 0.39903846153846156 0.20432692307692307 0.2644230769230769
0 0.27163461538461536 0.18629807692307693 0.3076923076923077 0.31009615384615385
0 0.11298076923076923 0.22596153846153846 0.09615384615384616 0.18269230769230768
0 0.1814903846153846 0.051682692307692304 0.3293269230769231 0.09375
