0 0.0625 0.8858173076923077 0.11057692307692307 0.22355769230769232
0 0.171875 0.9122596153846154 0.14182692307692307 0.17067307692307693
0 0.09735576923076923 0.7524038461538461 0.12740384615384615 0.18269230769230768
0 0.021634615384615384 0.75 0.028846153846153848 0.08173076923076923
0 0.040865384615384616 0.609375 0.07211538461538461 0.19951923076923078
0 0.08413461538461539 0.45072115384615385 0.10096153846153846 0.22355769230769232
0 0.028846153846153848 0.4375 0.04326923076923077 0.16346153846153846
0 0.05048076923076923 0.28125 0.08653846153846154 0.18269230769230768
0 0.14182692307692307 0.22115384615384615 0.11538461538461539 0.1875
0 0.11658653846153846 0.09615384615384616 0.10817307692307693 0.1778846153846154
0 0.036057692307692304 0.12379807692307693 0.057692307692307696 0.1466346153846154
0 0.2548076923076923 0.13822115384615385 0.14423076923076922 0.24759615384615385
0 0.2512019230769231 0.3798076923076923 0.11778846153846154 0.23557692307692307
0 0.3173076923076923 0.47716346153846156 0.07692307692307693 0.1466346153846154
0 0.2764423076923077 0.59375 0.1201923076923077 0.20673076923076922
0 0.22115384615384615 0.7331730769230769 0.1201923076923077 0.1778846153846154
0 0.27403846153846156 0.8557692307692307 0.125 0.21153846153846154
0 0.3137019230769231 0.9447115384615384 0.11778846153846154 0.10576923076923077
0 0.36778846153846156 0.7235576923076923 0.14423076923076922 0.2403846153846154
0 0.3942307692307692 0.5216346153846154 0.11538461538461539 0.21153846153846154
0 0.3701923076923077 0.37740384615384615 0.1201923076923077 0.08653846153846154
0 0.38221153846153844 0.2860576923076923 0.125 0.21153846153846154
0 0.37259615384615385 0.12740384615384615 0.09615384615384616 0.1778846153846154
0 0.3449519230769231 0.028846153846153848 0.11778846153846154 0.052884615384615384
0 0.4254807692307692 0.10096153846153846 0.07211538461538461 0.18269230769230768
0 0.45552884615384615 0.03245192307692308 0.10336538461538461 0.06009615384615385
0 0.46153846153846156 0.1622596153846154 0.07211538461538461 0.11778846153846154
0 0.484375 0.265625 0.10817307692307693 0.1466346153846154
0 0.48677884615384615 0.42427884615384615 0.10817307692307693 0.17067307692307693
0 0.5552884615384616 0.5697115384615384 0.1346153846153846 0.23076923076923078
0 0.4639423076923077 0.6466346153846154 0.08173076923076923 0.18269230769230768
0 0.47836538461538464 0.5480769230769231 0.052884615384615384 0.08653846153846154
0 0.4831730769230769 0.765625 0.09615384615384616 0.17067307692307693
0 0.4338942307692308 0.9038461538461539 0.12740384615384615 0.1875
0 0.47115384615384615 0.9711538461538461 0.1201923076923077 0.052884615384615384
0 0.3641826923076923 0.8653846153846154 0.05048076923076923 0.052884615384615384
0 0.5528846153846154 0.8978365384615384 0.1346153846153846 0.19951923076923078
0 0.5817307692307693 0.7355769230769231 0.1201923076923077 0.18269230769230768
0 0.6418269230769231 0.5697115384615384 0.0673076923076923 0.18269230769230768
0 0.59375 0.3858173076923077 0.11057692307692307 0.19951923076923078
0 0.5600961538461539 0.20192307692307693 0.125 0.21153846153846154
0 0.5408653846153846 0.06129807692307692 0.10576923076923077 0.11778846153846154
0 0.6274038461538461 0.04927884615384615 0.11057692307692307 0.09375
0 0.6875 0.10216346153846154 0.14423076923076922 0.19951923076923078
0 0.6899038461538461 0.19471153846153846 0.08653846153846154 0.11057692307692307
0 0.6274038461538461 0.21394230769230768 0.0625 0.15384615384615385
0 0.7067307692307693 0.34615384615384615 0.1201923076923077 0.20673076923076922
0 0.7860576923076923 0.4495192307692308 0.125 0.21153846153846154
0 0.7271634615384616 0.6586538461538461 0.12740384615384615 0.21634615384615385
0 0.6814903846153846 0.5036057692307693 0.08413461538461539 0.09375
0 0.6586538461538461 0.8293269230769231 0.10096153846153846 0.23076923076923078
0 0.6225961538461539 0.9735576923076923 0.08173076923076923 0.04807692307692308
0 0.7259615384615384 0.8918269230769231 0.1201923076923077 0.21153846153846154
0 0.8353365384615384 0.9350961538461539 0.14182692307692307 0.125
0 0.8197115384615384 0.8701923076923077 0.07692307692307693 0.08653846153846154
0 0.7932692307692307 0.7740384615384616 0.13942307692307693 0.16346153846153846
0 0.9086538461538461 0.8918269230769231 0.08653846153846154 0.16346153846153846
0 0.8581730769230769 0.8365384615384616 0.08173076923076923 0.10096153846153846
0 0.8966346153846154 0.7091346153846154 0.125 0.1875
0 0.8052884615384616 0.6298076923076923 0.08173076923076923 0.1346153846153846
0 0.8605769230769231 0.4855769230769231 0.10576923076923077 0.23557692307692307
0 0.8882211538461539 0.5913461538461539 0.09375 0.12980769230769232
0 0.9350961538461539 0.4951923076923077 0.0625 0.15865384615384615
0 0.9266826923076923 0.4110576923076923 0.08413461538461539 0.11057692307692307
0 0.8341346153846154 0.2932692307692308 0.10576923076923077 0.15865384615384615
0 0.7668269230769231 0.30528846153846156 0.04326923076923077 0.10096153846153846
0 0.8221153846153846 0.1141826923076923 0.1346153846153846 0.22355769230769232
0 0.8701923076923077 0.20673076923076922 0.038461538461538464 0.07692307692307693
0 0.9194711538461539 0.30288461538461536 0.07451923076923077 0.10576923076923077
0 0.9278846153846154 0.1814903846153846 0.10096153846153846 0.17067307692307693
0 0.9350961538461539 0.10336538461538461 0.08173076923076923 0.07211538461538461
0 0.9350961538461539 0.03485576923076923 0.09615384615384616 0.06490384615384616
0 0.9879807692307693 0.17908653846153846 0.028846153846153848 0.19951923076923078
0 0.9735576923076923 0.3401442307692308 0.052884615384615384 0.12259615384615384
0 0.9819711538461539 0.4567307692307692 0.036057692307692304 0.18269230769230768
0 0.9639423076923077 0.5817307692307693 0.07211538461538461 0.10096153846153846
0 0.9711538461538461 0.6947115384615384 0.057692307692307696 0.17307692307692307
0 0.9567307692307693 0.8389423076923077 0.08653846153846154 0.18269230769230768
0 0.9711538461538461 0.9615384615384616 0.057692307692307696 0.07211538461538461
0 0.5048076923076923 0.5 0.9951923076923077 0.9951923076923077
