0 0.5576923076923077 0.3329326923076923 0.13942307692307693 0.0985576923076923
0 0.5048076923076923 0.7175480769230769 0.08653846153846154 0.07451923076923077
0 0.5961538461538461 0.6346153846153846 0.04807692307692308 0.04807692307692308
0 0.6514423076923077 0.6286057692307693 0.04807692307692308 0.4014423076923077
0 0.6045673076923077 0.8822115384615384 0.0889423076923077 0.22596153846153846
0 0.49038461538461536 0.8341346153846154 0.10576923076923077 0.3269230769230769
0 0.3713942307692308 0.8810096153846154 0.13221153846153846 0.23317307692307693
0 0.1814903846153846 0.84375 0.3485576923076923 0.21634615384615385
0 0.16105769230769232 0.9555288461538461 0.3076923076923077 0.08413461538461539
0 0.12259615384615384 0.9555288461538461 0.23076923076923078 0.08413461538461539
0 0.6995192307692307 0.7872596153846154 0.09615384615384616 0.4206730769230769
0 0.7548076923076923 0.75 0.11538461538461539 0.1201923076923077
0 0.8509615384615384 0.8581730769230769 0.1875 0.15865384615384615
0 0.7944711538461539 0.6069711538461539 0.4110576923076923 0.44471153846153844
0 0.9795673076923077 0.8497596153846154 0.040865384615384616 0.11298076923076923
0 0.46634615384615385 0.5204326923076923 0.24519230769230768 0.25721153846153844
0 0.20552884615384615 0.6586538461538461 0.3870192307692308 0.21153846153846154
0 0.09375 0.6466346153846154 0.17307692307692307 0.14423076923076922
0 0.23798076923076922 0.5528846153846154 0.15865384615384615 0.3317307692307692
0 0.08653846153846154 0.5697115384615384 0.15865384615384615 0.125
0 0.09615384615384616 0.3942307692307692 0.10096153846153846 0.3125
0 0.038461538461538464 0.4326923076923077 0.0625 0.1778846153846154
0 0.5552884615384616 0.25721153846153844 0.6634615384615384 0.16346153846153846
0 0.3581730769230769 0.2668269230769231 0.13942307692307693 0.17307692307692307
0 0.8004807692307693 0.3245192307692308 0.22596153846153846 0.33653846153846156
0 0.7632211538461539 0.3173076923076923 0.35336538461538464 0.16346153846153846
0 0.6021634615384616 0.15144230769230768 0.31490384615384615 0.22596153846153846
0 0.59375 0.10336538461538461 0.1778846153846154 0.20192307692307693
0 0.5408653846153846 0.09134615384615384 0.11538461538461539 0.1778846153846154
0 0.4050480769230769 0.10817307692307693 0.18990384615384615 0.21153846153846154
0 0.25841346153846156 0.11778846153846154 0.15144230769230768 0.23076923076923078
0 0.12620192307692307 0.18269230769230768 0.23798076923076922 0.23076923076923078
0 0.8365384615384616 0.06610576923076923 0.07211538461538461 0.12740384615384615
0 0.5528846153846154 0.5 0.41346153846153844 0.9951923076923077
0 0.48197115384615385 0.4951923076923077 0.9495192307692307 0.8557692307692307
0 0.9627403846153846 0.6033653846153846 0.07451923076923077 0.6057692307692307
