0 0.6875 0.7608173076923077 0.1971153846153846 0.18509615384615385
0 0.8052884615384616 0.7680288461538461 0.057692307692307696 0.055288461538461536
0 0.8076923076923077 0.6983173076923077 0.1875 0.12259615384615384
0 0.9266826923076923 0.6105769230769231 0.14182692307692307 0.15384615384615385
0 0.28725961538461536 0.7644230769230769 0.24278846153846154 0.21153846153846154
0 0.4987980769230769 0.7872596153846154 0.24278846153846154 0.17548076923076922
0 0.09134615384615384 0.6574519230769231 0.1778846153846154 0.3293269230769231
0 0.7548076923076923 0.09495192307692307 0.09134615384615384 0.18509615384615385
0 0.5396634615384616 0.39903846153846156 0.16105769230769232 0.20673076923076922
0 0.7067307692307693 0.3942307692307692 0.15865384615384615 0.27884615384615385
0 0.8762019230769231 0.4050480769230769 0.24759615384615385 0.25721153846153844
0 0.8858173076923077 0.3137019230769231 0.2283653846153846 0.30528846153846156
0 0.5637019230769231 0.17668269230769232 0.31971153846153844 0.24278846153846154
0 0.32091346153846156 0.27283653846153844 0.2668269230769231 0.30528846153846156
0 0.22596153846153846 0.41466346153846156 0.3125 0.25721153846153844
0 0.515625 0.4362980769230769 0.3485576923076923 0.31971153846153844
0 0.48677884615384615 0.6177884615384616 0.45913461538461536 0.28365384615384615
0 0.2127403846153846 0.5901442307692307 0.24278846153846154 0.24759615384615385
0 0.24519230769230768 0.46875 0.46153846153846156 0.36538461538461536
0 0.5012019230769231 0.4411057692307692 0.9975961538461539 0.8774038461538461
