0 0.20552884615384615 0.02403846153846154 0.07932692307692307 0.03365384615384615
0 0.25 0.1310096153846154 0.052884615384615384 0.04567307692307692
0 0.23677884615384615 0.19110576923076922 0.0889423076923077 0.06009615384615385
0 0.2860576923076923 0.27163461538461536 0.0625 0.04807692307692308
0 0.27403846153846156 0.34375 0.0673076923076923 0.04807692307692308
0 0.19230769230769232 0.33052884615384615 0.04326923076923077 0.026442307692307692
0 0.1346153846153846 0.44711538461538464 0.052884615384615384 0.038461538461538464
0 0.3954326923076923 0.2980769230769231 0.07932692307692307 0.0625
0 0.36778846153846156 0.2548076923076923 0.0673076923076923 0.038461538461538464
0 0.4014423076923077 0.18509615384615385 0.038461538461538464 0.038461538461538464
0 0.4014423076923077 0.12259615384615384 0.057692307692307696 0.0625
0 0.43990384615384615 0.10096153846153846 0.052884615384615384 0.052884615384615384
0 0.4423076923076923 0.036057692307692304 0.0673076923076923 0.057692307692307696
0 0.4807692307692308 0.06610576923076923 0.052884615384615384 0.06009615384615385
0 0.4855769230769231 0.14543269230769232 0.057692307692307696 0.06009615384615385
0 0.47716346153846156 0.1141826923076923 0.03125 0.026442307692307692
0 0.5048076923076923 0.10336538461538461 0.057692307692307696 0.04807692307692308
0 0.4375 0.1622596153846154 0.04807692307692308 0.04567307692307692
0 0.4495192307692308 0.21033653846153846 0.052884615384615384 0.04567307692307692
0 0.47596153846153844 0.27163461538461536 0.04326923076923077 0.052884615384615384
0 0.5216346153846154 0.23076923076923078 0.038461538461538464 0.04326923076923077
0 0.65625 0.08173076923076923 0.052884615384615384 0.0673076923076923
0 0.6009615384615384 0.038461538461538464 0.0673076923076923 0.0625
0 0.75 0.06370192307692307 0.0625 0.04567307692307692
0 0.7019230769230769 0.026442307692307692 0.0625 0.04326923076923077
0 0.7235576923076923 0.12259615384615384 0.04326923076923077 0.04807692307692308
0 0.6682692307692307 0.11057692307692307 0.04807692307692308 0.03365384615384615
0 0.6610576923076923 0.07932692307692307 0.04326923076923077 0.052884615384615384
0 0.6923076923076923 0.2283653846153846 0.0625 0.04326923076923077
0 0.8125 0.1466346153846154 0.052884615384615384 0.038461538461538464
0 0.8461538461538461 0.06971153846153846 0.09615384615384616 0.07211538461538461
0 0.8533653846153846 0.14903846153846154 0.04807692307692308 0.03365384615384615
0 0.90625 0.1045673076923077 0.04807692307692308 0.06009615384615385
0 0.8725961538461539 0.19471153846153846 0.04326923076923077 0.052884615384615384
0 0.8269230769230769 0.1875 0.057692307692307696 0.052884615384615384
0 0.8617788461538461 0.23557692307692307 0.08413461538461539 0.04807692307692308
0 0.9074519230769231 0.21394230769230768 0.03125 0.028846153846153848
0 0.9014423076923077 0.29086538461538464 0.057692307692307696 0.052884615384615384
0 0.9471153846153846 0.24759615384615385 0.04807692307692308 0.04807692307692308
0 0.9903846153846154 0.20552884615384615 0.019230769230769232 0.055288461538461536
0 0.7764423076923077 0.35096153846153844 0.0625 0.03365384615384615
0 0.75 0.3112980769230769 0.052884615384615384 0.04567307692307692
0 0.7091346153846154 0.33653846153846156 0.0625 0.04807692307692308
0 0.7427884615384616 0.2620192307692308 0.038461538461538464 0.04326923076923077
0 0.7223557692307693 0.29086538461538464 0.026442307692307692 0.038461538461538464
0 0.6478365384615384 0.35336538461538464 0.0889423076923077 0.0673076923076923
0 0.6995192307692307 0.38221153846153844 0.038461538461538464 0.03365384615384615
0 0.71875 0.4266826923076923 0.04326923076923077 0.04567307692307692
0 0.6658653846153846 0.4170673076923077 0.0625 0.04567307692307692
0 0.6009615384615384 0.3894230769230769 0.04807692307692308 0.04807692307692308
0 0.5673076923076923 0.34615384615384615 0.052884615384615384 0.07692307692307693
0 0.5865384615384616 0.2860576923076923 0.07211538461538461 0.052884615384615384
0 0.5120192307692307 0.33413461538461536 0.04807692307692308 0.04807692307692308
0 0.4519230769230769 0.3473557692307692 0.0673076923076923 0.07932692307692307
0 0.5024038461538461 0.3942307692307692 0.0625 0.04807692307692308
0 0.5408653846153846 0.41346153846153844 0.07211538461538461 0.04326923076923077
0 0.5264423076923077 0.4495192307692308 0.04807692307692308 0.04807692307692308
0 0.5288461538461539 0.5024038461538461 0.07211538461538461 0.0625
0 0.45913461538461536 0.4735576923076923 0.057692307692307696 0.04326923076923077
0 0.46875 0.4326923076923077 0.0673076923076923 0.0673076923076923
0 0.41346153846153844 0.44711538461538464 0.052884615384615384 0.04326923076923077
0 0.3918269230769231 0.4230769230769231 0.0625 0.04326923076923077
0 0.3894230769230769 0.4831730769230769 0.04807692307692308 0.038461538461538464
0 0.34615384615384615 0.49399038461538464 0.052884615384615384 0.04567307692307692
0 0.3557692307692308 0.5360576923076923 0.052884615384615384 0.038461538461538464
0 0.5120192307692307 0.5504807692307693 0.04807692307692308 0.038461538461538464
0 0.5480769230769231 0.5721153846153846 0.04807692307692308 0.028846153846153848
0 0.5324519230769231 0.5985576923076923 0.026442307692307692 0.02403846153846154
0 0.5889423076923077 0.5673076923076923 0.057692307692307696 0.04807692307692308
0 0.5841346153846154 0.5240384615384616 0.057692307692307696 0.038461538461538464
0 0.5288461538461539 0.5048076923076923 0.0625 0.052884615384615384
0 0.6586538461538461 0.5360576923076923 0.04807692307692308 0.04807692307692308
0 0.7115384615384616 0.53125 0.04807692307692308 0.052884615384615384
0 0.6730769230769231 0.4891826923076923 0.057692307692307696 0.04567307692307692
0 0.7211538461538461 0.4855769230769231 0.038461538461538464 0.038461538461538464
0 0.7716346153846154 0.5276442307692307 0.0625 0.04567307692307692
0 0.7692307692307693 0.4795673076923077 0.057692307692307696 0.04567307692307692
0 0.8269230769230769 0.38221153846153844 0.057692307692307696 0.03365384615384615
0 0.90625 0.4411057692307692 0.0673076923076923 0.04567307692307692
0 0.9639423076923077 0.3894230769230769 0.04807692307692308 0.04807692307692308
0 0.9855769230769231 0.3605769230769231 0.028846153846153848 0.07211538461538461
0 0.9711538461538461 0.43509615384615385 0.052884615384615384 0.04807692307692308
0 0.8461538461538461 0.5673076923076923 0.0625 0.04326923076923077
0 0.8497596153846154 0.5384615384615384 0.021634615384615384 0.014423076923076924
0 0.8100961538461539 0.6081730769230769 0.0673076923076923 0.057692307692307696
0 0.8341346153846154 0.6586538461538461 0.04326923076923077 0.04807692307692308
0 0.7920673076923077 0.7319711538461539 0.03125 0.03125
0 0.8725961538461539 0.7379807692307693 0.04326923076923077 0.04807692307692308
0 0.8798076923076923 0.7019230769230769 0.038461538461538464 0.03365384615384615
0 0.9002403846153846 0.7355769230769231 0.026442307692307692 0.028846153846153848
0 0.9338942307692307 0.6177884615384616 0.03125 0.038461538461538464
0 0.9350961538461539 0.5817307692307693 0.04326923076923077 0.03365384615384615
0 0.9146634615384616 0.546875 0.03125 0.04567307692307692
0 0.9819711538461539 0.5805288461538461 0.036057692307692304 0.04567307692307692
0 0.9855769230769231 0.546875 0.028846153846153848 0.036057692307692304
0 0.9879807692307693 0.6346153846153846 0.02403846153846154 0.04807692307692308
0 0.9747596153846154 0.6382211538461539 0.05048076923076923 0.05048076923076923
0 0.9375 0.7644230769230769 0.038461538461538464 0.02403846153846154
0 0.9615384615384616 0.7403846153846154 0.04326923076923077 0.04326923076923077
0 0.9747596153846154 0.7235576923076923 0.05048076923076923 0.03365384615384615
0 0.9771634615384616 0.7680288461538461 0.04567307692307692 0.036057692307692304
0 0.9615384615384616 0.7908653846153846 0.04326923076923077 0.03365384615384615
0 0.9951923076923077 0.7980769230769231 0.009615384615384616 0.038461538461538464
0 0.9819711538461539 0.8161057692307693 0.036057692307692304 0.036057692307692304
0 0.9134615384615384 0.8798076923076923 0.0625 0.04326923076923077
0 0.8317307692307693 0.8846153846153846 0.0673076923076923 0.04326923076923077
0 0.8028846153846154 0.8966346153846154 0.052884615384615384 0.038461538461538464
0 0.7692307692307693 0.9206730769230769 0.04807692307692308 0.052884615384615384
0 0.7716346153846154 0.9735576923076923 0.052884615384615384 0.052884615384615384
0 0.8064903846153846 0.9951923076923077 0.06971153846153846 0.009615384615384616
0 0.49399038461538464 0.7548076923076923 0.07932692307692307 0.04807692307692308
0 0.40625 0.6850961538461539 0.0673076923076923 0.04807692307692308
0 0.37259615384615385 0.7115384615384616 0.0625 0.03365384615384615
0 0.41466346153846156 0.7475961538461539 0.08413461538461539 0.057692307692307696
0 0.37259615384615385 0.7884615384615384 0.052884615384615384 0.028846153846153848
0 0.34134615384615385 0.7524038461538461 0.04807692307692308 0.057692307692307696
0 0.47115384615384615 0.7884615384615384 0.0625 0.038461538461538464
0 0.5168269230769231 0.8052884615384616 0.04807692307692308 0.057692307692307696
0 0.49278846153846156 0.8569711538461539 0.052884615384615384 0.04567307692307692
0 0.45913461538461536 0.8305288461538461 0.057692307692307696 0.04567307692307692
0 0.40625 0.84375 0.0673076923076923 0.052884615384615384
0 0.43990384615384615 0.8701923076923077 0.0625 0.038461538461538464
0 0.5 0.8966346153846154 0.038461538461538464 0.03365384615384615
0 0.5264423076923077 0.9182692307692307 0.04807692307692308 0.04326923076923077
0 0.5348557692307693 0.8870192307692307 0.03125 0.03365384615384615
0 0.5745192307692307 0.8834134615384616 0.057692307692307696 0.04567307692307692
0 0.5841346153846154 0.8413461538461539 0.04807692307692308 0.038461538461538464
0 0.6274038461538461 0.8701923076923077 0.038461538461538464 0.03365384615384615
0 0.6514423076923077 0.8942307692307693 0.0625 0.038461538461538464
0 0.7067307692307693 0.9375 0.057692307692307696 0.04326923076923077
0 0.7067307692307693 0.9735576923076923 0.038461538461538464 0.02403846153846154
0 0.6586538461538461 0.9615384615384616 0.057692307692307696 0.052884615384615384
0 0.7247596153846154 0.9891826923076923 0.07932692307692307 0.021634615384615384
0 0.6466346153846154 0.9915865384615384 0.028846153846153848 0.016826923076923076
0 0.6165865384615384 0.9338942307692307 0.026442307692307692 0.036057692307692304
0 0.5745192307692307 0.9338942307692307 0.04807692307692308 0.04567307692307692
0 0.46274038461538464 0.9795673076923077 0.09375 0.040865384615384616
0 0.40384615384615385 0.9435096153846154 0.0625 0.04567307692307692
0 0.38461538461538464 0.8882211538461539 0.057692307692307696 0.06490384615384616
0 0.3389423076923077 0.8978365384615384 0.052884615384615384 0.06009615384615385
0 0.34615384615384615 0.8341346153846154 0.052884615384615384 0.057692307692307696
0 0.28365384615384615 0.7908653846153846 0.0673076923076923 0.057692307692307696
0 0.3125 0.7548076923076923 0.052884615384615384 0.0625
0 0.23076923076923078 0.8425480769230769 0.0673076923076923 0.05048076923076923
0 0.25 0.8942307692307693 0.04326923076923077 0.038461538461538464
0 0.16105769230769232 0.828125 0.052884615384615384 0.055288461538461536
0 0.1814903846153846 0.9242788461538461 0.08413461538461539 0.06009615384615385
0 0.18870192307692307 0.9723557692307693 0.06971153846153846 0.055288461538461536
0 0.10817307692307693 0.5817307692307693 0.052884615384615384 0.04807692307692308
0 0.13701923076923078 0.6129807692307693 0.0673076923076923 0.04326923076923077
0 0.1935096153846154 0.6346153846153846 0.08413461538461539 0.0625
0 0.1466346153846154 0.6586538461538461 0.04807692307692308 0.04807692307692308
0 0.10336538461538461 0.640625 0.04326923076923077 0.06009615384615385
0 0.11057692307692307 0.7151442307692307 0.04807692307692308 0.06490384615384616
0 0.16346153846153846 0.7127403846153846 0.0673076923076923 0.06009615384615385
0 0.23076923076923078 0.6923076923076923 0.057692307692307696 0.04326923076923077
0 0.24278846153846154 0.6538461538461539 0.04807692307692308 0.03365384615384615
0 0.2764423076923077 0.6706730769230769 0.04326923076923077 0.052884615384615384
0 0.24278846153846154 0.7319711538461539 0.04807692307692308 0.04567307692307692
0 0.19230769230769232 0.7680288461538461 0.07211538461538461 0.06009615384615385
