0 0.8894230769230769 0.9302884615384616 0.21634615384615385 0.13942307692307693
0 0.6658653846153846 0.9302884615384616 0.2932692307692308 0.13942307692307693
0 0.8617788461538461 0.7788461538461539 0.27163461538461536 0.2403846153846154
0 0.9495192307692307 0.7632211538461539 0.09615384615384616 0.13701923076923078
0 0.5300480769230769 0.7608173076923077 0.36778846153846156 0.2764423076923077
0 0.546875 0.6105769230769231 0.44471153846153844 0.19230769230769232
0 0.9134615384615384 0.5540865384615384 0.16826923076923078 0.21875
0 0.828125 0.609375 0.19471153846153846 0.12740384615384615
0 0.1778846153846154 0.7824519230769231 0.35096153846153844 0.2668269230769231
0 0.3269230769230769 0.9266826923076923 0.42788461538461536 0.1466346153846154
0 0.06610576923076923 0.9278846153846154 0.12740384615384615 0.14423076923076922
0 0.19951923076923078 0.6237980769230769 0.2932692307692308 0.11778846153846154
0 0.17548076923076922 0.5492788461538461 0.34615384615384615 0.18028846153846154
0 0.5865384615384616 0.4543269230769231 0.46634615384615385 0.22596153846153846
0 0.8978365384615384 0.3629807692307692 0.19951923076923078 0.1875
0 0.46634615384615385 0.38461538461538464 0.35096153846153844 0.16346153846153846
0 0.7139423076923077 0.3233173076923077 0.34615384615384615 0.13221153846153846
0 0.8894230769230769 0.2127403846153846 0.21634615384615385 0.14182692307692307
0 0.7259615384615384 0.2127403846153846 0.1778846153846154 0.0889423076923077
0 0.3581730769230769 0.2644230769230769 0.3317307692307692 0.09615384615384616
0 0.10216346153846154 0.29927884615384615 0.19951923076923078 0.15625
0 0.03365384615384615 0.42427884615384615 0.0625 0.10336538461538461
0 0.21394230769230768 0.39663461538461536 0.28846153846153844 0.15384615384615385
0 0.41225961538461536 0.17307692307692307 0.30528846153846156 0.13942307692307693
0 0.6586538461538461 0.11298076923076923 0.32211538461538464 0.11057692307692307
0 0.8942307692307693 0.08052884615384616 0.20673076923076922 0.11778846153846154
0 0.5973557692307693 0.20552884615384615 0.13221153846153846 0.12259615384615384
0 0.28966346153846156 0.07932692307692307 0.30528846153846156 0.15384615384615385
0 0.0829326923076923 0.1502403846153846 0.16105769230769232 0.10336538461538461
0 0.13822115384615385 0.19110576923076922 0.18509615384615385 0.05048076923076923
0 0.07211538461538461 0.046875 0.13942307692307693 0.0889423076923077
0 0.5552884615384616 0.027644230769230768 0.20673076923076922 0.05048076923076923
0 0.7331730769230769 0.030048076923076924 0.15384615384615385 0.055288461538461536
