0 0.8894230769230769 0.7307692307692307 0.22115384615384615 0.33653846153846156
0 0.8990384615384616 0.5769230769230769 0.0673076923076923 0.08173076923076923
0 0.8245192307692307 0.5360576923076923 0.09134615384615384 0.16346153846153846
0 0.9122596153846154 0.39663461538461536 0.10817307692307693 0.19230769230769232
0 0.8774038461538461 0.2800480769230769 0.11057692307692307 0.17067307692307693
0 0.7776442307692307 0.234375 0.12740384615384615 0.17548076923076922
0 0.8197115384615384 0.3762019230769231 0.1201923076923077 0.17548076923076922
0 0.7127403846153846 0.41586538461538464 0.10817307692307693 0.1875
0 0.71875 0.5192307692307693 0.1346153846153846 0.14423076923076922
0 0.6201923076923077 0.40865384615384615 0.07692307692307693 0.14423076923076922
0 0.6418269230769231 0.24759615384615385 0.15865384615384615 0.22596153846153846
0 0.5504807692307693 0.34375 0.11538461538461539 0.22115384615384615
0 0.6742788461538461 0.7788461538461539 0.34375 0.3942307692307692
0 0.6105769230769231 0.8966346153846154 0.2403846153846154 0.20673076923076922
0 0.27884615384615385 0.8737980769230769 0.14423076923076922 0.13701923076923078
0 0.4206730769230769 0.8557692307692307 0.14423076923076922 0.16346153846153846
0 0.3713942307692308 0.9483173076923077 0.12259615384615384 0.055288461538461536
0 0.24278846153846154 0.9182692307692307 0.11057692307692307 0.10576923076923077
0 0.16826923076923078 0.7884615384615384 0.10576923076923077 0.11057692307692307
0 0.26802884615384615 0.7644230769230769 0.12259615384615384 0.07211538461538461
0 0.13822115384615385 0.6658653846153846 0.27163461538461536 0.15865384615384615
0 0.22115384615384615 0.7019230769230769 0.3942307692307692 0.35096153846153844
0 0.22716346153846154 0.6394230769230769 0.37740384615384615 0.3942307692307692
0 0.3004807692307692 0.6478365384615384 0.38461538461538464 0.5552884615384616
0 0.4206730769230769 0.7091346153846154 0.11538461538461539 0.125
0 0.4891826923076923 0.7163461538461539 0.10817307692307693 0.14423076923076922
0 0.43028846153846156 0.5504807692307693 0.25961538461538464 0.20192307692307693
0 0.49759615384615385 0.5504807692307693 0.2644230769230769 0.10576923076923077
0 0.2548076923076923 0.4326923076923077 0.09134615384615384 0.15384615384615385
0 0.20432692307692307 0.3629807692307692 0.07692307692307693 0.10576923076923077
0 0.27403846153846156 0.2920673076923077 0.0673076923076923 0.13701923076923078
0 0.3389423076923077 0.30288461538461536 0.07211538461538461 0.11538461538461539
0 0.3605769230769231 0.21394230769230768 0.10096153846153846 0.11538461538461539
0 0.40865384615384615 0.3293269230769231 0.14423076923076922 0.33653846153846156
0 0.5012019230769231 0.34975961538461536 0.15625 0.40625
0 0.5 0.23557692307692307 0.07211538461538461 0.08173076923076923
0 0.5096153846153846 0.1778846153846154 0.09615384615384616 0.07692307692307693
0 0.59375 0.5108173076923077 0.04326923076923077 0.06009615384615385
