0 0.23557692307692307 0.4326923076923077 0.2548076923076923 0.3317307692307692
0 0.28365384615384615 0.7055288461538461 0.3557692307692308 0.2668269230769231
0 0.2283653846153846 0.8846153846153846 0.24519230769230768 0.23076923076923078
0 0.5360576923076923 0.8341346153846154 0.6201923076923077 0.3317307692307692
0 0.4855769230769231 0.7331730769230769 0.2548076923076923 0.1346153846153846
0 0.4543269230769231 0.5552884615384616 0.2644230769230769 0.21153846153846154
0 0.20072115384615385 0.12740384615384615 0.19951923076923078 0.24519230769230768
0 0.2091346153846154 0.22115384615384615 0.07692307692307693 0.07692307692307693
0 0.13221153846153846 0.23317307692307693 0.0625 0.04807692307692308
0 0.2776442307692308 0.2764423076923077 0.0889423076923077 0.07211538461538461
0 0.4326923076923077 0.0625 0.28846153846153844 0.11538461538461539
0 0.390625 0.19230769230769232 0.3485576923076923 0.3173076923076923
0 0.6069711538461539 0.08774038461538461 0.2956730769230769 0.1658653846153846
0 0.7427884615384616 0.10576923076923077 0.36538461538461536 0.20673076923076922
0 0.42427884615384615 0.20793269230769232 0.39663461538461536 0.40625
0 0.8762019230769231 0.12379807692307693 0.24759615384615385 0.23798076923076922
0 0.9483173076923077 0.33533653846153844 0.10336538461538461 0.17067307692307693
0 0.8545673076923077 0.44471153846153844 0.29086538461538464 0.17307692307692307
0 0.8894230769230769 0.5637019230769231 0.22115384615384615 0.15144230769230768
0 0.7848557692307693 0.6682692307692307 0.28125 0.18269230769230768
0 0.828125 0.859375 0.21394230769230768 0.21875
0 0.6394230769230769 0.6225961538461539 0.2692307692307692 0.3173076923076923
0 0.8834134615384616 0.9735576923076923 0.23317307692307693 0.052884615384615384
0 0.9483173076923077 0.8978365384615384 0.10336538461538461 0.20432692307692307
0 0.9459134615384616 0.7175480769230769 0.10817307692307693 0.19951923076923078
0 0.41346153846153844 0.3942307692307692 0.10576923076923077 0.08173076923076923
0 0.46153846153846156 0.44471153846153844 0.08173076923076923 0.0673076923076923
0 0.5240384615384616 0.4014423076923077 0.10576923076923077 0.07211538461538461
0 0.5637019230769231 0.4375 0.0985576923076923 0.0625
0 0.47115384615384615 0.33533653846153844 0.10576923076923077 0.08413461538461539
0 0.5721153846153846 0.2956730769230769 0.11057692307692307 0.07211538461538461
0 0.5949519230769231 0.35336538461538464 0.0889423076923077 0.0673076923076923
0 0.6298076923076923 0.4014423076923077 0.07692307692307693 0.057692307692307696
0 0.5372596153846154 0.2692307692307692 0.0889423076923077 0.057692307692307696
0 0.625 0.23076923076923078 0.0673076923076923 0.03365384615384615
0 0.6622596153846154 0.2692307692307692 0.0985576923076923 0.08173076923076923
0 0.6947115384615384 0.34134615384615385 0.11538461538461539 0.07211538461538461
0 0.7115384615384616 0.39663461538461536 0.08173076923076923 0.0625
0 0.7944711538461539 0.39663461538461536 0.09375 0.0625
0 0.8052884615384616 0.3389423076923077 0.10576923076923077 0.0673076923076923
0 0.8641826923076923 0.34375 0.036057692307692304 0.052884615384615384
0 0.8846153846153846 0.31971153846153844 0.07692307692307693 0.0673076923076923
0 0.8401442307692307 0.2692307692307692 0.0985576923076923 0.08653846153846154
0 0.7608173076923077 0.24278846153846154 0.0889423076923077 0.07692307692307693
0 0.8221153846153846 0.20673076923076922 0.07692307692307693 0.057692307692307696
0 0.734375 0.1875 0.0889423076923077 0.08173076923076923
0 0.9591346153846154 0.13822115384615385 0.0673076923076923 0.06490384615384616
0 0.9567307692307693 0.20192307692307693 0.04326923076923077 0.052884615384615384
0 0.8990384615384616 0.22355769230769232 0.0625 0.0673076923076923
0 0.5492788461538461 0.5024038461538461 0.9014423076923077 0.9951923076923077
