0 0.2956730769230769 0.27163461538461536 0.36538461538461536 0.5336538461538461
0 0.3269230769230769 0.42788461538461536 0.1346153846153846 0.30288461538461536
0 0.43028846153846156 0.09134615384615384 0.04807692307692308 0.07211538461538461
0 0.6778846153846154 0.25961538461538464 0.3269230769230769 0.5096153846153846
0 0.6754807692307693 0.5204326923076923 0.1346153846153846 0.2620192307692308
0 0.5865384615384616 0.640625 0.15384615384615385 0.2860576923076923
0 0.44711538461538464 0.6346153846153846 0.19230769230769232 0.25
0 0.3329326923076923 0.7668269230769231 0.40625 0.4567307692307692
0 0.6754807692307693 0.7716346153846154 0.34134615384615385 0.4519230769230769
0 0.5384615384615384 0.17067307692307693 0.028846153846153848 0.04807692307692308
0 0.4831730769230769 0.27283653846153844 0.038461538461538464 0.06490384615384616
0 0.45913461538461536 0.3137019230769231 0.009615384615384616 0.036057692307692304
0 0.53125 0.3545673076923077 0.028846153846153848 0.06009615384615385
0 0.5072115384615384 0.41947115384615385 0.019230769230769232 0.06009615384615385
0 0.5480769230769231 0.4483173076923077 0.028846153846153848 0.06009615384615385
0 0.5841346153846154 0.43990384615384615 0.02403846153846154 0.04326923076923077
0 0.5853365384615384 0.39903846153846156 0.026442307692307692 0.052884615384615384
0 0.6045673076923077 0.3473557692307692 0.016826923076923076 0.036057692307692304
0 0.5048076923076923 0.3389423076923077 0.21634615384615385 0.375
