0 0.34375 0.8605769230769231 0.4182692307692308 0.27403846153846156
0 0.1658653846153846 0.75 0.3173076923076923 0.47596153846153844
0 0.15865384615384615 0.8581730769230769 0.30288461538461536 0.27884615384615385
0 0.421875 0.6466346153846154 0.30528846153846156 0.3076923076923077
0 0.33413461538461536 0.5817307692307693 0.057692307692307696 0.0673076923076923
0 0.4495192307692308 0.43509615384615385 0.24519230769230768 0.28365384615384615
0 0.3473557692307692 0.40625 0.24759615384615385 0.3173076923076923
0 0.11778846153846154 0.5300480769230769 0.22115384615384615 0.18028846153846154
0 0.08052884615384616 0.6887019230769231 0.1466346153846154 0.1466346153846154
0 0.11658653846153846 0.38461538461538464 0.21875 0.15384615384615385
0 0.22956730769230768 0.29927884615384615 0.30528846153846156 0.25240384615384615
0 0.06009615384615385 0.1622596153846154 0.11057692307692307 0.31490384615384615
0 0.2548076923076923 0.11298076923076923 0.28365384615384615 0.1971153846153846
0 0.1971153846153846 0.038461538461538464 0.1346153846153846 0.07211538461538461
0 0.12259615384615384 0.04447115384615385 0.08173076923076923 0.07932692307692307
0 0.375 0.0985576923076923 0.1875 0.19230769230769232
0 0.4963942307692308 0.0673076923076923 0.18990384615384615 0.125
0 0.6045673076923077 0.20673076923076922 0.19951923076923078 0.28846153846153844
0 0.6298076923076923 0.7163461538461539 0.16346153846153846 0.5625
0 0.6911057692307693 0.765625 0.31971153846153844 0.4639423076923077
0 0.7980769230769231 0.6862980769230769 0.28846153846153844 0.6225961538461539
0 0.8509615384615384 0.5324519230769231 0.2403846153846154 0.21875
0 0.9350961538461539 0.7259615384615384 0.11538461538461539 0.27884615384615385
0 0.9098557692307693 0.7367788461538461 0.18028846153846154 0.23798076923076922
0 0.96875 0.90625 0.0673076923076923 0.15865384615384615
0 0.9831730769230769 0.5564903846153846 0.038461538461538464 0.18028846153846154
0 0.8497596153846154 0.31009615384615385 0.29086538461538464 0.3076923076923077
0 0.9975961538461539 0.3858173076923077 0.004807692307692308 0.17548076923076922
0 0.7824519230769231 0.1814903846153846 0.17067307692307693 0.21394230769230768
0 0.8461538461538461 0.06850961538461539 0.15865384615384615 0.13221153846153846
0 0.6875 0.07211538461538461 0.1875 0.1346153846153846
0 0.9627403846153846 0.06129807692307692 0.07451923076923077 0.11778846153846154
0 0.9423076923076923 0.18990384615384615 0.11538461538461539 0.1778846153846154
0 0.5012019230769231 0.5024038461538461 0.9975961538461539 0.9951923076923077
