0 0.8930288461538461 0.7463942307692307 0.21394230769230768 0.43990384615384615
0 0.9735576923076923 0.9507211538461539 0.052884615384615384 0.0889423076923077
0 0.8052884615384616 0.9314903846153846 0.23076923076923078 0.13221153846153846
0 0.7836538461538461 0.3798076923076923 0.27403846153846156 0.47596153846153844
0 0.9507211538461539 0.3401442307692308 0.0985576923076923 0.3870192307692308
0 0.8810096153846154 0.11057692307692307 0.23798076923076922 0.21634615384615385
0 0.6358173076923077 0.1045673076923077 0.2668269230769231 0.20432692307692307
0 0.3894230769230769 0.13221153846153846 0.2403846153846154 0.25961538461538464
0 0.1502403846153846 0.14182692307692307 0.25240384615384615 0.27884615384615385
0 0.036057692307692304 0.14182692307692307 0.0673076923076923 0.27884615384615385
0 0.08774038461538461 0.43990384615384615 0.17067307692307693 0.42788461538461536
0 0.28125 0.4362980769230769 0.2403846153846154 0.43509615384615385
0 0.5288461538461539 0.39663461538461536 0.2403846153846154 0.42788461538461536
0 0.6730769230769231 0.7680288461538461 0.24519230769230768 0.43509615384615385
0 0.5456730769230769 0.9314903846153846 0.1778846153846154 0.13221153846153846
0 0.43028846153846156 0.7487980769230769 0.23076923076923078 0.44471153846153844
0 0.3233173076923077 0.9435096153846154 0.17548076923076922 0.10817307692307693
0 0.18389423076923078 0.7800480769230769 0.25721153846153844 0.43509615384615385
0 0.06971153846153846 0.9435096153846154 0.1346153846153846 0.10817307692307693
0 0.037259615384615384 0.7860576923076923 0.06971153846153846 0.30288461538461536
