0 0.4110576923076923 0.5600961538461539 0.6009615384615384 0.6009615384615384
0 0.921875 0.4723557692307692 0.15625 0.38221153846153844
0 0.5132211538461539 0.16706730769230768 0.59375 0.3293269230769231
0 0.04807692307692308 0.3389423076923077 0.09134615384615384 0.3317307692307692
0 0.9002403846153846 0.8581730769230769 0.0889423076923077 0.125
0 0.9591346153846154 0.7836538461538461 0.08173076923076923 0.11057692307692307
0 0.9783653846153846 0.7115384615384616 0.04326923076923077 0.08173076923076923
0 0.9615384615384616 0.9459134615384616 0.07692307692307693 0.10336538461538461
0 0.8353365384615384 0.828125 0.0889423076923077 0.0985576923076923
0 0.78125 0.7944711538461539 0.057692307692307696 0.06490384615384616
0 0.7319711538461539 0.8389423076923077 0.0985576923076923 0.07692307692307693
0 0.8786057692307693 0.9459134615384616 0.07451923076923077 0.10336538461538461
0 0.7944711538461539 0.9399038461538461 0.0985576923076923 0.11538461538461539
0 0.7259615384615384 0.9459134615384616 0.10096153846153846 0.10336538461538461
0 0.6382211538461539 0.9338942307692307 0.10817307692307693 0.12740384615384615
0 0.5360576923076923 0.9014423076923077 0.07692307692307693 0.11538461538461539
0 0.47475961538461536 0.8305288461538461 0.10336538461538461 0.12740384615384615
0 0.453125 0.9459134615384616 0.12259615384615384 0.10336538461538461
0 0.7728365384615384 0.6658653846153846 0.11298076923076923 0.14903846153846154
0 0.7019230769230769 0.7596153846153846 0.057692307692307696 0.09134615384615384
0 0.8245192307692307 0.5625 0.04326923076923077 0.08173076923076923
0 0.9495192307692307 0.5228365384615384 0.052884615384615384 0.14182692307692307
0 0.9891826923076923 0.4855769230769231 0.021634615384615384 0.09134615384615384
0 0.7608173076923077 0.5084134615384616 0.04567307692307692 0.09375
0 0.6862980769230769 0.5540865384615384 0.05048076923076923 0.0985576923076923
0 0.11899038461538461 0.6742788461538461 0.06490384615384616 0.0889423076923077
0 0.020432692307692308 0.765625 0.036057692307692304 0.06009615384615385
0 0.04447115384615385 0.8425480769230769 0.08413461538461539 0.10336538461538461
0 0.07091346153846154 0.9290865384615384 0.10336538461538461 0.13701923076923078
0 0.16947115384615385 0.9399038461538461 0.07451923076923077 0.11538461538461539
0 0.23197115384615385 0.8557692307692307 0.07451923076923077 0.1201923076923077
0 0.24759615384615385 0.9290865384615384 0.07692307692307693 0.13701923076923078
0 0.3293269230769231 0.8557692307692307 0.11057692307692307 0.07692307692307693
0 0.13701923076923078 0.8028846153846154 0.08653846153846154 0.08173076923076923
0 0.1201923076923077 0.7728365384615384 0.0673076923076923 0.0985576923076923
0 0.03125 0.3161057692307692 0.057692307692307696 0.11298076923076923
0 0.06850961538461539 0.38822115384615385 0.05048076923076923 0.06971153846153846
0 0.8701923076923077 0.16947115384615385 0.23076923076923078 0.33413461538461536
0 0.9891826923076923 0.328125 0.016826923076923076 0.06009615384615385
0 0.9639423076923077 0.375 0.04807692307692308 0.07692307692307693
0 0.9891826923076923 0.40625 0.016826923076923076 0.0673076923076923
0 0.9639423076923077 0.4230769230769231 0.04326923076923077 0.052884615384615384
0 0.9206730769230769 0.38221153846153844 0.038461538461538464 0.04807692307692308
0 0.921875 0.43509615384615385 0.036057692307692304 0.04326923076923077
0 0.8870192307692307 0.41225961538461536 0.028846153846153848 0.055288461538461536
0 0.8774038461538461 0.4951923076923077 0.04807692307692308 0.1201923076923077
0 0.90625 0.515625 0.038461538461538464 0.10817307692307693
0 0.7475961538461539 0.4206730769230769 0.04326923076923077 0.08173076923076923
0 0.6802884615384616 0.44350961538461536 0.03365384615384615 0.06009615384615385
0 0.6358173076923077 0.359375 0.06490384615384616 0.0985576923076923
0 0.5228365384615384 0.46153846153846156 0.07451923076923077 0.12980769230769232
0 0.5853365384615384 0.4831730769230769 0.05048076923076923 0.11057692307692307
0 0.609375 0.5817307692307693 0.07932692307692307 0.1201923076923077
0 0.6286057692307693 0.671875 0.06490384615384616 0.10336538461538461
0 0.5793269230769231 0.6935096153846154 0.0673076923076923 0.11298076923076923
0 0.5204326923076923 0.7295673076923077 0.04567307692307692 0.06490384615384616
0 0.5168269230769231 0.6610576923076923 0.0625 0.09134615384615384
0 0.5228365384615384 0.5757211538461539 0.10336538461538461 0.10817307692307693
0 0.4639423076923077 0.5324519230769231 0.057692307692307696 0.14182692307692307
0 0.47475961538461536 0.4098557692307692 0.07451923076923077 0.11298076923076923
0 0.5348557692307693 0.38341346153846156 0.040865384615384616 0.06009615384615385
0 0.46634615384615385 0.328125 0.0625 0.06971153846153846
0 0.42788461538461536 0.29086538461538464 0.04326923076923077 0.038461538461538464
0 0.3713942307692308 0.2764423076923077 0.05048076923076923 0.04326923076923077
0 0.35096153846153844 0.31490384615384615 0.07692307692307693 0.07692307692307693
0 0.30649038461538464 0.34975961538461536 0.055288461538461536 0.11298076923076923
0 0.25721153846153844 0.34615384615384615 0.07211538461538461 0.08653846153846154
0 0.27283653846153844 0.4338942307692308 0.06490384615384616 0.0889423076923077
0 0.34975961538461536 0.46153846153846156 0.08413461538461539 0.11057692307692307
0 0.4110576923076923 0.5132211538461539 0.057692307692307696 0.11298076923076923
0 0.41225961538461536 0.6598557692307693 0.0985576923076923 0.14182692307692307
0 0.46875 0.6550480769230769 0.04326923076923077 0.10336538461538461
0 0.4074519230769231 0.7536057692307693 0.08413461538461539 0.09375
0 0.328125 0.6766826923076923 0.11298076923076923 0.17067307692307693
0 0.3581730769230769 0.5805288461538461 0.08173076923076923 0.13701923076923078
0 0.2956730769230769 0.5408653846153846 0.0673076923076923 0.125
0 0.25 0.6802884615384616 0.08173076923076923 0.12980769230769232
0 0.296875 0.7536057692307693 0.06490384615384616 0.06009615384615385
0 0.22355769230769232 0.5841346153846154 0.09134615384615384 0.11538461538461539
0 0.23197115384615385 0.46033653846153844 0.07451923076923077 0.13701923076923078
0 0.23317307692307693 0.49399038461538464 0.0673076923076923 0.0889423076923077
0 0.16826923076923078 0.6033653846153846 0.019230769230769232 0.07692307692307693
0 0.140625 0.45913461538461536 0.10817307692307693 0.21153846153846154
0 0.1875 0.32211538461538464 0.20673076923076922 0.125
0 0.046875 0.5612980769230769 0.0889423076923077 0.19951923076923078
0 0.08774038461538461 0.18870192307692307 0.17067307692307693 0.0889423076923077
