0 0.22355769230769232 0.021634615384615384 0.3798076923076923 0.03365384615384615
0 0.056490384615384616 0.08052884615384616 0.09375 0.15144230769230768
0 0.3004807692307692 0.11538461538461539 0.40865384615384615 0.15865384615384615
0 0.5817307692307693 0.057692307692307696 0.32211538461538464 0.10096153846153846
0 0.546875 0.1141826923076923 0.07932692307692307 0.036057692307692304
0 0.9507211538461539 0.078125 0.0985576923076923 0.1466346153846154
0 0.6875 0.17548076923076922 0.3317307692307692 0.13942307692307693
0 0.4495192307692308 0.21995192307692307 0.3173076923076923 0.13221153846153846
0 0.1658653846153846 0.23076923076923078 0.3076923076923077 0.13942307692307693
0 0.20432692307692307 0.3269230769230769 0.28846153846153844 0.10096153846153846
0 0.5 0.28846153846153844 0.28846153846153844 0.11057692307692307
0 0.7572115384615384 0.3293269230769231 0.3317307692307692 0.14423076923076922
0 0.5504807692307693 0.40865384615384615 0.30288461538461536 0.1201923076923077
0 0.3088942307692308 0.37740384615384615 0.22355769230769232 0.10096153846153846
0 0.8197115384615384 0.42788461538461536 0.25 0.11057692307692307
0 0.6298076923076923 0.4807692307692308 0.1875 0.04807692307692308
0 0.40625 0.4567307692307692 0.17307692307692307 0.0625
0 0.7163461538461539 0.5108173076923077 0.47596153846153844 0.17067307692307693
0 0.5180288461538461 0.5276442307692307 0.1658653846153846 0.07451923076923077
0 0.7379807692307693 0.5576923076923077 0.40384615384615385 0.19230769230769232
0 0.7764423076923077 0.6057692307692307 0.3942307692307692 0.1778846153846154
0 0.8076923076923077 0.6514423076923077 0.34615384615384615 0.1778846153846154
0 0.9651442307692307 0.8389423076923077 0.06971153846153846 0.22596153846153846
0 0.9122596153846154 0.7800480769230769 0.10817307692307693 0.24278846153846154
0 0.8293269230769231 0.7668269230769231 0.07211538461538461 0.16826923076923078
0 0.7680288461538461 0.75 0.05048076923076923 0.07211538461538461
0 0.8413461538461539 0.9663461538461539 0.11057692307692307 0.0673076923076923
0 0.7487980769230769 0.9747596153846154 0.09375 0.040865384615384616
0 0.6838942307692307 0.9723557692307693 0.07932692307692307 0.036057692307692304
0 0.6875 0.9362980769230769 0.23076923076923078 0.040865384615384616
0 0.6322115384615384 0.9050480769230769 0.27884615384615385 0.03125
0 0.6117788461538461 0.8665865384615384 0.22355769230769232 0.036057692307692304
0 0.6189903846153846 0.8353365384615384 0.12259615384615384 0.036057692307692304
0 0.4423076923076923 0.8641826923076923 0.20192307692307693 0.06490384615384616
0 0.5288461538461539 0.8161057692307693 0.21634615384615385 0.036057692307692304
0 0.4639423076923077 0.7932692307692307 0.1875 0.04807692307692308
0 0.48197115384615385 0.7524038461538461 0.13701923076923078 0.04326923076923077
0 0.3737980769230769 0.7019230769230769 0.18028846153846154 0.09615384615384616
0 0.23677884615384615 0.71875 0.18028846153846154 0.11538461538461539
0 0.3233173076923077 0.8028846153846154 0.2091346153846154 0.08653846153846154
0 0.23317307692307693 0.6165865384615384 0.17307692307692307 0.07932692307692307
0 0.11057692307692307 0.6346153846153846 0.1875 0.08653846153846154
0 0.0889423076923077 0.6899038461538461 0.15865384615384615 0.11057692307692307
0 0.052884615384615384 0.5865384615384616 0.08653846153846154 0.03365384615384615
0 0.13942307692307693 0.5600961538461539 0.11538461538461539 0.04807692307692308
0 0.056490384615384616 0.5132211538461539 0.09375 0.06009615384615385
0 0.27283653846153844 0.9182692307692307 0.12259615384615384 0.0673076923076923
0 0.37740384615384615 0.9555288461538461 0.1875 0.06971153846153846
0 0.21634615384615385 0.9759615384615384 0.18269230769230768 0.04807692307692308
0 0.14302884615384615 0.9435096153846154 0.1658653846153846 0.06971153846153846
0 0.07211538461538461 0.9831730769230769 0.125 0.03365384615384615
0 0.3293269230769231 0.9915865384615384 0.0673076923076923 0.016826923076923076
0 0.41947115384615385 0.9855769230769231 0.0889423076923077 0.028846153846153848
0 0.11057692307692307 0.8677884615384616 0.20192307692307693 0.10576923076923077
0 0.04567307692307692 0.8052884615384616 0.07211538461538461 0.08173076923076923
0 0.15384615384615385 0.9182692307692307 0.28846153846153844 0.11057692307692307
