0 0.04326923076923077 0.0889423076923077 0.04326923076923077 0.07211538461538461
0 0.10576923076923077 0.07451923076923077 0.04807692307692308 0.07692307692307693
0 0.1045673076923077 0.15144230769230768 0.05048076923076923 0.07692307692307693
0 0.06490384615384616 0.11538461538461539 0.04326923076923077 0.04807692307692308
0 0.04927884615384615 0.17908653846153846 0.06490384615384616 0.0985576923076923
0 0.020432692307692308 0.12860576923076922 0.026442307692307692 0.0985576923076923
0 0.09735576923076923 0.20072115384615385 0.06490384615384616 0.055288461538461536
0 0.09375 0.265625 0.07211538461538461 0.0985576923076923
0 0.02403846153846154 0.21634615384615385 0.03365384615384615 0.04326923076923077
0 0.04567307692307692 0.23317307692307693 0.03365384615384615 0.03365384615384615
0 0.027644230769230768 0.28365384615384615 0.040865384615384616 0.08653846153846154
0 0.020432692307692308 0.35697115384615385 0.026442307692307692 0.09375
0 0.07091346153846154 0.3269230769230769 0.06490384615384616 0.04326923076923077
0 0.06971153846153846 0.3786057692307692 0.07692307692307693 0.06009615384615385
0 0.0673076923076923 0.4423076923076923 0.07692307692307693 0.1201923076923077
0 0.016826923076923076 0.4579326923076923 0.019230769230769232 0.0985576923076923
0 0.05048076923076923 0.5504807692307693 0.08653846153846154 0.11538461538461539
0 0.018028846153846152 0.6177884615384616 0.021634615384615384 0.07692307692307693
0 0.042067307692307696 0.7043269230769231 0.06971153846153846 0.11538461538461539
0 0.025240384615384616 0.7800480769230769 0.036057692307692304 0.09375
0 0.036057692307692304 0.8798076923076923 0.057692307692307696 0.125
0 0.036057692307692304 0.9615384615384616 0.057692307692307696 0.07211538461538461
0 0.10817307692307693 0.9699519230769231 0.08653846153846154 0.055288461538461536
0 0.125 0.8822115384615384 0.10576923076923077 0.14423076923076922
0 0.08173076923076923 0.7740384615384616 0.07692307692307693 0.11538461538461539
0 0.1466346153846154 0.8040865384615384 0.04807692307692308 0.055288461538461536
0 0.20432692307692307 0.9483173076923077 0.07692307692307693 0.0985576923076923
0 0.22596153846153846 0.8389423076923077 0.09134615384615384 0.15384615384615385
0 0.2848557692307692 0.8966346153846154 0.07932692307692307 0.125
0 0.30288461538461536 0.9639423076923077 0.07211538461538461 0.0673076923076923
0 0.3557692307692308 0.9182692307692307 0.07692307692307693 0.14903846153846154
0 0.41586538461538464 0.9675480769230769 0.08173076923076923 0.06009615384615385
0 0.3942307692307692 0.8653846153846154 0.0625 0.14423076923076922
0 0.33413461538461536 0.7860576923076923 0.07211538461538461 0.125
0 0.3016826923076923 0.7259615384615384 0.06971153846153846 0.11538461538461539
0 0.23677884615384615 0.7211538461538461 0.06490384615384616 0.11538461538461539
0 0.17427884615384615 0.7427884615384616 0.055288461538461536 0.125
0 0.11538461538461539 0.7307692307692307 0.07211538461538461 0.11538461538461539
0 0.08533653846153846 0.6274038461538461 0.07932692307692307 0.125
0 0.16346153846153846 0.6346153846153846 0.0625 0.08653846153846154
0 0.375 0.7524038461538461 0.057692307692307696 0.08173076923076923
0 0.45072115384615385 0.7668269230769231 0.09375 0.14423076923076922
0 0.41466346153846156 0.6935096153846154 0.07932692307692307 0.13701923076923078
0 0.3557692307692308 0.6514423076923077 0.0625 0.11057692307692307
0 0.2980769230769231 0.5661057692307693 0.0673076923076923 0.13701923076923078
0 0.25841346153846156 0.6069711538461539 0.08413461538461539 0.13221153846153846
0 0.2091346153846154 0.5612980769230769 0.07211538461538461 0.09375
0 0.13942307692307693 0.5360576923076923 0.057692307692307696 0.1201923076923077
0 0.359375 0.5432692307692307 0.07932692307692307 0.11538461538461539
0 0.41586538461538464 0.5817307692307693 0.07692307692307693 0.11538461538461539
0 0.49278846153846156 0.6129807692307693 0.07692307692307693 0.11057692307692307
0 0.45913461538461536 0.46274038461538464 0.0625 0.09375
0 0.39903846153846156 0.46634615384615385 0.07211538461538461 0.10576923076923077
0 0.3233173076923077 0.4699519230769231 0.06490384615384616 0.0985576923076923
0 0.3088942307692308 0.4098557692307692 0.08413461538461539 0.0985576923076923
0 0.2548076923076923 0.4699519230769231 0.057692307692307696 0.0985576923076923
0 0.2403846153846154 0.39903846153846156 0.0625 0.0673076923076923
0 0.18990384615384615 0.453125 0.07211538461538461 0.12259615384615384
0 0.12980769230769232 0.41586538461538464 0.057692307692307696 0.0673076923076923
0 0.13221153846153846 0.3581730769230769 0.038461538461538464 0.08173076923076923
0 0.18629807692307693 0.3581730769230769 0.06490384615384616 0.07211538461538461
0 0.40384615384615385 0.38461538461538464 0.07211538461538461 0.07211538461538461
0 0.4543269230769231 0.39663461538461536 0.04326923076923077 0.07211538461538461
0 0.4543269230769231 0.34134615384615385 0.07211538461538461 0.08173076923076923
0 0.4266826923076923 0.2644230769230769 0.040865384615384616 0.10576923076923077
0 0.1622596153846154 0.21634615384615385 0.05048076923076923 0.08653846153846154
0 0.16105769230769232 0.28846153846153844 0.04807692307692308 0.07692307692307693
0 0.18389423076923078 0.3557692307692308 0.05048076923076923 0.0673076923076923
0 0.4699519230769231 0.26322115384615385 0.055288461538461536 0.09375
0 0.44591346153846156 0.18509615384615385 0.06490384615384616 0.0673076923076923
0 0.38461538461538464 0.13221153846153846 0.0625 0.08173076923076923
0 0.32211538461538464 0.11538461538461539 0.052884615384615384 0.08173076923076923
0 0.25240384615384615 0.11177884615384616 0.07211538461538461 0.055288461538461536
0 0.2668269230769231 0.08653846153846154 0.04326923076923077 0.03365384615384615
0 0.29927884615384615 0.054086538461538464 0.06490384615384616 0.06009615384615385
0 0.3701923076923077 0.07091346153846154 0.07211538461538461 0.06009615384615385
0 0.421875 0.10096153846153846 0.07932692307692307 0.08653846153846154
0 0.46634615384615385 0.1346153846153846 0.038461538461538464 0.0673076923076923
0 0.5949519230769231 0.04567307692307692 0.07451923076923077 0.08173076923076923
0 0.625 0.07692307692307693 0.0625 0.08173076923076923
0 0.6586538461538461 0.05889423076923077 0.03365384615384615 0.055288461538461536
0 0.7043269230769231 0.06129807692307692 0.057692307692307696 0.06009615384615385
0 0.7247596153846154 0.13221153846153846 0.06490384615384616 0.10576923076923077
0 0.7548076923076923 0.042067307692307696 0.0625 0.07451923076923077
0 0.7884615384615384 0.052884615384615384 0.0673076923076923 0.07692307692307693
0 0.7836538461538461 0.12860576923076922 0.04807692307692308 0.04567307692307692
0 0.7800480769230769 0.1935096153846154 0.06490384615384616 0.08413461538461539
0 0.7475961538461539 0.2620192307692308 0.07211538461538461 0.07692307692307693
0 0.6826923076923077 0.24639423076923078 0.052884615384615384 0.06009615384615385
0 0.7163461538461539 0.2247596153846154 0.0625 0.06009615384615385
0 0.8173076923076923 0.2776442307692308 0.07692307692307693 0.0889423076923077
0 0.7908653846153846 0.30408653846153844 0.03365384615384615 0.021634615384615384
0 0.6586538461538461 0.1346153846153846 0.0673076923076923 0.08653846153846154
0 0.7019230769230769 0.05889423076923077 0.052884615384615384 0.055288461538461536
0 0.5721153846153846 0.1310096153846154 0.0625 0.09375
0 0.6141826923076923 0.15625 0.036057692307692304 0.07692307692307693
0 0.6502403846153846 0.21754807692307693 0.06490384615384616 0.055288461538461536
0 0.5817307692307693 0.21634615384615385 0.0625 0.08653846153846154
0 0.5204326923076923 0.22596153846153846 0.06490384615384616 0.08173076923076923
0 0.6033653846153846 0.2620192307692308 0.0625 0.07692307692307693
0 0.5360576923076923 0.29086538461538464 0.0625 0.08173076923076923
0 0.5745192307692307 0.34975961538461536 0.04807692307692308 0.13221153846153846
0 0.5216346153846154 0.3425480769230769 0.0625 0.055288461538461536
0 0.5096153846153846 0.39903846153846156 0.0625 0.08653846153846154
0 0.5384615384615384 0.44711538461538464 0.07211538461538461 0.11057692307692307
0 0.8461538461538461 0.39663461538461536 0.052884615384615384 0.10576923076923077
0 0.5 0.5384615384615384 0.07692307692307693 0.10576923076923077
0 0.5745192307692307 0.6201923076923077 0.08653846153846154 0.125
0 0.5576923076923077 0.515625 0.038461538461538464 0.09375
0 0.6177884615384616 0.5252403846153846 0.08653846153846154 0.13221153846153846
0 0.6682692307692307 0.6298076923076923 0.08653846153846154 0.1201923076923077
0 0.6033653846153846 0.7079326923076923 0.08173076923076923 0.13701923076923078
0 0.5564903846153846 0.7728365384615384 0.08413461538461539 0.13221153846153846
0 0.49278846153846156 0.7199519230769231 0.07211538461538461 0.09375
0 0.6971153846153846 0.5216346153846154 0.07692307692307693 0.10576923076923077
0 0.7475961538461539 0.6021634615384616 0.09134615384615384 0.0985576923076923
0 0.7536057692307693 0.5408653846153846 0.05048076923076923 0.03365384615384615
0 0.47115384615384615 0.9002403846153846 0.09134615384615384 0.13701923076923078
0 0.4855769230769231 0.9783653846153846 0.04807692307692308 0.038461538461538464
0 0.5600961538461539 0.9675480769230769 0.09134615384615384 0.06009615384615385
0 0.5673076923076923 0.8894230769230769 0.08653846153846154 0.14903846153846154
0 0.6514423076923077 0.8605769230769231 0.09615384615384616 0.14423076923076922
0 0.6213942307692307 0.796875 0.05048076923076923 0.06009615384615385
0 0.6538461538461539 0.9591346153846154 0.09615384615384616 0.07692307692307693
0 0.703125 0.9122596153846154 0.06490384615384616 0.09375
0 0.7427884615384616 0.9591346153846154 0.10096153846153846 0.07692307692307693
0 0.7980769230769231 0.9002403846153846 0.10096153846153846 0.13701923076923078
0 0.8737980769230769 0.9567307692307693 0.09375 0.08173076923076923
0 0.8990384615384616 0.9230769230769231 0.09134615384615384 0.14903846153846154
0 0.8173076923076923 0.8100961538461539 0.09134615384615384 0.1201923076923077
0 0.8966346153846154 0.7980769230769231 0.08173076923076923 0.125
0 0.7307692307692307 0.8028846153846154 0.09615384615384616 0.14903846153846154
0 0.6826923076923077 0.7283653846153846 0.08173076923076923 0.1201923076923077
0 0.7620192307692307 0.7067307692307693 0.08653846153846154 0.1201923076923077
0 0.8341346153846154 0.453125 0.04807692307692308 0.021634615384615384
0 0.8389423076923077 0.5048076923076923 0.08173076923076923 0.10576923076923077
0 0.8377403846153846 0.5901442307692307 0.09375 0.0985576923076923
0 0.8389423076923077 0.6923076923076923 0.09134615384615384 0.125
0 0.8822115384615384 0.609375 0.02403846153846154 0.08413461538461539
0 0.8954326923076923 0.6971153846153846 0.036057692307692304 0.08173076923076923
0 0.9723557692307693 0.984375 0.055288461538461536 0.03125
0 0.9759615384615384 0.9134615384615384 0.04807692307692308 0.13942307692307693
0 0.9699519230769231 0.796875 0.06009615384615385 0.11778846153846154
0 0.9543269230769231 0.7055288461538461 0.09134615384615384 0.1466346153846154
0 0.9350961538461539 0.6129807692307693 0.09134615384615384 0.11057692307692307
0 0.9831730769230769 0.5793269230769231 0.038461538461538464 0.11057692307692307
0 0.9122596153846154 0.5288461538461539 0.07932692307692307 0.10576923076923077
0 0.984375 0.48197115384615385 0.03125 0.0889423076923077
0 0.9711538461538461 0.45913461538461536 0.057692307692307696 0.11057692307692307
0 0.9110576923076923 0.4254807692307692 0.07692307692307693 0.11057692307692307
0 0.9350961538461539 0.38221153846153844 0.0625 0.07692307692307693
0 0.8846153846153846 0.3317307692307692 0.07692307692307693 0.11057692307692307
0 0.8834134615384616 0.24278846153846154 0.07932692307692307 0.07211538461538461
0 0.8365384615384616 0.20432692307692307 0.057692307692307696 0.07211538461538461
0 0.953125 0.27163461538461536 0.06490384615384616 0.0673076923076923
0 0.9495192307692307 0.34615384615384615 0.0625 0.08173076923076923
0 0.9831730769230769 0.38461538461538464 0.03365384615384615 0.09615384615384616
0 0.9591346153846154 0.19471153846153846 0.07211538461538461 0.08653846153846154
0 0.8966346153846154 0.17067307692307693 0.0625 0.07211538461538461
0 0.9903846153846154 0.23557692307692307 0.02403846153846154 0.15865384615384615
0 0.9603365384615384 0.1201923076923077 0.06490384615384616 0.08173076923076923
0 0.9975961538461539 0.10817307692307693 0.009615384615384616 0.07692307692307693
0 0.9759615384615384 0.057692307692307696 0.052884615384615384 0.03365384615384615
0 0.9855769230769231 0.03245192307692308 0.028846153846153848 0.055288461538461536
