0 0.9086538461538461 0.25961538461538464 0.15865384615384615 0.27884615384615385
0 0.84375 0.4170673076923077 0.10096153846153846 0.31490384615384615
0 0.9675480769230769 0.055288461538461536 0.06490384615384616 0.10096153846153846
0 0.8197115384615384 0.05048076923076923 0.22115384615384615 0.08173076923076923
0 0.6081730769230769 0.28125 0.5480769230769231 0.3798076923076923
0 0.5240384615384616 0.4483173076923077 0.5336538461538461 0.3245192307692308
0 0.6754807692307693 0.7608173076923077 0.6394230769230769 0.24759615384615385
0 0.296875 0.5745192307692307 0.47836538461538464 0.41346153846153844
0 0.3954326923076923 0.7920673076923077 0.49278846153846156 0.41586538461538464
0 0.29086538461538464 0.8197115384615384 0.5673076923076923 0.2932692307692308
0 0.1778846153846154 0.6382211538461539 0.34134615384615385 0.10336538461538461
0 0.3605769230769231 0.45913461538461536 0.7067307692307693 0.22115384615384615
