0 0.07932692307692307 0.8413461538461539 0.13942307692307693 0.13942307692307693
0 0.08173076923076923 0.9579326923076923 0.14423076923076922 0.08413461538461539
0 0.24759615384615385 0.9350961538461539 0.17307692307692307 0.12980769230769232
0 0.21394230769230768 0.7379807692307693 0.28846153846153844 0.10576923076923077
0 0.23197115384615385 0.8197115384615384 0.15625 0.057692307692307696
0 0.4362980769230769 0.8485576923076923 0.2283653846153846 0.15865384615384615
0 0.6201923076923077 0.9435096153846154 0.17307692307692307 0.11298076923076923
0 0.7127403846153846 0.9615384615384616 0.10817307692307693 0.07692307692307693
0 0.7572115384615384 0.42788461538461536 0.27884615384615385 0.21634615384615385
0 0.578125 0.5841346153846154 0.2956730769230769 0.11057692307692307
0 0.21875 0.6105769230769231 0.4230769230769231 0.1778846153846154
0 0.057692307692307696 0.7127403846153846 0.09615384615384616 0.13221153846153846
0 0.06009615384615385 0.46153846153846156 0.10096153846153846 0.09134615384615384
0 0.10817307692307693 0.5060096153846154 0.125 0.06971153846153846
0 0.06370192307692307 0.36778846153846156 0.10817307692307693 0.08173076923076923
0 0.055288461538461536 0.25 0.09134615384615384 0.09615384615384616
0 0.04567307692307692 0.30288461538461536 0.07211538461538461 0.04807692307692308
0 0.16947115384615385 0.37259615384615385 0.27163461538461536 0.16346153846153846
0 0.2247596153846154 0.4735576923076923 0.2283653846153846 0.09615384615384616
0 0.40625 0.49759615384615385 0.16826923076923078 0.09615384615384616
0 0.5913461538461539 0.4495192307692308 0.22115384615384615 0.15384615384615385
0 0.5360576923076923 0.6129807692307693 0.14903846153846154 0.15865384615384615
0 0.5264423076923077 0.7283653846153846 0.27884615384615385 0.2644230769230769
0 0.6875 0.7992788461538461 0.1971153846153846 0.0985576923076923
0 0.7920673076923077 0.84375 0.15625 0.09615384615384616
0 0.8125 0.7572115384615384 0.17307692307692307 0.11538461538461539
0 0.7884615384615384 0.671875 0.1971153846153846 0.09375
0 0.7560096153846154 0.6177884615384616 0.2283653846153846 0.16346153846153846
0 0.3125 0.21394230769230768 0.17307692307692307 0.27884615384615385
0 0.14423076923076922 0.14903846153846154 0.14903846153846154 0.11538461538461539
0 0.15384615384615385 0.2548076923076923 0.09615384615384616 0.08173076923076923
0 0.09014423076923077 0.09735576923076923 0.1658653846153846 0.18990384615384615
0 0.5432692307692307 0.18870192307692307 0.23557692307692307 0.0985576923076923
0 0.53125 0.31490384615384615 0.28365384615384615 0.1346153846153846
0 0.6947115384615384 0.0829326923076923 0.28846153846153844 0.12259615384615384
0 0.8004807692307693 0.30528846153846156 0.1971153846153846 0.1346153846153846
0 0.8413461538461539 0.47596153846153844 0.3173076923076923 0.15384615384615385
0 0.9086538461538461 0.6033653846153846 0.13942307692307693 0.16346153846153846
0 0.7716346153846154 0.21153846153846154 0.1875 0.2403846153846154
0 0.3942307692307692 0.06370192307692307 0.4951923076923077 0.12259615384615384
0 0.03365384615384615 0.5793269230769231 0.04807692307692308 0.028846153846153848
0 0.056490384615384616 0.6081730769230769 0.06009615384615385 0.028846153846153848
0 0.07932692307692307 0.625 0.0673076923076923 0.028846153846153848
0 0.15144230769230768 0.6454326923076923 0.0673076923076923 0.026442307692307692
0 0.14783653846153846 0.6129807692307693 0.06009615384615385 0.019230769230769232
0 0.07451923076923077 0.5865384615384616 0.09615384615384616 0.038461538461538464
0 0.10336538461538461 0.5588942307692307 0.0673076923076923 0.016826923076923076
0 0.15144230769230768 0.5889423076923077 0.0673076923076923 0.028846153846153848
0 0.20192307692307693 0.5480769230769231 0.07211538461538461 0.019230769230769232
0 0.1658653846153846 0.5733173076923077 0.07211538461538461 0.026442307692307692
0 0.20432692307692307 0.5973557692307693 0.07692307692307693 0.026442307692307692
0 0.2692307692307692 0.6141826923076923 0.04807692307692308 0.016826923076923076
0 0.20793269230769232 0.6274038461538461 0.06009615384615385 0.028846153846153848
0 0.2644230769230769 0.65625 0.07692307692307693 0.03365384615384615
0 0.25961538461538464 0.6862980769230769 0.0673076923076923 0.026442307692307692
0 0.27163461538461536 0.5817307692307693 0.052884615384615384 0.028846153846153848
0 0.2860576923076923 0.5480769230769231 0.04807692307692308 0.03365384615384615
0 0.33653846153846156 0.5817307692307693 0.09134615384615384 0.04326923076923077
0 0.33413461538461536 0.6201923076923077 0.07211538461538461 0.03365384615384615
0 0.36538461538461536 0.6442307692307693 0.07211538461538461 0.028846153846153848
0 0.3245192307692308 0.6706730769230769 0.052884615384615384 0.02403846153846154
0 0.4326923076923077 0.5024038461538461 0.8509615384615384 0.9951923076923077
