0 0.6286057692307693 0.7740384615384616 0.37740384615384615 0.3942307692307692
0 0.9603365384615384 0.8569711538461539 0.07932692307692307 0.06971153846153846
0 0.9447115384615384 0.7932692307692307 0.08173076923076923 0.052884615384615384
0 0.9903846153846154 0.7980769230769231 0.019230769230769232 0.04807692307692308
0 0.7860576923076923 0.028846153846153848 0.10096153846153846 0.04807692307692308
0 0.2920673076923077 0.6105769230769231 0.38221153846153844 0.3942307692307692
0 0.71875 0.40625 0.33653846153846156 0.33653846153846156
0 0.30288461538461536 0.21394230769230768 0.40384615384615385 0.3942307692307692
0 0.2091346153846154 0.8149038461538461 0.23557692307692307 0.15384615384615385
0 0.09134615384615384 0.90625 0.16826923076923078 0.1875
0 0.040865384615384616 0.7259615384615384 0.0673076923076923 0.18269230769230768
