0 0.18269230769230768 0.07692307692307693 0.1346153846153846 0.13942307692307693
0 0.2956730769230769 0.20192307692307693 0.18269230769230768 0.23076923076923078
0 0.7704326923076923 0.1310096153846154 0.24759615384615385 0.24759615384615385
0 0.1141826923076923 0.28966346153846156 0.0889423076923077 0.10817307692307693
0 0.0733173076923077 0.36658653846153844 0.0889423076923077 0.10817307692307693
0 0.036057692307692304 0.2956730769230769 0.057692307692307696 0.23557692307692307
0 0.02403846153846154 0.1875 0.03365384615384615 0.16346153846153846
0 0.17908653846153846 0.36899038461538464 0.0889423076923077 0.10336538461538461
0 0.12740384615384615 0.36778846153846156 0.02403846153846154 0.052884615384615384
0 0.1346153846153846 0.44591346153846156 0.08653846153846154 0.10336538461538461
0 0.057692307692307696 0.44711538461538464 0.0625 0.09134615384615384
0 0.07451923076923077 0.5817307692307693 0.1346153846153846 0.22115384615384615
0 0.02403846153846154 0.44471153846153844 0.03365384615384615 0.057692307692307696
0 0.10817307692307693 0.53125 0.0673076923076923 0.0673076923076923
0 0.17067307692307693 0.5216346153846154 0.0673076923076923 0.1201923076923077
0 0.22956730769230768 0.4206730769230769 0.05048076923076923 0.08173076923076923
0 0.16826923076923078 0.625 0.10096153846153846 0.09615384615384616
0 0.13221153846153846 0.7908653846153846 0.25 0.35096153846153844
0 0.1466346153846154 0.8653846153846154 0.09615384615384616 0.20192307692307693
0 0.7524038461538461 0.4254807692307692 0.19230769230769232 0.23557692307692307
0 0.5697115384615384 0.37740384615384615 0.08173076923076923 0.12980769230769232
0 0.5024038461538461 0.3581730769230769 0.07211538461538461 0.08173076923076923
0 0.33413461538461536 0.5264423076923077 0.2692307692307692 0.42788461538461536
0 0.5372596153846154 0.4338942307692308 0.0889423076923077 0.10817307692307693
0 0.46875 0.4495192307692308 0.04326923076923077 0.07692307692307693
0 0.6274038461538461 0.34615384615384615 0.04807692307692308 0.07692307692307693
0 0.6237980769230769 0.4362980769230769 0.06971153846153846 0.10336538461538461
0 0.5096153846153846 0.5240384615384616 0.07692307692307693 0.1346153846153846
0 0.46875 0.5444711538461539 0.0673076923076923 0.10336538461538461
0 0.5817307692307693 0.5036057692307693 0.07692307692307693 0.11298076923076923
0 0.6346153846153846 0.5288461538461539 0.0673076923076923 0.09134615384615384
0 0.5600961538461539 0.6117788461538461 0.08173076923076923 0.10336538461538461
0 0.4831730769230769 0.6478365384615384 0.07211538461538461 0.10336538461538461
0 0.48197115384615385 0.65625 0.10817307692307693 0.1201923076923077
0 0.5432692307692307 0.7115384615384616 0.11538461538461539 0.09615384615384616
0 0.6225961538461539 0.6490384615384616 0.057692307692307696 0.14903846153846154
0 0.7067307692307693 0.6129807692307693 0.1346153846153846 0.21153846153846154
0 0.9182692307692307 0.6502403846153846 0.08653846153846154 0.10817307692307693
0 0.8064903846153846 0.5504807692307693 0.06971153846153846 0.08173076923076923
0 0.9891826923076923 0.35336538461538464 0.021634615384615384 0.10576923076923077
0 0.49038461538461536 0.8076923076923077 0.057692307692307696 0.14423076923076922
0 0.42427884615384615 0.7331730769230769 0.10817307692307693 0.27403846153846156
0 0.5432692307692307 0.7752403846153846 0.038461538461538464 0.10336538461538461
0 0.4014423076923077 0.9110576923076923 0.2644230769230769 0.1778846153846154
0 0.6045673076923077 0.9002403846153846 0.17067307692307693 0.19951923076923078
0 0.7043269230769231 0.8581730769230769 0.17307692307692307 0.15384615384615385
0 0.6069711538461539 0.75 0.0889423076923077 0.125
0 0.6875 0.75 0.13942307692307693 0.15384615384615385
0 0.8293269230769231 0.8088942307692307 0.16346153846153846 0.18028846153846154
0 0.9483173076923077 0.7872596153846154 0.10336538461538461 0.19951923076923078
0 0.9795673076923077 0.6322115384615384 0.040865384615384616 0.10576923076923077
0 0.8918269230769231 0.7091346153846154 0.09615384615384616 0.09134615384615384
0 0.8149038461538461 0.7211538461538461 0.1201923076923077 0.057692307692307696
0 0.8245192307692307 0.6778846153846154 0.09615384615384616 0.09134615384615384
0 0.8221153846153846 0.6177884615384616 0.10096153846153846 0.07692307692307693
0 0.8052884615384616 0.5865384615384616 0.07692307692307693 0.08173076923076923
0 0.9795673076923077 0.5396634615384616 0.040865384615384616 0.1658653846153846
0 0.8966346153846154 0.5673076923076923 0.1201923076923077 0.0673076923076923
0 0.8990384615384616 0.49759615384615385 0.125 0.07211538461538461
0 0.9242788461538461 0.44350961538461536 0.15144230769230768 0.0889423076923077
0 0.9615384615384616 0.3557692307692308 0.0625 0.1201923076923077
0 0.8858173076923077 0.36778846153846156 0.0889423076923077 0.1346153846153846
