0 0.8858173076923077 0.8930288461538461 0.18990384615384615 0.15144230769230768
0 0.9819711538461539 0.8653846153846154 0.03125 0.08653846153846154
0 0.9254807692307693 0.7872596153846154 0.14423076923076922 0.13701923076923078
0 0.7944711538461539 0.7704326923076923 0.14182692307692307 0.17067307692307693
0 0.7860576923076923 0.8858173076923077 0.10576923076923077 0.13701923076923078
0 0.6310096153846154 0.90625 0.15625 0.14903846153846154
0 0.6899038461538461 0.8725961538461539 0.08173076923076923 0.1201923076923077
0 0.5637019230769231 0.7824519230769231 0.19951923076923078 0.13701923076923078
0 0.6923076923076923 0.7704326923076923 0.10576923076923077 0.11298076923076923
0 0.6862980769230769 0.71875 0.11778846153846154 0.0673076923076923
0 0.7620192307692307 0.6586538461538461 0.09615384615384616 0.1201923076923077
0 0.8473557692307693 0.5793269230769231 0.15625 0.14903846153846154
0 0.9627403846153846 0.5985576923076923 0.07451923076923077 0.1875
0 0.9507211538461539 0.45552884615384615 0.0985576923076923 0.18509615384615385
0 0.8930288461538461 0.5300480769230769 0.07451923076923077 0.09375
0 0.3942307692307692 0.8713942307692307 0.19230769230769232 0.25240384615384615
0 0.20192307692307693 0.8461538461538461 0.19230769230769232 0.14903846153846154
0 0.2644230769230769 0.75 0.12980769230769232 0.20192307692307693
0 0.3581730769230769 0.7896634615384616 0.10576923076923077 0.13221153846153846
0 0.07932692307692307 0.7980769230769231 0.14423076923076922 0.16826923076923078
0 0.1045673076923077 0.7007211538461539 0.18990384615384615 0.22355769230769232
0 0.25 0.6802884615384616 0.09615384615384616 0.15384615384615385
0 0.33413461538461536 0.625 0.057692307692307696 0.07692307692307693
0 0.41947115384615385 0.5865384615384616 0.11298076923076923 0.1201923076923077
0 0.32211538461538464 0.5552884615384616 0.16826923076923078 0.1201923076923077
0 0.4110576923076923 0.49158653846153844 0.10576923076923077 0.13701923076923078
0 0.49278846153846156 0.5384615384615384 0.125 0.1971153846153846
0 0.5252403846153846 0.6442307692307693 0.15625 0.15865384615384615
0 0.6274038461538461 0.5348557692307693 0.10576923076923077 0.13701923076923078
0 0.7331730769230769 0.515625 0.1201923076923077 0.15144230769230768
0 0.7463942307692307 0.34375 0.12740384615384615 0.125
0 0.671875 0.34375 0.12259615384615384 0.08173076923076923
0 0.6346153846153846 0.43149038461538464 0.08653846153846154 0.10336538461538461
0 0.8257211538461539 0.33052884615384615 0.06490384615384616 0.10817307692307693
0 0.9146634615384616 0.3004807692307692 0.13221153846153846 0.11538461538461539
0 0.9747596153846154 0.20673076923076922 0.05048076923076923 0.15865384615384615
0 0.8954326923076923 0.234375 0.11298076923076923 0.10336538461538461
0 0.8100961538461539 0.23798076923076922 0.07211538461538461 0.07692307692307693
0 0.7512019230769231 0.19951923076923078 0.07451923076923077 0.07692307692307693
0 0.8149038461538461 0.16947115384615385 0.057692307692307696 0.06971153846153846
0 0.6418269230769231 0.2644230769230769 0.13942307692307693 0.17307692307692307
0 0.5180288461538461 0.39663461538461536 0.14182692307692307 0.1201923076923077
0 0.39302884615384615 0.4014423076923077 0.08413461538461539 0.07692307692307693
0 0.3425480769230769 0.4519230769230769 0.0985576923076923 0.1201923076923077
0 0.22596153846153846 0.4675480769230769 0.10576923076923077 0.0985576923076923
0 0.2668269230769231 0.3581730769230769 0.14903846153846154 0.17307692307692307
0 0.1658653846153846 0.5492788461538461 0.14423076923076922 0.13221153846153846
0 0.057692307692307696 0.5757211538461539 0.11057692307692307 0.2091346153846154
0 0.09735576923076923 0.4206730769230769 0.1466346153846154 0.14903846153846154
0 0.11899038461538461 0.33653846153846156 0.0889423076923077 0.07692307692307693
0 0.18389423076923078 0.34615384615384615 0.08413461538461539 0.11057692307692307
0 0.12860576923076922 0.2548076923076923 0.08413461538461539 0.07692307692307693
0 0.18028846153846154 0.22956730769230768 0.08173076923076923 0.09375
0 0.039663461538461536 0.30528846153846156 0.07451923076923077 0.12980769230769232
0 0.019230769230769232 0.39903846153846156 0.03365384615384615 0.08173076923076923
0 0.05048076923076923 0.5 0.09615384615384616 0.09134615384615384
0 0.39663461538461536 0.1971153846153846 0.09134615384615384 0.08173076923076923
0 0.47115384615384615 0.13581730769230768 0.09134615384615384 0.10336538461538461
0 0.5685096153846154 0.1466346153846154 0.0985576923076923 0.09134615384615384
0 0.6237980769230769 0.08774038461538461 0.06490384615384616 0.06009615384615385
0 0.6622596153846154 0.13942307692307693 0.06009615384615385 0.052884615384615384
0 0.6971153846153846 0.17427884615384615 0.028846153846153848 0.06009615384615385
0 0.7247596153846154 0.125 0.026442307692307692 0.038461538461538464
0 0.7884615384615384 0.125 0.057692307692307696 0.07211538461538461
0 0.9555288461538461 0.16947115384615385 0.0889423076923077 0.11298076923076923
0 0.5180288461538461 0.27884615384615385 0.12740384615384615 0.11538461538461539
0 0.515625 0.20673076923076922 0.10817307692307693 0.04807692307692308
0 0.4387019230769231 0.29447115384615385 0.14182692307692307 0.10336538461538461
0 0.3713942307692308 0.2704326923076923 0.06490384615384616 0.06490384615384616
0 0.27524038461538464 0.1658653846153846 0.07451923076923077 0.07692307692307693
0 0.2860576923076923 0.22115384615384615 0.07211538461538461 0.07692307692307693
0 0.14182692307692307 0.1466346153846154 0.03365384615384615 0.08173076923076923
0 0.10216346153846154 0.19951923076923078 0.06490384615384616 0.052884615384615384
0 0.054086538461538464 0.21995192307692307 0.05048076923076923 0.06009615384615385
0 0.02403846153846154 0.21033653846153846 0.04326923076923077 0.0985576923076923
0 0.5757211538461539 0.1502403846153846 0.0985576923076923 0.10817307692307693
0 0.3786057692307692 0.054086538461538464 0.06490384615384616 0.09375
