0 0.6298076923076923 0.5432692307692307 0.32211538461538464 0.3798076923076923
0 0.46875 0.41346153846153844 0.375 0.36538461538461536
0 0.15384615384615385 0.24519230769230768 0.22115384615384615 0.1346153846153846
0 0.18028846153846154 0.15625 0.15865384615384615 0.09615384615384616
0 0.34375 0.7475961538461539 0.125 0.0625
0 0.25961538461538464 0.6622596153846154 0.1346153846153846 0.12259615384615384
0 0.15384615384615385 0.5745192307692307 0.09615384615384616 0.07211538461538461
0 0.15865384615384615 0.44471153846153844 0.09615384615384616 0.08653846153846154
0 0.3701923076923077 0.6550480769230769 0.12980769230769232 0.12259615384615384
0 0.24759615384615385 0.5540865384615384 0.19230769230769232 0.10817307692307693
0 0.15625 0.5192307692307693 0.11538461538461539 0.052884615384615384
0 0.24278846153846154 0.453125 0.11538461538461539 0.10817307692307693
0 0.25961538461538464 0.5084134615384616 0.5 0.6466346153846154
0 0.3942307692307692 0.11899038461538461 0.34134615384615385 0.22355769230769232
0 0.6875 0.33413461538461536 0.30288461538461536 0.33653846153846156
0 0.6081730769230769 0.15625 0.15384615384615385 0.11057692307692307
0 0.6875 0.30528846153846156 0.21153846153846154 0.10096153846153846
0 0.7836538461538461 0.3581730769230769 0.0625 0.0673076923076923
0 0.7355769230769231 0.25721153846153844 0.28365384615384615 0.12980769230769232
0 0.6514423076923077 0.10336538461538461 0.25961538461538464 0.19230769230769232
3 0.6502403846153846 0.7668269230769231 0.6850961538461539 0.46634615384615385
3 0.6610576923076923 0.7548076923076923 0.35096153846153844 0.4951923076923077
