0 0.40625 0.7860576923076923 0.35096153846153844 0.22115384615384615
0 0.24278846153846154 0.9110576923076923 0.3076923076923077 0.1778846153846154
0 0.8028846153846154 0.9362980769230769 0.3317307692307692 0.12740384615384615
0 0.9375 0.8918269230769231 0.1201923076923077 0.14903846153846154
0 0.8581730769230769 0.7391826923076923 0.27884615384615385 0.2668269230769231
0 0.7379807692307693 0.5637019230769231 0.3317307692307692 0.21875
0 0.6177884615384616 0.7055288461538461 0.20192307692307693 0.17067307692307693
0 0.3954326923076923 0.5492788461538461 0.3389423076923077 0.23317307692307693
0 0.2403846153846154 0.7163461538461539 0.19230769230769232 0.1875
0 0.12379807692307693 0.48197115384615385 0.23798076923076922 0.2283653846153846
0 0.078125 0.7103365384615384 0.1466346153846154 0.27163461538461536
0 0.27163461538461536 0.3173076923076923 0.3076923076923077 0.22115384615384615
0 0.49038461538461536 0.39903846153846156 0.15384615384615385 0.11057692307692307
0 0.6322115384615384 0.3016826923076923 0.3269230769230769 0.24759615384615385
0 0.8966346153846154 0.3701923076923077 0.20192307692307693 0.18269230769230768
0 0.8918269230769231 0.20432692307692307 0.21153846153846154 0.16346153846153846
0 0.7704326923076923 0.09495192307692307 0.25721153846153844 0.18509615384615385
0 0.9591346153846154 0.08413461538461539 0.07692307692307693 0.16346153846153846
0 0.46153846153846156 0.08413461538461539 0.3269230769230769 0.15865384615384615
0 0.4182692307692308 0.20432692307692307 0.16346153846153846 0.1778846153846154
0 0.21995192307692307 0.11538461538461539 0.22355769230769232 0.17307692307692307
0 0.0673076923076923 0.27524038461538464 0.125 0.20432692307692307
0 0.0985576923076923 0.12740384615384615 0.09134615384615384 0.17307692307692307
0 0.2127403846153846 0.016826923076923076 0.13701923076923078 0.028846153846153848
0 0.5252403846153846 0.8942307692307693 0.22355769230769232 0.125
