0 0.5973557692307693 0.23557692307692307 0.3245192307692308 0.3173076923076923
0 0.27403846153846156 0.3485576923076923 0.34615384615384615 0.36538461538461536
0 0.7932692307692307 0.23557692307692307 0.22115384615384615 0.2980769230769231
0 0.8930288461538461 0.13822115384615385 0.2091346153846154 0.2620192307692308
0 0.8485576923076923 0.5036057692307693 0.30288461538461536 0.37740384615384615
0 0.5456730769230769 0.5288461538461539 0.34615384615384615 0.3173076923076923
0 0.6442307692307693 0.8064903846153846 0.2980769230769231 0.3293269230769231
0 0.37740384615384615 0.7752403846153846 0.2548076923076923 0.3245192307692308
0 0.15985576923076922 0.7644230769230769 0.31009615384615385 0.4182692307692308
0 0.31850961538461536 0.0985576923076923 0.6225961538461539 0.18269230769230768
