0 0.6586538461538461 0.13822115384615385 0.14423076923076922 0.10336538461538461
0 0.6033653846153846 0.11057692307692307 0.1201923076923077 0.09134615384615384
0 0.5072115384615384 0.16105769230769232 0.08173076923076923 0.07211538461538461
0 0.7379807692307693 0.20072115384615385 0.16826923076923078 0.11778846153846154
0 0.6959134615384616 0.24879807692307693 0.15625 0.10336538461538461
0 0.5853365384615384 0.22716346153846154 0.09375 0.08413461538461539
0 0.4519230769230769 0.23317307692307693 0.08173076923076923 0.0673076923076923
0 0.47115384615384615 0.30528846153846156 0.1875 0.08173076923076923
0 0.5024038461538461 0.265625 0.125 0.08413461538461539
0 0.3581730769230769 0.3161057692307692 0.052884615384615384 0.08413461538461539
0 0.4579326923076923 0.38461538461538464 0.15144230769230768 0.11538461538461539
0 0.6129807692307693 0.4230769230769231 0.16826923076923078 0.11538461538461539
0 0.6069711538461539 0.3269230769230769 0.15625 0.09134615384615384
0 0.7704326923076923 0.3245192307692308 0.16105769230769232 0.11057692307692307
0 0.7668269230769231 0.45913461538461536 0.18269230769230768 0.1346153846153846
0 0.6538461538461539 0.5204326923076923 0.14423076923076922 0.11778846153846154
0 0.7487980769230769 0.5625 0.15625 0.09615384615384616
0 0.7115384615384616 0.6658653846153846 0.1875 0.11057692307692307
0 0.6045673076923077 0.6069711538461539 0.15144230769230768 0.10336538461538461
0 0.5 0.5192307692307693 0.18269230769230768 0.15865384615384615
0 0.5841346153846154 0.7163461538461539 0.19230769230769232 0.12980769230769232
0 0.7139423076923077 0.7475961538461539 0.1201923076923077 0.0625
0 0.6418269230769231 0.8341346153846154 0.17307692307692307 0.11538461538461539
0 0.49038461538461536 0.8125 0.13942307692307693 0.11538461538461539
0 0.5757211538461539 0.9122596153846154 0.15625 0.10817307692307693
0 0.5048076923076923 0.9170673076923077 0.1201923076923077 0.10336538461538461
0 0.3918269230769231 0.8052884615384616 0.0673076923076923 0.057692307692307696
0 0.4326923076923077 0.7427884615384616 0.1201923076923077 0.0673076923076923
0 0.4567307692307692 0.6802884615384616 0.07211538461538461 0.07211538461538461
0 0.36778846153846156 0.6045673076923077 0.14423076923076922 0.11778846153846154
0 0.3798076923076923 0.6862980769230769 0.07692307692307693 0.04567307692307692
0 0.27884615384615385 0.5889423076923077 0.04326923076923077 0.04807692307692308
0 0.30528846153846156 0.5096153846153846 0.14423076923076922 0.09134615384615384
0 0.3954326923076923 0.46634615384615385 0.0985576923076923 0.08173076923076923
0 0.3401442307692308 0.40865384615384615 0.0889423076923077 0.10096153846153846
