0 0.4423076923076923 0.8173076923076923 0.07692307692307693 0.11057692307692307
0 0.7596153846153846 0.12139423076923077 0.07211538461538461 0.13701923076923078
0 0.7524038461538461 0.2403846153846154 0.057692307692307696 0.09134615384615384
0 0.6911057692307693 0.1971153846153846 0.08413461538461539 0.125
0 0.6189903846153846 0.18990384615384615 0.06971153846153846 0.08653846153846154
0 0.6310096153846154 0.2692307692307692 0.0985576923076923 0.08173076923076923
0 0.6274038461538461 0.34615384615384615 0.09134615384615384 0.11057692307692307
0 0.7079326923076923 0.3449519230769231 0.06490384615384616 0.10336538461538461
0 0.7620192307692307 0.3293269230769231 0.03365384615384615 0.07211538461538461
0 0.7980769230769231 0.3449519230769231 0.052884615384615384 0.09375
0 0.8329326923076923 0.31009615384615385 0.05048076923076923 0.08653846153846154
0 0.8533653846153846 0.40625 0.08173076923076923 0.11057692307692307
0 0.7860576923076923 0.4338942307692308 0.052884615384615384 0.0985576923076923
0 0.8389423076923077 0.5192307692307693 0.09615384615384616 0.125
0 0.8449519230769231 0.6370192307692307 0.08413461538461539 0.1201923076923077
0 0.7836538461538461 0.6814903846153846 0.08173076923076923 0.14182692307692307
0 0.7596153846153846 0.6225961538461539 0.07211538461538461 0.15865384615384615
0 0.71875 0.5985576923076923 0.08173076923076923 0.12980769230769232
0 0.7067307692307693 0.6971153846153846 0.0625 0.08653846153846154
0 0.6466346153846154 0.6334134615384616 0.08653846153846154 0.13701923076923078
0 0.5745192307692307 0.7199519230769231 0.08173076923076923 0.14182692307692307
0 0.6394230769230769 0.7439903846153846 0.07211538461538461 0.10336538461538461
0 0.59375 0.4495192307692308 0.09134615384615384 0.125
0 0.6730769230769231 0.4495192307692308 0.08653846153846154 0.125
0 0.7295673076923077 0.4639423076923077 0.05048076923076923 0.11538461538461539
0 0.6754807692307693 0.5420673076923077 0.07211538461538461 0.06009615384615385
0 0.5456730769230769 0.34134615384615385 0.0673076923076923 0.1201923076923077
0 0.5492788461538461 0.4230769230769231 0.05048076923076923 0.07692307692307693
0 0.5168269230769231 0.5144230769230769 0.09134615384615384 0.11538461538461539
0 0.5 0.6346153846153846 0.08653846153846154 0.125
0 0.53125 0.7139423076923077 0.02403846153846154 0.08653846153846154
0 0.5757211538461539 0.5769230769230769 0.08413461538461539 0.12980769230769232
