0 0.6274038461538461 0.7572115384615384 0.47596153846153844 0.4807692307692308
0 0.34615384615384615 0.6466346153846154 0.14423076923076922 0.1875
0 0.23197115384615385 0.42788461538461536 0.22355769230769232 0.3125
0 0.11778846153846154 0.5697115384615384 0.08653846153846154 0.2932692307692308
0 0.0673076923076923 0.5841346153846154 0.1201923076923077 0.32211538461538464
0 0.08413461538461539 0.8305288461538461 0.14423076923076922 0.16105769230769232
0 0.07451923076923077 0.921875 0.10096153846153846 0.15144230769230768
0 0.20552884615384615 0.9038461538461539 0.13701923076923078 0.1875
0 0.30649038461538464 0.8557692307692307 0.19951923076923078 0.28365384615384615
0 0.3798076923076923 0.9675480769230769 0.07692307692307693 0.05048076923076923
0 0.22235576923076922 0.7211538461538461 0.18028846153846154 0.17307692307692307
0 0.5144230769230769 0.39663461538461536 0.42788461538461536 0.5865384615384616
0 0.3389423076923077 0.22596153846153846 0.15384615384615385 0.1201923076923077
0 0.44711538461538464 0.15745192307692307 0.16346153846153846 0.15625
0 0.08173076923076923 0.04927884615384615 0.07692307692307693 0.06009615384615385
0 0.44591346153846156 0.030048076923076924 0.18028846153846154 0.055288461538461536
0 0.6646634615384616 0.23197115384615385 0.24759615384615385 0.45913461538461536
0 0.8509615384615384 0.6466346153846154 0.19230769230769232 0.47115384615384615
0 0.9014423076923077 0.22716346153846154 0.1971153846153846 0.23798076923076922
0 0.9543269230769231 0.3629807692307692 0.09134615384615384 0.2403846153846154
0 0.8665865384615384 0.3918269230769231 0.07451923076923077 0.07211538461538461
