0 0.9050480769230769 0.08413461538461539 0.14182692307692307 0.14903846153846154
0 0.9855769230769231 0.09134615384615384 0.028846153846153848 0.16826923076923078
0 0.9158653846153846 0.2403846153846154 0.13942307692307693 0.20192307692307693
0 0.9855769230769231 0.35096153846153844 0.028846153846153848 0.1778846153846154
0 0.9254807692307693 0.7211538461538461 0.14903846153846154 0.34615384615384615
0 0.9122596153846154 0.6754807692307693 0.17548076923076922 0.44711538461538464
0 0.8930288461538461 0.6430288461538461 0.21394230769230768 0.5120192307692307
0 0.7752403846153846 0.8365384615384616 0.055288461538461536 0.11538461538461539
0 0.9350961538461539 0.3545673076923077 0.0673076923076923 0.10336538461538461
0 0.8605769230769231 0.41346153846153844 0.10096153846153846 0.16826923076923078
0 0.8377403846153846 0.30528846153846156 0.055288461538461536 0.09615384615384616
0 0.7884615384615384 0.16947115384615385 0.12980769230769232 0.2764423076923077
0 0.7740384615384616 0.03245192307692308 0.07211538461538461 0.04567307692307692
0 0.6838942307692307 0.12980769230769232 0.12740384615384615 0.18269230769230768
0 0.6298076923076923 0.06129807692307692 0.19230769230769232 0.10336538461538461
0 0.47596153846153844 0.0625 0.15384615384615385 0.11057692307692307
0 0.34375 0.17307692307692307 0.5913461538461539 0.14423076923076922
0 0.31009615384615385 0.20673076923076922 0.2692307692307692 0.38461538461538464
0 0.21634615384615385 0.3269230769230769 0.2548076923076923 0.23557692307692307
0 0.23076923076923078 0.19471153846153846 0.28846153846153844 0.375
0 0.1971153846153846 0.17307692307692307 0.25961538461538464 0.3269230769230769
0 0.15384615384615385 0.10817307692307693 0.19230769230769232 0.20192307692307693
0 0.052884615384615384 0.07572115384615384 0.10096153846153846 0.13221153846153846
0 0.6778846153846154 0.21875 0.1346153846153846 0.21153846153846154
0 0.7668269230769231 0.34615384615384615 0.09134615384615384 0.15384615384615385
0 0.7475961538461539 0.4230769230769231 0.13942307692307693 0.18269230769230768
0 0.7752403846153846 0.5456730769230769 0.10336538461538461 0.14423076923076922
0 0.7932692307692307 0.6586538461538461 0.057692307692307696 0.11538461538461539
0 0.7355769230769231 0.6574519230769231 0.052884615384615384 0.10336538461538461
0 0.6935096153846154 0.6117788461538461 0.040865384615384616 0.10336538461538461
0 0.7019230769230769 0.5240384615384616 0.03365384615384615 0.08653846153846154
0 0.7451923076923077 0.7644230769230769 0.0673076923076923 0.11057692307692307
0 0.6947115384615384 0.6995192307692307 0.052884615384615384 0.08173076923076923
0 0.6850961538461539 0.7740384615384616 0.04326923076923077 0.09134615384615384
0 0.7139423076923077 0.8461538461538461 0.0673076923076923 0.08653846153846154
0 0.75 0.8389423076923077 0.02403846153846154 0.038461538461538464
0 0.6502403846153846 0.8173076923076923 0.055288461538461536 0.09615384615384616
0 0.6394230769230769 0.7019230769230769 0.057692307692307696 0.08653846153846154
0 0.6322115384615384 0.7836538461538461 0.04326923076923077 0.09134615384615384
0 0.5769230769230769 0.7788461538461539 0.0673076923076923 0.11538461538461539
0 0.5288461538461539 0.7668269230769231 0.038461538461538464 0.0673076923076923
0 0.5516826923076923 0.6646634615384616 0.10336538461538461 0.16105769230769232
0 0.6201923076923077 0.5637019230769231 0.13942307692307693 0.18990384615384615
0 0.6177884615384616 0.3918269230769231 0.1346153846153846 0.20192307692307693
0 0.5769230769230769 0.23317307692307693 0.052884615384615384 0.08173076923076923
0 0.5913461538461539 0.2764423076923077 0.02403846153846154 0.052884615384615384
0 0.5673076923076923 0.1778846153846154 0.038461538461538464 0.038461538461538464
0 0.53125 0.23317307692307693 0.052884615384615384 0.09134615384615384
0 0.43149038461538464 0.7956730769230769 0.17548076923076922 0.34615384615384615
0 0.515625 0.8125 0.055288461538461536 0.057692307692307696
0 0.34375 0.703125 0.17307692307692307 0.16105769230769232
0 0.48677884615384615 0.36899038461538464 0.040865384615384616 0.07451923076923077
0 0.5096153846153846 0.3076923076923077 0.04807692307692308 0.0673076923076923
0 0.4855769230769231 0.23798076923076922 0.03365384615384615 0.057692307692307696
0 0.45552884615384615 0.21634615384615385 0.040865384615384616 0.0673076923076923
0 0.5288461538461539 0.39903846153846156 0.04326923076923077 0.09134615384615384
0 0.5144230769230769 0.47115384615384615 0.038461538461538464 0.052884615384615384
0 0.49278846153846156 0.5240384615384616 0.04807692307692308 0.0625
0 0.46033653846153844 0.5288461538461539 0.03125 0.0625
0 0.43509615384615385 0.5024038461538461 0.038461538461538464 0.08173076923076923
0 0.41346153846153844 0.4795673076923077 0.03365384615384615 0.04567307692307692
0 0.3942307692307692 0.44350961538461536 0.04326923076923077 0.07451923076923077
0 0.4254807692307692 0.4230769230769231 0.052884615384615384 0.08173076923076923
0 0.47115384615384615 0.44471153846153844 0.04807692307692308 0.0673076923076923
0 0.44350961538461536 0.35336538461538464 0.040865384615384616 0.09134615384615384
0 0.39903846153846156 0.3629807692307692 0.03365384615384615 0.08653846153846154
0 0.4098557692307692 0.29086538461538464 0.040865384615384616 0.057692307692307696
0 0.36778846153846156 0.3317307692307692 0.04326923076923077 0.08173076923076923
0 0.33653846153846156 0.35336538461538464 0.04326923076923077 0.0673076923076923
0 0.35096153846153844 0.41346153846153844 0.04807692307692308 0.08653846153846154
0 0.2764423076923077 0.3245192307692308 0.04326923076923077 0.08173076923076923
0 0.32211538461538464 0.2932692307692308 0.04326923076923077 0.052884615384615384
0 0.43509615384615385 0.6057692307692307 0.03365384615384615 0.0673076923076923
0 0.40384615384615385 0.6418269230769231 0.03365384615384615 0.0673076923076923
0 0.40625 0.5817307692307693 0.03365384615384615 0.052884615384615384
0 0.36538461538461536 0.6081730769230769 0.04807692307692308 0.052884615384615384
0 0.3701923076923077 0.5576923076923077 0.052884615384615384 0.0625
0 0.32091346153846156 0.5697115384615384 0.03125 0.0625
0 0.31850961538461536 0.6237980769230769 0.03125 0.04567307692307692
0 0.28846153846153844 0.6490384615384616 0.02403846153846154 0.028846153846153848
0 0.28846153846153844 0.6069711538461539 0.028846153846153848 0.04567307692307692
0 0.2848557692307692 0.5552884615384616 0.040865384615384616 0.0673076923076923
0 0.2536057692307692 0.6009615384615384 0.040865384615384616 0.0673076923076923
0 0.24158653846153846 0.5432692307692307 0.040865384615384616 0.057692307692307696
0 0.27163461538461536 0.49038461538461536 0.03365384615384615 0.057692307692307696
0 0.3125 0.46875 0.038461538461538464 0.0673076923076923
0 0.33653846153846156 0.5024038461538461 0.057692307692307696 0.0673076923076923
0 0.28365384615384615 0.4254807692307692 0.038461538461538464 0.0625
0 0.24278846153846154 0.47115384615384615 0.038461538461538464 0.0625
0 0.24158653846153846 0.40625 0.040865384615384616 0.0673076923076923
0 0.5360576923076923 0.9002403846153846 0.19230769230769232 0.19951923076923078
0 0.7487980769230769 0.9314903846153846 0.25240384615384615 0.13701923076923078
0 0.90625 0.8978365384615384 0.1875 0.20432692307692307
0 0.9855769230769231 0.7596153846153846 0.028846153846153848 0.11057692307692307
0 0.38822115384615385 0.9435096153846154 0.12740384615384615 0.11298076923076923
0 0.49158653846153844 0.9723557692307693 0.11298076923076923 0.055288461538461536
0 0.2692307692307692 0.9170673076923077 0.1346153846153846 0.1658653846153846
0 0.3293269230769231 0.7908653846153846 0.10096153846153846 0.17307692307692307
0 0.2692307692307692 0.6947115384615384 0.0673076923076923 0.09615384615384616
0 0.22956730769230768 0.8545673076923077 0.11778846153846154 0.21875
0 0.09254807692307693 0.8713942307692307 0.18028846153846154 0.25721153846153844
0 0.036057692307692304 0.7319711538461539 0.0673076923076923 0.17548076923076922
0 0.15625 0.6802884615384616 0.18269230769230768 0.23076923076923078
0 0.04447115384615385 0.5685096153846154 0.08413461538461539 0.18028846153846154
0 0.10096153846153846 0.49038461538461536 0.1346153846153846 0.23076923076923078
0 0.18990384615384615 0.47596153846153844 0.07211538461538461 0.20192307692307693
0 0.04447115384615385 0.30649038461538464 0.08413461538461539 0.3245192307692308
