0 0.09254807692307693 0.7427884615384616 0.10817307692307693 0.10576923076923077
0 0.10817307692307693 0.8004807692307693 0.15865384615384615 0.057692307692307696
0 0.2704326923076923 0.8149038461538461 0.15625 0.0625
0 0.21875 0.7668269230769231 0.14423076923076922 0.08653846153846154
0 0.36538461538461536 0.7463942307692307 0.13942307692307693 0.0889423076923077
0 0.26322115384615385 0.7115384615384616 0.10817307692307693 0.0673076923076923
0 0.18269230769230768 0.6682692307692307 0.1346153846153846 0.125
0 0.08653846153846154 0.671875 0.08173076923076923 0.03125
0 0.07692307692307693 0.6057692307692307 0.13942307692307693 0.10096153846153846
0 0.0733173076923077 0.5264423076923077 0.10817307692307693 0.10576923076923077
0 0.07932692307692307 0.46634615384615385 0.0625 0.04807692307692308
0 0.15144230769230768 0.47716346153846156 0.08173076923076923 0.06971153846153846
0 0.18389423076923078 0.546875 0.11298076923076923 0.10817307692307693
0 0.28725961538461536 0.5673076923076923 0.11298076923076923 0.09134615384615384
0 0.3125 0.5300480769230769 0.125 0.05048076923076923
0 0.3918269230769231 0.6670673076923077 0.07692307692307693 0.06971153846153846
0 0.30649038461538464 0.6514423076923077 0.10336538461538461 0.0625
0 0.34375 0.6129807692307693 0.09134615384615384 0.10096153846153846
0 0.38221153846153844 0.6021634615384616 0.09615384615384616 0.06971153846153846
0 0.3894230769230769 0.5564903846153846 0.08173076923076923 0.05048076923076923
0 0.3798076923076923 0.4879807692307692 0.09134615384615384 0.08173076923076923
0 0.2764423076923077 0.4795673076923077 0.125 0.07451923076923077
0 0.5168269230769231 0.7319711538461539 0.0673076923076923 0.0889423076923077
0 0.5396634615384616 0.8004807692307693 0.10336538461538461 0.07211538461538461
0 0.5240384615384616 0.8389423076923077 0.08173076923076923 0.04326923076923077
0 0.5625 0.8629807692307693 0.08653846153846154 0.04326923076923077
0 0.6165865384615384 0.8509615384615384 0.10336538461538461 0.057692307692307696
0 0.6442307692307693 0.8713942307692307 0.0673076923076923 0.03125
0 0.7331730769230769 0.8701923076923077 0.08653846153846154 0.04326923076923077
0 0.7019230769230769 0.8245192307692307 0.07692307692307693 0.0673076923076923
0 0.6033653846153846 0.7740384615384616 0.09615384615384616 0.10576923076923077
0 0.5913461538461539 0.7163461538461539 0.07211538461538461 0.04807692307692308
0 0.6430288461538461 0.7079326923076923 0.17548076923076922 0.05048076923076923
0 0.6610576923076923 0.7572115384615384 0.07692307692307693 0.0673076923076923
0 0.7043269230769231 0.7524038461538461 0.07211538461538461 0.052884615384615384
0 0.7427884615384616 0.7860576923076923 0.04807692307692308 0.038461538461538464
0 0.7908653846153846 0.8341346153846154 0.09134615384615384 0.057692307692307696
0 0.8125 0.8834134615384616 0.09134615384615384 0.06971153846153846
0 0.8653846153846154 0.8509615384615384 0.07692307692307693 0.0673076923076923
0 0.84375 0.7980769230769231 0.1346153846153846 0.0625
0 0.8545673076923077 0.7307692307692307 0.11298076923076923 0.09615384615384616
0 0.765625 0.6911057692307693 0.11298076923076923 0.03125
0 0.9350961538461539 0.7163461538461539 0.125 0.08173076923076923
0 0.9362980769230769 0.7872596153846154 0.12740384615384615 0.10336538461538461
0 0.9338942307692307 0.859375 0.10817307692307693 0.05048076923076923
0 0.5192307692307693 0.6298076923076923 0.0625 0.057692307692307696
0 0.5961538461538461 0.6298076923076923 0.0625 0.0673076923076923
0 0.5528846153846154 0.5721153846153846 0.1201923076923077 0.057692307692307696
0 0.5456730769230769 0.6274038461538461 0.02403846153846154 0.057692307692307696
0 0.6310096153846154 0.6237980769230769 0.040865384615384616 0.05048076923076923
0 0.7055288461538461 0.625 0.10817307692307693 0.09134615384615384
0 0.7139423076923077 0.5889423076923077 0.0625 0.04326923076923077
0 0.6346153846153846 0.5745192307692307 0.09615384615384616 0.0625
0 0.59375 0.5336538461538461 0.0673076923076923 0.04326923076923077
0 0.5168269230769231 0.5072115384615384 0.057692307692307696 0.09615384615384616
0 0.5420673076923077 0.43028846153846156 0.10817307692307693 0.0673076923076923
0 0.5769230769230769 0.4879807692307692 0.08653846153846154 0.09615384615384616
0 0.6225961538461539 0.4375 0.08173076923076923 0.08173076923076923
0 0.6706730769230769 0.4423076923076923 0.057692307692307696 0.0625
0 0.7163461538461539 0.4699519230769231 0.07692307692307693 0.06971153846153846
0 0.6850961538461539 0.5096153846153846 0.08653846153846154 0.0625
0 0.7139423076923077 0.5384615384615384 0.09134615384615384 0.08173076923076923
0 0.6442307692307693 0.5072115384615384 0.057692307692307696 0.0673076923076923
0 0.8149038461538461 0.6322115384615384 0.08653846153846154 0.07692307692307693
0 0.8581730769230769 0.5817307692307693 0.15384615384615385 0.08653846153846154
0 0.8509615384615384 0.5288461538461539 0.12980769230769232 0.08173076923076923
0 0.8401442307692307 0.47836538461538464 0.10817307692307693 0.0625
0 0.8449519230769231 0.42788461538461536 0.10817307692307693 0.0625
0 0.9302884615384616 0.4375 0.07211538461538461 0.08173076923076923
0 0.9567307692307693 0.4891826923076923 0.07211538461538461 0.06971153846153846
0 0.9771634615384616 0.4519230769230769 0.04567307692307692 0.09134615384615384
0 0.9699519230769231 0.5348557692307693 0.06009615384615385 0.040865384615384616
0 0.9723557692307693 0.5889423076923077 0.055288461538461536 0.052884615384615384
0 0.9423076923076923 0.5721153846153846 0.0625 0.057692307692307696
0 0.9014423076923077 0.6237980769230769 0.1201923076923077 0.06971153846153846
0 0.8942307692307693 0.6514423076923077 0.07211538461538461 0.02403846153846154
0 0.9747596153846154 0.6370192307692307 0.05048076923076923 0.052884615384615384
0 0.24278846153846154 0.0829326923076923 0.04807692307692308 0.03125
0 0.23317307692307693 0.109375 0.04807692307692308 0.026442307692307692
0 0.2692307692307692 0.11778846153846154 0.02403846153846154 0.019230769230769232
0 0.26322115384615385 0.14423076923076922 0.036057692307692304 0.019230769230769232
0 0.23557692307692307 0.13221153846153846 0.019230769230769232 0.019230769230769232
0 0.23798076923076922 0.16826923076923078 0.02403846153846154 0.019230769230769232
0 0.27163461538461536 0.16826923076923078 0.019230769230769232 0.019230769230769232
0 0.24278846153846154 0.19951923076923078 0.04807692307692308 0.02403846153846154
0 0.24879807692307693 0.22596153846153846 0.036057692307692304 0.019230769230769232
0 0.25 0.25721153846153844 0.052884615384615384 0.038461538461538464
0 0.2608173076923077 0.28725961538461536 0.040865384615384616 0.026442307692307692
0 0.2536057692307692 0.31850961538461536 0.036057692307692304 0.03125
0 0.2824519230769231 0.34134615384615385 0.040865384615384616 0.03365384615384615
0 0.32091346153846156 0.3485576923076923 0.036057692307692304 0.019230769230769232
0 0.31009615384615385 0.07932692307692307 0.057692307692307696 0.04326923076923077
0 0.2860576923076923 0.1045673076923077 0.0625 0.05048076923076923
0 0.30408653846153844 0.15625 0.055288461538461536 0.04326923076923077
0 0.28125 0.19110576923076922 0.052884615384615384 0.03125
0 0.3329326923076923 0.19471153846153846 0.040865384615384616 0.03365384615384615
0 0.2932692307692308 0.22716346153846154 0.07692307692307693 0.03125
0 0.3076923076923077 0.2620192307692308 0.052884615384615384 0.04807692307692308
0 0.31850961538461536 0.296875 0.040865384615384616 0.03125
0 0.28966346153846156 0.30528846153846156 0.036057692307692304 0.03365384615384615
0 0.3293269230769231 0.3269230769230769 0.04807692307692308 0.02403846153846154
0 0.359375 0.07451923076923077 0.040865384615384616 0.03365384615384615
0 0.3954326923076923 0.06610576923076923 0.03125 0.026442307692307692
0 0.43149038461538464 0.06971153846153846 0.03125 0.038461538461538464
0 0.45913461538461536 0.06009615384615385 0.04807692307692308 0.03365384615384615
0 0.484375 0.06971153846153846 0.036057692307692304 0.019230769230769232
0 0.5192307692307693 0.06370192307692307 0.052884615384615384 0.03125
0 0.5673076923076923 0.0625 0.04807692307692308 0.04326923076923077
0 0.6129807692307693 0.07692307692307693 0.04807692307692308 0.038461538461538464
0 0.6478365384615384 0.06370192307692307 0.040865384615384616 0.026442307692307692
0 0.6911057692307693 0.06370192307692307 0.036057692307692304 0.03125
0 0.7283653846153846 0.07692307692307693 0.02403846153846154 0.02403846153846154
0 0.7584134615384616 0.0673076923076923 0.036057692307692304 0.03365384615384615
0 0.6959134615384616 0.09495192307692307 0.036057692307692304 0.03125
0 0.6574519230769231 0.0889423076923077 0.040865384615384616 0.02403846153846154
0 0.6334134615384616 0.10697115384615384 0.036057692307692304 0.03125
0 0.5997596153846154 0.12139423076923077 0.03125 0.026442307692307692
0 0.5769230769230769 0.09735576923076923 0.057692307692307696 0.026442307692307692
0 0.5336538461538461 0.09735576923076923 0.052884615384615384 0.026442307692307692
0 0.5024038461538461 0.10817307692307693 0.052884615384615384 0.038461538461538464
0 0.4543269230769231 0.09735576923076923 0.057692307692307696 0.026442307692307692
0 0.7884615384615384 0.10216346153846154 0.04807692307692308 0.05048076923076923
0 0.7512019230769231 0.12259615384615384 0.040865384615384616 0.038461538461538464
0 0.7427884615384616 0.0985576923076923 0.04807692307692308 0.02403846153846154
0 0.7151442307692307 0.13221153846153846 0.040865384615384616 0.03365384615384615
0 0.6790865384615384 0.12139423076923077 0.040865384615384616 0.026442307692307692
0 0.6598557692307693 0.15144230769230768 0.036057692307692304 0.03365384615384615
0 0.625 0.1466346153846154 0.04807692307692308 0.03365384615384615
0 0.5709134615384616 0.12980769230769232 0.040865384615384616 0.038461538461538464
0 0.5276442307692307 0.1310096153846154 0.03125 0.03125
0 0.5036057692307693 0.1502403846153846 0.03125 0.03125
0 0.4723557692307692 0.1466346153846154 0.03125 0.03365384615384615
0 0.4543269230769231 0.11658653846153846 0.057692307692307696 0.05048076923076923
0 0.38461538461538464 0.1201923076923077 0.052884615384615384 0.04326923076923077
0 0.34975961538461536 0.1141826923076923 0.036057692307692304 0.026442307692307692
0 0.359375 0.15865384615384615 0.040865384615384616 0.03365384615384615
0 0.390625 0.15745192307692307 0.03125 0.03125
0 0.4266826923076923 0.14783653846153846 0.03125 0.026442307692307692
0 0.4495192307692308 0.16105769230769232 0.04807692307692308 0.038461538461538464
0 0.41346153846153844 0.18509615384615385 0.04807692307692308 0.038461538461538464
0 0.36899038461538464 0.18990384615384615 0.040865384615384616 0.03365384615384615
0 0.3786057692307692 0.22115384615384615 0.040865384615384616 0.03365384615384615
0 0.3473557692307692 0.23557692307692307 0.03125 0.03365384615384615
0 0.36778846153846156 0.2536057692307692 0.052884615384615384 0.03125
0 0.7860576923076923 0.14783653846153846 0.052884615384615384 0.036057692307692304
0 0.7391826923076923 0.15865384615384615 0.040865384615384616 0.019230769230769232
0 0.71875 0.17307692307692307 0.052884615384615384 0.02403846153846154
0 0.6682692307692307 0.18389423076923078 0.052884615384615384 0.03125
0 0.6298076923076923 0.171875 0.04807692307692308 0.03125
0 0.5769230769230769 0.171875 0.04807692307692308 0.026442307692307692
0 0.5348557692307693 0.16346153846153846 0.03125 0.019230769230769232
0 0.5228365384615384 0.1875 0.03125 0.014423076923076924
0 0.4807692307692308 0.1814903846153846 0.04807692307692308 0.026442307692307692
0 0.453125 0.2091346153846154 0.036057692307692304 0.04326923076923077
0 0.4170673076923077 0.22596153846153846 0.036057692307692304 0.04326923076923077
0 0.42788461538461536 0.2620192307692308 0.057692307692307696 0.038461538461538464
0 0.4050480769230769 0.2848557692307692 0.03125 0.03125
0 0.36778846153846156 0.28365384615384615 0.052884615384615384 0.019230769230769232
0 0.37740384615384615 0.31009615384615385 0.04807692307692308 0.03365384615384615
0 0.3629807692307692 0.34375 0.052884615384615384 0.02403846153846154
0 0.7716346153846154 0.17908653846153846 0.052884615384615384 0.026442307692307692
0 0.7740384615384616 0.21033653846153846 0.057692307692307696 0.026442307692307692
0 0.7367788461538461 0.1971153846153846 0.036057692307692304 0.014423076923076924
0 0.7043269230769231 0.203125 0.052884615384615384 0.03125
0 0.6610576923076923 0.22115384615384615 0.04807692307692308 0.03365384615384615
0 0.6165865384615384 0.22956730769230768 0.03125 0.026442307692307692
0 0.6286057692307693 0.20072115384615385 0.036057692307692304 0.026442307692307692
0 0.5949519230769231 0.19831730769230768 0.040865384615384616 0.026442307692307692
0 0.5564903846153846 0.20192307692307693 0.036057692307692304 0.04326923076923077
0 0.5889423076923077 0.23317307692307693 0.04807692307692308 0.03365384615384615
0 0.5216346153846154 0.21634615384615385 0.0673076923076923 0.038461538461538464
0 0.48197115384615385 0.2644230769230769 0.03125 0.03365384615384615
0 0.5228365384615384 0.25240384615384615 0.03125 0.03365384615384615
0 0.5576923076923077 0.24759615384615385 0.04807692307692308 0.04326923076923077
0 0.5625 0.2824519230769231 0.057692307692307696 0.026442307692307692
0 0.5985576923076923 0.25841346153846156 0.057692307692307696 0.03125
0 0.6490384615384616 0.2608173076923077 0.02403846153846154 0.03125
0 0.6826923076923077 0.26322115384615385 0.052884615384615384 0.026442307692307692
0 0.7055288461538461 0.23076923076923078 0.036057692307692304 0.02403846153846154
0 0.7536057692307693 0.24639423076923078 0.036057692307692304 0.03125
0 0.7199519230769231 0.25961538461538464 0.040865384615384616 0.03365384615384615
0 0.7896634615384616 0.23798076923076922 0.036057692307692304 0.02403846153846154
0 0.7740384615384616 0.26802884615384615 0.04807692307692308 0.026442307692307692
0 0.7463942307692307 0.2860576923076923 0.040865384615384616 0.02403846153846154
0 0.7151442307692307 0.28846153846153844 0.040865384615384616 0.02403846153846154
0 0.6838942307692307 0.2932692307692308 0.040865384615384616 0.014423076923076924
0 0.6466346153846154 0.30288461538461536 0.052884615384615384 0.03365384615384615
0 0.6141826923076923 0.2860576923076923 0.036057692307692304 0.019230769230769232
0 0.6033653846153846 0.31850961538461536 0.04807692307692308 0.03125
0 0.5649038461538461 0.3137019230769231 0.019230769230769232 0.026442307692307692
0 0.5276442307692307 0.31850961538461536 0.040865384615384616 0.03125
0 0.5180288461538461 0.28966346153846156 0.03125 0.026442307692307692
0 0.46634615384615385 0.2956730769230769 0.052884615384615384 0.02403846153846154
0 0.4735576923076923 0.32572115384615385 0.057692307692307696 0.026442307692307692
0 0.4230769230769231 0.29927884615384615 0.04807692307692308 0.026442307692307692
0 0.41225961538461536 0.3317307692307692 0.036057692307692304 0.02403846153846154
0 0.41466346153846156 0.34975961538461536 0.03125 0.01201923076923077
0 0.45913461538461536 0.3449519230769231 0.057692307692307696 0.026442307692307692
0 0.5036057692307693 0.34615384615384615 0.03125 0.02403846153846154
0 0.5372596153846154 0.3485576923076923 0.036057692307692304 0.019230769230769232
0 0.5757211538461539 0.3449519230769231 0.040865384615384616 0.026442307692307692
0 0.6069711538461539 0.34615384615384615 0.03125 0.014423076923076924
0 0.6334134615384616 0.3269230769230769 0.036057692307692304 0.038461538461538464
0 0.6526442307692307 0.3401442307692308 0.040865384615384616 0.026442307692307692
0 0.6935096153846154 0.34615384615384615 0.03125 0.02403846153846154
0 0.7019230769230769 0.31490384615384615 0.057692307692307696 0.03365384615384615
0 0.7211538461538461 0.3389423076923077 0.02403846153846154 0.014423076923076924
0 0.7391826923076923 0.31850961538461536 0.03125 0.026442307692307692
0 0.7596153846153846 0.33774038461538464 0.052884615384615384 0.03125
0 0.7692307692307693 0.3016826923076923 0.04807692307692308 0.026442307692307692
2 0.234375 0.6694711538461539 0.4543269230769231 0.49759615384615385
2 0.5108173076923077 0.1971153846153846 0.6850961538461539 0.3701923076923077
2 0.7307692307692307 0.6418269230769231 0.5384615384615384 0.5865384615384616
