0 0.8076923076923077 0.9807692307692307 0.09134615384615384 0.038461538461538464
0 0.7067307692307693 0.9807692307692307 0.11057692307692307 0.038461538461538464
0 0.7235576923076923 0.9483173076923077 0.09615384615384616 0.055288461538461536
0 0.7307692307692307 0.9014423076923077 0.1201923076923077 0.07211538461538461
0 0.8076923076923077 0.9399038461538461 0.057692307692307696 0.057692307692307696
0 0.8269230769230769 0.8966346153846154 0.038461538461538464 0.0673076923076923
0 0.7932692307692307 0.8209134615384616 0.09615384615384616 0.09375
0 0.6899038461538461 0.8257211538461539 0.14423076923076922 0.07932692307692307
0 0.6742788461538461 0.8677884615384616 0.04567307692307692 0.028846153846153848
0 0.6346153846153846 0.9038461538461539 0.125 0.07692307692307693
0 0.5697115384615384 0.8774038461538461 0.20192307692307693 0.24519230769230768
0 0.3786057692307692 0.9230769230769231 0.24759615384615385 0.07692307692307693
0 0.5372596153846154 0.7524038461538461 0.10336538461538461 0.08173076923076923
0 0.5853365384615384 0.8028846153846154 0.07451923076923077 0.0625
0 0.6322115384615384 0.7608173076923077 0.08653846153846154 0.07932692307692307
0 0.71875 0.7524038461538461 0.1201923076923077 0.09615384615384616
0 0.7896634615384616 0.7175480769230769 0.10336538461538461 0.10336538461538461
0 0.6442307692307693 0.6778846153846154 0.11057692307692307 0.0673076923076923
0 0.7211538461538461 0.6971153846153846 0.057692307692307696 0.052884615384615384
0 0.765625 0.6610576923076923 0.07451923076923077 0.04807692307692308
0 0.796875 0.6298076923076923 0.10336538461538461 0.10096153846153846
0 0.7079326923076923 0.6129807692307693 0.07451923076923077 0.04807692307692308
0 0.6923076923076923 0.6418269230769231 0.09134615384615384 0.03365384615384615
0 0.5625 0.6418269230769231 0.1201923076923077 0.07211538461538461
0 0.5264423076923077 0.7007211538461539 0.09134615384615384 0.055288461538461536
0 0.6009615384615384 0.7139423076923077 0.09134615384615384 0.052884615384615384
0 0.6129807692307693 0.5985576923076923 0.09134615384615384 0.057692307692307696
0 0.47115384615384615 0.59375 0.08653846153846154 0.07692307692307693
0 0.5168269230769231 0.5757211538461539 0.08653846153846154 0.055288461538461536
0 0.46875 0.6706730769230769 0.08173076923076923 0.10096153846153846
0 0.3942307692307692 0.5721153846153846 0.13942307692307693 0.1875
0 0.5336538461538461 0.5240384615384616 0.09615384615384616 0.0625
0 0.46875 0.5384615384615384 0.057692307692307696 0.04326923076923077
0 0.4375 0.5552884615384616 0.052884615384615384 0.038461538461538464
0 0.4495192307692308 0.4831730769230769 0.11057692307692307 0.0673076923076923
0 0.7403846153846154 0.5144230769230769 0.21153846153846154 0.13942307692307693
0 0.796875 0.3629807692307692 0.10336538461538461 0.14903846153846154
0 0.6129807692307693 0.5 0.09134615384615384 0.0673076923076923
0 0.6923076923076923 0.4675480769230769 0.0673076923076923 0.055288461538461536
0 0.7355769230769231 0.4254807692307692 0.09615384615384616 0.08653846153846154
0 0.6418269230769231 0.40384615384615385 0.11538461538461539 0.0673076923076923
0 0.5576923076923077 0.43028846153846156 0.1201923076923077 0.08173076923076923
0 0.5288461538461539 0.4723557692307692 0.08653846153846154 0.055288461538461536
0 0.46875 0.4110576923076923 0.13942307692307693 0.08173076923076923
0 0.3942307692307692 0.39663461538461536 0.057692307692307696 0.0673076923076923
0 0.3389423076923077 0.3605769230769231 0.08653846153846154 0.0625
0 0.33413461538461536 0.43028846153846156 0.09615384615384616 0.0673076923076923
0 0.33653846153846156 0.3293269230769231 0.09134615384615384 0.04326923076923077
0 0.38221153846153844 0.3317307692307692 0.03365384615384615 0.04326923076923077
0 0.45913461538461536 0.359375 0.14423076923076922 0.07932692307692307
0 0.5721153846153846 0.3605769230769231 0.0673076923076923 0.07692307692307693
0 0.5432692307692307 0.29086538461538464 0.13942307692307693 0.08653846153846154
0 0.6189903846153846 0.3245192307692308 0.04567307692307692 0.04326923076923077
0 0.6754807692307693 0.3317307692307692 0.0673076923076923 0.0673076923076923
0 0.7211538461538461 0.3605769230769231 0.03365384615384615 0.038461538461538464
0 0.7439903846153846 0.30528846153846156 0.10336538461538461 0.07211538461538461
0 0.7932692307692307 0.25240384615384615 0.0625 0.052884615384615384
0 0.8341346153846154 0.25240384615384615 0.028846153846153848 0.038461538461538464
0 0.6887019230769231 0.2644230769230769 0.13221153846153846 0.0673076923076923
0 0.6153846153846154 0.22596153846153846 0.09615384615384616 0.10096153846153846
0 0.7163461538461539 0.1971153846153846 0.11538461538461539 0.0673076923076923
0 0.8052884615384616 0.18990384615384615 0.0625 0.0673076923076923
0 0.8269230769230769 0.13701923076923078 0.028846153846153848 0.04807692307692308
0 0.8185096153846154 0.08173076923076923 0.04567307692307692 0.0673076923076923
0 0.7908653846153846 0.038461538461538464 0.09134615384615384 0.0673076923076923
0 0.7836538461538461 0.09975961538461539 0.08173076923076923 0.055288461538461536
0 0.7211538461538461 0.12980769230769232 0.08173076923076923 0.057692307692307696
0 0.7644230769230769 0.14903846153846154 0.1201923076923077 0.038461538461538464
0 0.7091346153846154 0.054086538461538464 0.125 0.07932692307692307
0 0.6370192307692307 0.0673076923076923 0.1201923076923077 0.09134615384615384
0 0.6129807692307693 0.14423076923076922 0.125 0.0673076923076923
0 0.5336538461538461 0.1778846153846154 0.09615384615384616 0.08173076923076923
0 0.5625 0.24879807692307693 0.038461538461538464 0.055288461538461536
0 0.5060096153846154 0.25841346153846156 0.07451923076923077 0.055288461538461536
0 0.4230769230769231 0.2764423076923077 0.09134615384615384 0.07211538461538461
0 0.4651442307692308 0.21394230769230768 0.07451923076923077 0.057692307692307696
0 0.515625 0.11057692307692307 0.10336538461538461 0.0673076923076923
0 0.5769230769230769 0.04567307692307692 0.11538461538461539 0.052884615384615384
0 0.5985576923076923 0.014423076923076924 0.08653846153846154 0.019230769230769232
0 0.4855769230769231 0.03245192307692308 0.09615384615384616 0.06009615384615385
0 0.38822115384615385 0.038461538461538464 0.10336538461538461 0.07211538461538461
0 0.43028846153846156 0.08413461538461539 0.09615384615384616 0.052884615384615384
0 0.36538461538461536 0.09375 0.057692307692307696 0.0673076923076923
0 0.30528846153846156 0.0985576923076923 0.09615384615384616 0.0673076923076923
0 0.3076923076923077 0.05048076923076923 0.057692307692307696 0.04326923076923077
0 0.2980769230769231 0.014423076923076924 0.0625 0.02403846153846154
0 0.2668269230769231 0.13221153846153846 0.057692307692307696 0.04326923076923077
0 0.28365384615384615 0.1778846153846154 0.0673076923076923 0.038461538461538464
0 0.2548076923076923 0.19591346153846154 0.0673076923076923 0.040865384615384616
0 0.27403846153846156 0.2403846153846154 0.0673076923076923 0.057692307692307696
0 0.3269230769230769 0.24158653846153846 0.052884615384615384 0.03125
0 0.3557692307692308 0.2764423076923077 0.0625 0.04807692307692308
0 0.32211538461538464 0.24759615384615385 0.038461538461538464 0.03365384615384615
0 0.34134615384615385 0.21875 0.08173076923076923 0.052884615384615384
0 0.31971153846153844 0.18990384615384615 0.057692307692307696 0.04326923076923077
0 0.37259615384615385 0.1778846153846154 0.0625 0.052884615384615384
0 0.3557692307692308 0.1466346153846154 0.052884615384615384 0.04807692307692308
0 0.4110576923076923 0.1310096153846154 0.03365384615384615 0.040865384615384616
0 0.46875 0.125 0.09134615384615384 0.0673076923076923
0 0.4423076923076923 0.17908653846153846 0.0625 0.055288461538461536
0 0.5324519230769231 0.18028846153846154 0.10336538461538461 0.07211538461538461
0 0.38461538461538464 0.24278846153846154 0.0625 0.04326923076923077
0 0.5384615384615384 0.29086538461538464 0.125 0.07211538461538461
0 0.6802884615384616 0.2608173076923077 0.11538461538461539 0.055288461538461536
0 0.6262019230769231 0.2403846153846154 0.07451923076923077 0.0625
0 0.6298076923076923 0.19110576923076922 0.0673076923076923 0.03125
3 0.24759615384615385 0.7211538461538461 0.4855769230769231 0.3701923076923077
