0 0.46153846153846156 0.1814903846153846 0.1971153846153846 0.1466346153846154
0 0.37259615384615385 0.13221153846153846 0.08653846153846154 0.10576923076923077
0 0.31009615384615385 0.21033653846153846 0.33653846153846156 0.38221153846153844
0 0.2932692307692308 0.3389423076923077 0.15865384615384615 0.15384615384615385
0 0.7139423076923077 0.2860576923076923 0.4855769230769231 0.41346153846153844
0 0.30528846153846156 0.5649038461538461 0.44711538461538464 0.875
0 0.7475961538461539 0.7620192307692307 0.21153846153846154 0.25961538461538464
0 0.6334134615384616 0.7307692307692307 0.10817307692307693 0.17307692307692307
0 0.6790865384615384 0.9074519230769231 0.18509615384615385 0.12740384615384615
0 0.6983173076923077 0.6201923076923077 0.6081730769230769 0.7596153846153846
0 0.4879807692307692 0.6105769230769231 0.4326923076923077 0.27403846153846156
0 0.33774038461538464 0.5024038461538461 0.18509615384615385 0.18269230769230768
