0 0.14182692307692307 0.07091346153846154 0.2692307692307692 0.12740384615384615
0 0.3125 0.09375 0.4519230769230769 0.17307692307692307
0 0.3125 0.1310096153846154 0.4519230769230769 0.24759615384615385
0 0.052884615384615384 0.16346153846153846 0.08653846153846154 0.10096153846153846
0 0.6454326923076923 0.03245192307692308 0.25721153846153844 0.05048076923076923
0 0.6670673076923077 0.16826923076923078 0.37740384615384615 0.24519230769230768
0 0.4807692307692308 0.30408653846153844 0.28846153846153844 0.19951923076923078
0 0.17668269230769232 0.3088942307692308 0.3389423076923077 0.21875
0 0.20192307692307693 0.48197115384615385 0.3894230769230769 0.24759615384615385
0 0.036057692307692304 0.5889423076923077 0.052884615384615384 0.16826923076923078
0 0.20673076923076922 0.7331730769230769 0.39903846153846156 0.2644230769230769
0 0.06850961538461539 0.9014423076923077 0.12259615384615384 0.1971153846153846
0 0.25600961538461536 0.9242788461538461 0.3245192307692308 0.15144230769230768
0 0.48197115384615385 0.8846153846153846 0.40625 0.23076923076923078
0 0.5612980769230769 0.6129807692307693 0.41586538461538464 0.25961538461538464
0 0.5168269230769231 0.7620192307692307 0.25 0.0673076923076923
0 0.5841346153846154 0.3701923076923077 0.3894230769230769 0.3125
0 0.8317307692307693 0.3329326923076923 0.33653846153846156 0.2283653846153846
0 0.8197115384615384 0.5697115384615384 0.27884615384615385 0.2403846153846154
0 0.8197115384615384 0.8088942307692307 0.3557692307692308 0.25240384615384615
0 0.8173076923076923 0.9026442307692307 0.27403846153846156 0.11298076923076923
0 0.6646634615384616 0.9723557692307693 0.16105769230769232 0.055288461538461536
0 0.8617788461538461 0.9771634615384616 0.2764423076923077 0.04567307692307692
4 0.921875 0.11658653846153846 0.15625 0.22355769230769232
4 0.9759615384615384 0.5576923076923077 0.052884615384615384 0.2644230769230769
4 0.9519230769230769 0.6875 0.09615384615384616 0.09134615384615384
4 0.9759615384615384 0.9254807692307693 0.04807692307692308 0.08173076923076923
