0 0.7644230769230769 0.6370192307692307 0.11538461538461539 0.1875
0 0.78125 0.5096153846153846 0.0625 0.125
0 0.703125 0.3918269230769231 0.10817307692307693 0.1201923076923077
0 0.6802884615384616 0.5048076923076923 0.14423076923076922 0.23076923076923078
0 0.6418269230769231 0.6995192307692307 0.13942307692307693 0.19230769230769232
0 0.5492788461538461 0.5576923076923077 0.12740384615384615 0.21153846153846154
0 0.6069711538461539 0.46153846153846156 0.05048076923076923 0.052884615384615384
0 0.5913461538461539 0.3389423076923077 0.11057692307692307 0.19230769230769232
0 0.6418269230769231 0.30288461538461536 0.057692307692307696 0.11057692307692307
0 0.5192307692307693 0.2127403846153846 0.1346153846153846 0.22355769230769232
0 0.3737980769230769 0.27403846153846156 0.15625 0.21153846153846154
0 0.47115384615384615 0.41466346153846156 0.1346153846153846 0.18028846153846154
0 0.4266826923076923 0.5841346153846154 0.10817307692307693 0.19230769230769232
0 0.48677884615384615 0.7367788461538461 0.12740384615384615 0.22355769230769232
0 0.34134615384615385 0.6802884615384616 0.1346153846153846 0.20673076923076922
0 0.3605769230769231 0.4831730769230769 0.08653846153846154 0.1971153846153846
0 0.25961538461538464 0.41586538461538464 0.15865384615384615 0.21153846153846154
0 0.28846153846153844 0.5961538461538461 0.0673076923076923 0.125
