0 0.21394230769230768 0.8088942307692307 0.41346153846153844 0.37740384615384615
0 0.35336538461538464 0.9747596153846154 0.30288461538461536 0.05048076923076923
0 0.6370192307692307 0.8930288461538461 0.6971153846153846 0.2091346153846154
0 0.5024038461538461 0.5240384615384616 0.9903846153846154 0.7548076923076923
0 0.36538461538461536 0.0889423076923077 0.6538461538461539 0.17307692307692307
0 0.07211538461538461 0.1466346153846154 0.12980769230769232 0.28846153846153844
0 0.7692307692307693 0.055288461538461536 0.22596153846153846 0.10096153846153846
0 0.7487980769230769 0.0889423076923077 0.31971153846153844 0.17307692307692307
0 0.7980769230769231 0.375 0.375 0.46634615384615385
0 0.875 0.7139423076923077 0.15865384615384615 0.2403846153846154
0 0.9134615384615384 0.8497596153846154 0.08173076923076923 0.09375
0 0.9783653846153846 0.8545673076923077 0.04326923076923077 0.0889423076923077
0 0.9831730769230769 0.9507211538461539 0.038461538461538464 0.09375
0 0.9471153846153846 0.6286057692307693 0.10576923076923077 0.15144230769230768
0 0.9723557692307693 0.6117788461538461 0.055288461538461536 0.0985576923076923
0 0.9675480769230769 0.7199519230769231 0.06490384615384616 0.12259615384615384
0 0.9675480769230769 0.49158653846153844 0.06490384615384616 0.12740384615384615
0 0.9375 0.16826923076923078 0.10096153846153846 0.11538461538461539
0 0.9362980769230769 0.056490384615384616 0.0985576923076923 0.10817307692307693
