0 0.125 0.6454326923076923 0.125 0.07932692307692307
0 0.28125 0.7884615384615384 0.20673076923076922 0.07211538461538461
0 0.3641826923076923 0.8581730769230769 0.0985576923076923 0.08653846153846154
0 0.33413461538461536 0.8954326923076923 0.07211538461538461 0.06971153846153846
0 0.3245192307692308 0.9338942307692307 0.052884615384615384 0.05048076923076923
0 0.40625 0.9362980769230769 0.08653846153846154 0.0985576923076923
0 0.4543269230769231 0.9855769230769231 0.08173076923076923 0.028846153846153848
0 0.49399038461538464 0.9350961538461539 0.14182692307692307 0.11538461538461539
0 0.6322115384615384 0.9675480769230769 0.16346153846153846 0.06490384615384616
0 0.7355769230769231 0.9290865384615384 0.3269230769230769 0.14182692307692307
0 0.5456730769230769 0.8966346153846154 0.07211538461538461 0.052884615384615384
0 0.5168269230769231 0.8341346153846154 0.12980769230769232 0.09134615384615384
0 0.4326923076923077 0.8533653846153846 0.09134615384615384 0.1201923076923077
0 0.25961538461538464 0.6935096153846154 0.1201923076923077 0.12740384615384615
0 0.35216346153846156 0.7139423076923077 0.0985576923076923 0.09134615384615384
0 0.43028846153846156 0.7920673076923077 0.12980769230769232 0.07932692307692307
0 0.5120192307692307 0.7644230769230769 0.23076923076923078 0.15384615384615385
0 0.6598557692307693 0.8245192307692307 0.0985576923076923 0.057692307692307696
0 0.5264423076923077 0.8389423076923077 0.12980769230769232 0.07211538461538461
0 0.6947115384615384 0.7884615384615384 0.19230769230769232 0.11538461538461539
0 0.7824519230769231 0.7704326923076923 0.10336538461538461 0.08413461538461539
0 0.8701923076923077 0.8317307692307693 0.125 0.07692307692307693
0 0.8701923076923077 0.7451923076923077 0.09134615384615384 0.057692307692307696
0 0.8461538461538461 0.6935096153846154 0.125 0.06971153846153846
0 0.6370192307692307 0.625 0.20673076923076922 0.20192307692307693
0 0.5408653846153846 0.7163461538461539 0.16826923076923078 0.20192307692307693
0 0.38461538461538464 0.6394230769230769 0.16346153846153846 0.10576923076923077
0 0.5300480769230769 0.5552884615384616 0.25721153846153844 0.27884615384615385
0 0.3329326923076923 0.5456730769230769 0.13701923076923078 0.08173076923076923
0 0.25600961538461536 0.5913461538461539 0.10336538461538461 0.08173076923076923
0 0.22355769230769232 0.48197115384615385 0.15865384615384615 0.10817307692307693
0 0.328125 0.42788461538461536 0.10336538461538461 0.0673076923076923
0 0.33413461538461536 0.47836538461538464 0.08173076923076923 0.038461538461538464
0 0.30288461538461536 0.39903846153846156 0.3173076923076923 0.12980769230769232
0 0.21634615384615385 0.2932692307692308 0.1971153846153846 0.12980769230769232
0 0.26322115384615385 0.1935096153846154 0.25721153846153844 0.18509615384615385
0 0.3449519230769231 0.32572115384615385 0.10336538461538461 0.09375
0 0.36538461538461536 0.07451923076923077 0.16826923076923078 0.0673076923076923
0 0.3894230769230769 0.14182692307692307 0.125 0.07211538461538461
0 0.4098557692307692 0.1814903846153846 0.10336538461538461 0.07932692307692307
0 0.4951923076923077 0.15985576923076922 0.11057692307692307 0.12259615384615384
0 0.4206730769230769 0.03365384615384615 0.08173076923076923 0.0625
0 0.5817307692307693 0.04927884615384615 0.3173076923076923 0.09375
0 0.6009615384615384 0.10697115384615384 0.3125 0.19951923076923078
0 0.7836538461538461 0.07932692307692307 0.10096153846153846 0.15384615384615385
0 0.9134615384615384 0.038461538461538464 0.16826923076923078 0.07211538461538461
0 0.8629807692307693 0.2247596153846154 0.2692307692307692 0.19951923076923078
0 0.8028846153846154 0.4495192307692308 0.28846153846153844 0.25961538461538464
0 0.7788461538461539 0.5360576923076923 0.35096153846153844 0.08653846153846154
0 0.8425480769230769 0.5697115384615384 0.22355769230769232 0.09615384615384616
0 0.8389423076923077 0.5889423076923077 0.12980769230769232 0.11538461538461539
0 0.3317307692307692 0.18990384615384615 0.16346153846153846 0.07692307692307693
0 0.6850961538461539 0.1201923076923077 0.1201923076923077 0.08173076923076923
0 0.6129807692307693 0.19230769230769232 0.09134615384615384 0.07211538461538461
0 0.5649038461538461 0.2668269230769231 0.07692307692307693 0.0673076923076923
0 0.6947115384615384 0.20432692307692307 0.32211538461538464 0.09615384615384616
0 0.5697115384615384 0.3076923076923077 0.32211538461538464 0.22596153846153846
0 0.515625 0.42788461538461536 0.2956730769230769 0.20673076923076922
0 0.4795673076923077 0.30288461538461536 0.0985576923076923 0.17307692307692307
0 0.4074519230769231 0.38341346153846156 0.0985576923076923 0.09375
