0 0.8305288461538461 0.6274038461538461 0.3389423076923077 0.4567307692307692
0 0.7740384615384616 0.9074519230769231 0.1346153846153846 0.18028846153846154
0 0.8942307692307693 0.9098557692307693 0.16346153846153846 0.17548076923076922
0 0.9555288461538461 0.8365384615384616 0.06971153846153846 0.12980769230769232
0 0.9771634615384616 0.9639423076923077 0.04567307692307692 0.07692307692307693
0 0.9927884615384616 0.6838942307692307 0.014423076923076924 0.53125
0 0.9579326923076923 0.35096153846153844 0.08413461538461539 0.22596153846153846
0 0.84375 0.21995192307692307 0.28365384615384615 0.3918269230769231
0 0.5721153846153846 0.7524038461538461 0.3605769230769231 0.49038461538461536
0 0.49158653846153844 0.9819711538461539 0.12740384615384615 0.03125
0 0.6466346153846154 0.26802884615384615 0.3173076923076923 0.45913461538461536
0 0.4543269230769231 0.15865384615384615 0.13942307692307693 0.14423076923076922
0 0.34975961538461536 0.32211538461538464 0.2860576923076923 0.3701923076923077
0 0.34375 0.5456730769230769 0.09615384615384616 0.1201923076923077
0 0.3701923076923077 0.6418269230769231 0.07692307692307693 0.09134615384615384
0 0.3293269230769231 0.7331730769230769 0.11057692307692307 0.1201923076923077
0 0.31490384615384615 0.9122596153846154 0.23076923076923078 0.17067307692307693
0 0.140625 0.6935096153846154 0.2668269230769231 0.24759615384615385
0 0.24759615384615385 0.5168269230769231 0.09615384615384616 0.12980769230769232
0 0.18870192307692307 0.35697115384615385 0.03125 0.036057692307692304
0 0.16466346153846154 0.3641826923076923 0.03125 0.03125
0 0.09615384615384616 0.49759615384615385 0.04807692307692308 0.0625
0 0.13822115384615385 0.296875 0.03125 0.03125
0 0.1971153846153846 0.20552884615384615 0.03365384615384615 0.036057692307692304
0 0.014423076923076924 0.36778846153846156 0.014423076923076924 0.052884615384615384
0 0.037259615384615384 0.2644230769230769 0.03125 0.04807692307692308
0 0.04326923076923077 0.22716346153846154 0.03365384615384615 0.036057692307692304
0 0.014423076923076924 0.22115384615384615 0.014423076923076924 0.04807692307692308
0 0.06971153846153846 0.18629807692307693 0.038461538461538464 0.036057692307692304
0 0.046875 0.17067307692307693 0.026442307692307692 0.02403846153846154
0 0.08653846153846154 0.11298076923076923 0.03365384615384615 0.04807692307692308
0 0.12259615384615384 0.12259615384615384 0.052884615384615384 0.052884615384615384
0 0.18028846153846154 0.10096153846153846 0.10096153846153846 0.0625
0 0.2283653846153846 0.056490384615384616 0.03365384615384615 0.036057692307692304
0 0.21634615384615385 0.03365384615384615 0.14903846153846154 0.0625
0 0.26802884615384615 0.0625 0.026442307692307692 0.02403846153846154
0 0.29927884615384615 0.057692307692307696 0.026442307692307692 0.02403846153846154
0 0.5985576923076923 0.03125 0.5144230769230769 0.057692307692307696
0 0.6887019230769231 0.9302884615384616 0.12740384615384615 0.1346153846153846
