0 0.8894230769230769 0.8966346153846154 0.11057692307692307 0.20192307692307693
0 0.9399038461538461 0.7620192307692307 0.1201923076923077 0.17307692307692307
0 0.9471153846153846 0.6165865384615384 0.10576923076923077 0.18028846153846154
0 0.8918269230769231 0.5456730769230769 0.14903846153846154 0.19230769230769232
0 0.9110576923076923 0.3701923076923077 0.12980769230769232 0.15384615384615385
0 0.9182692307692307 0.17067307692307693 0.1346153846153846 0.21153846153846154
0 0.8365384615384616 0.12860576923076922 0.07692307692307693 0.14182692307692307
0 0.7572115384615384 0.15865384615384615 0.14903846153846154 0.23557692307692307
0 0.8028846153846154 0.27884615384615385 0.13942307692307693 0.15865384615384615
0 0.8004807692307693 0.46153846153846156 0.12980769230769232 0.1971153846153846
0 0.7524038461538461 0.5925480769230769 0.15865384615384615 0.2091346153846154
0 0.8221153846153846 0.6995192307692307 0.1346153846153846 0.15865384615384615
0 0.8076923076923077 0.8509615384615384 0.14423076923076922 0.1971153846153846
0 0.7451923076923077 0.9675480769230769 0.11057692307692307 0.06009615384615385
0 0.6766826923076923 0.8846153846153846 0.13701923076923078 0.15865384615384615
0 0.6382211538461539 0.9735576923076923 0.12259615384615384 0.04807692307692308
0 0.5396634615384616 0.8942307692307693 0.12740384615384615 0.20673076923076922
0 0.34375 0.9423076923076923 0.13942307692307693 0.11057692307692307
0 0.4014423076923077 0.9567307692307693 0.0673076923076923 0.08173076923076923
0 0.4495192307692308 0.9350961538461539 0.07211538461538461 0.125
0 0.22235576923076922 0.9567307692307693 0.1466346153846154 0.08173076923076923
0 0.10216346153846154 0.8858173076923077 0.14182692307692307 0.22355769230769232
0 0.037259615384615384 0.6105769230769231 0.06971153846153846 0.20673076923076922
0 0.125 0.6526442307692307 0.1346153846153846 0.2283653846153846
0 0.21394230769230768 0.8088942307692307 0.13942307692307693 0.22355769230769232
0 0.25 0.6634615384615384 0.125 0.17307692307692307
0 0.25721153846153844 0.5240384615384616 0.14423076923076922 0.21153846153846154
0 0.16346153846153846 0.42427884615384615 0.15384615384615385 0.2091346153846154
0 0.078125 0.4735576923076923 0.11298076923076923 0.1875
0 0.10336538461538461 0.2932692307692308 0.04807692307692308 0.12980769230769232
0 0.17307692307692307 0.26322115384615385 0.14903846153846154 0.21394230769230768
0 0.296875 0.31490384615384615 0.13221153846153846 0.1971153846153846
0 0.3125 0.4074519230769231 0.16826923076923078 0.0985576923076923
0 0.42908653846153844 0.4567307692307692 0.06490384615384616 0.08653846153846154
0 0.45552884615384615 0.5733173076923077 0.0985576923076923 0.18028846153846154
0 0.3545673076923077 0.49759615384615385 0.0985576923076923 0.15865384615384615
0 0.12620192307692307 0.11298076923076923 0.13221153846153846 0.1971153846153846
0 0.23677884615384615 0.09014423076923077 0.11778846153846154 0.17548076923076922
0 0.31971153846153844 0.03365384615384615 0.11538461538461539 0.057692307692307696
0 0.4483173076923077 0.05048076923076923 0.14182692307692307 0.09134615384615384
0 0.6021634615384616 0.09134615384615384 0.11778846153846154 0.17307692307692307
0 0.7007211538461539 0.037259615384615384 0.11778846153846154 0.06490384615384616
0 0.8100961538461539 0.03365384615384615 0.11057692307692307 0.057692307692307696
0 0.6850961538461539 0.2932692307692308 0.10576923076923077 0.1971153846153846
0 0.5769230769230769 0.25240384615384615 0.1201923076923077 0.19230769230769232
0 0.49158653846153844 0.15625 0.11298076923076923 0.1971153846153846
0 0.4170673076923077 0.3004807692307692 0.10336538461538461 0.20192307692307693
0 0.359375 0.14182692307692307 0.11778846153846154 0.16826923076923078
0 0.4254807692307692 0.15264423076923078 0.038461538461538464 0.13701923076923078
0 0.5841346153846154 0.44350961538461536 0.1201923076923077 0.18028846153846154
0 0.6754807692307693 0.49038461538461536 0.12980769230769232 0.17307692307692307
0 0.6586538461538461 0.7331730769230769 0.15865384615384615 0.23557692307692307
0 0.4879807692307692 0.78125 0.1201923076923077 0.20192307692307693
0 0.5649038461538461 0.6742788461538461 0.1346153846153846 0.21875
0 0.3713942307692308 0.8245192307692307 0.12740384615384615 0.15865384615384615
0 0.2932692307692308 0.8221153846153846 0.057692307692307696 0.17307692307692307
0 0.3713942307692308 0.6826923076923077 0.14182692307692307 0.21153846153846154
0 0.49038461538461536 0.36538461538461536 0.11057692307692307 0.19230769230769232
0 0.43509615384615385 0.4483173076923077 0.08173076923076923 0.10336538461538461
