0 0.6069711538461539 0.6923076923076923 0.78125 0.44711538461538464
0 0.8028846153846154 0.5697115384615384 0.3894230769230769 0.46153846153846156
0 0.4807692307692308 0.30288461538461536 0.7692307692307693 0.3269230769230769
0 0.8533653846153846 0.13221153846153846 0.07211538461538461 0.038461538461538464
0 0.9230769230769231 0.10576923076923077 0.04807692307692308 0.038461538461538464
0 0.43990384615384615 0.16706730769230768 0.0673076923076923 0.07932692307692307
0 0.24278846153846154 0.4014423076923077 0.40384615384615385 0.39903846153846156
0 0.43149038461538464 0.59375 0.4206730769230769 0.3317307692307692
0 0.46033653846153844 0.9266826923076923 0.4014423076923077 0.1466346153846154
0 0.14302884615384615 0.8016826923076923 0.28125 0.39663461538461536
