0 0.24639423076923078 0.054086538461538464 0.2860576923076923 0.08413461538461539
0 0.4170673076923077 0.1658653846153846 0.3870192307692308 0.11538461538461539
0 0.4543269230769231 0.08413461538461539 0.15384615384615385 0.08173076923076923
0 0.4855769230769231 0.06490384615384616 0.25 0.11538461538461539
0 0.6466346153846154 0.13942307692307693 0.15384615384615385 0.057692307692307696
0 0.7680288461538461 0.13942307692307693 0.11298076923076923 0.0625
0 0.7139423076923077 0.10576923076923077 0.30288461538461536 0.11538461538461539
0 0.47836538461538464 0.29086538461538464 0.08173076923076923 0.08173076923076923
0 0.46634615384615385 0.2403846153846154 0.08173076923076923 0.052884615384615384
0 0.3858173076923077 0.25 0.13701923076923078 0.0673076923076923
0 0.3918269230769231 0.2956730769230769 0.125 0.04326923076923077
0 0.4026442307692308 0.34134615384615385 0.18990384615384615 0.08173076923076923
0 0.27163461538461536 0.2548076923076923 0.1201923076923077 0.09615384615384616
0 0.22596153846153846 0.20793269230769232 0.07692307692307693 0.08413461538461539
0 0.1346153846153846 0.15625 0.16826923076923078 0.08653846153846154
0 0.125 0.21394230769230768 0.17307692307692307 0.08653846153846154
0 0.16105769230769232 0.2668269230769231 0.125 0.038461538461538464
0 0.04567307692307692 0.2644230769230769 0.07211538461538461 0.07692307692307693
0 0.22115384615384615 0.34615384615384615 0.24519230769230768 0.12980769230769232
0 0.15384615384615385 0.34975961538461536 0.23076923076923078 0.12740384615384615
0 0.14182692307692307 0.3870192307692308 0.23076923076923078 0.10576923076923077
0 0.10697115384615384 0.41346153846153844 0.13701923076923078 0.08653846153846154
0 0.2536057692307692 0.4879807692307692 0.4879807692307692 0.2403846153846154
0 0.5300480769230769 0.3425480769230769 0.06490384615384616 0.05048076923076923
0 0.6754807692307693 0.3125 0.3557692307692308 0.30288461538461536
0 0.8533653846153846 0.19951923076923078 0.1201923076923077 0.057692307692307696
0 0.8293269230769231 0.2980769230769231 0.02403846153846154 0.028846153846153848
0 0.7391826923076923 0.4807692307692308 0.18509615384615385 0.23076923076923078
0 0.8269230769230769 0.4735576923076923 0.22115384615384615 0.16346153846153846
0 0.5985576923076923 0.5649038461538461 0.20192307692307693 0.16826923076923078
0 0.5480769230769231 0.4735576923076923 0.04326923076923077 0.028846153846153848
0 0.4951923076923077 0.4639423076923077 0.028846153846153848 0.019230769230769232
0 0.4795673076923077 0.4855769230769231 0.06009615384615385 0.02403846153846154
0 0.45913461538461536 0.49278846153846156 0.04326923076923077 0.02403846153846154
0 0.4855769230769231 0.515625 0.04807692307692308 0.026442307692307692
0 0.44711538461538464 0.5144230769230769 0.052884615384615384 0.03365384615384615
0 0.5216346153846154 0.5757211538461539 0.08173076923076923 0.05048076923076923
0 0.43509615384615385 0.5588942307692307 0.10096153846153846 0.06009615384615385
0 0.2644230769230769 0.5264423076923077 0.1201923076923077 0.12980769230769232
0 0.39903846153846156 0.6105769230769231 0.1971153846153846 0.0625
0 0.5673076923076923 0.6430288461538461 0.08173076923076923 0.05048076923076923
0 0.5168269230769231 0.6742788461538461 0.20673076923076922 0.05048076923076923
0 0.2536057692307692 0.7019230769230769 0.23798076923076922 0.0673076923076923
0 0.2439903846153846 0.6514423076923077 0.11298076923076923 0.10096153846153846
0 0.1466346153846154 0.6574519230769231 0.14423076923076922 0.06971153846153846
0 0.0985576923076923 0.7199519230769231 0.10576923076923077 0.08413461538461539
0 0.05048076923076923 0.7427884615384616 0.08173076923076923 0.0625
0 0.08413461538461539 0.9038461538461539 0.14903846153846154 0.10096153846153846
0 0.039663461538461536 0.8461538461538461 0.06009615384615385 0.0673076923076923
0 0.20432692307692307 0.8774038461538461 0.3942307692307692 0.24519230769230768
0 0.6286057692307693 0.9471153846153846 0.5024038461538461 0.10576923076923077
0 0.8173076923076923 0.8581730769230769 0.14423076923076922 0.09134615384615384
0 0.5168269230769231 0.8942307692307693 0.22115384615384615 0.14423076923076922
0 0.5600961538461539 0.8125 0.07692307692307693 0.04807692307692308
0 0.6225961538461539 0.8365384615384616 0.07211538461538461 0.04807692307692308
0 0.6875 0.8653846153846154 0.07211538461538461 0.04807692307692308
0 0.7524038461538461 0.8269230769230769 0.09615384615384616 0.04326923076923077
0 0.7800480769230769 0.7920673076923077 0.06490384615384616 0.040865384615384616
0 0.5480769230769231 0.78125 0.052884615384615384 0.02403846153846154
0 0.5733173076923077 0.7668269230769231 0.06009615384615385 0.02403846153846154
0 0.5649038461538461 0.7427884615384616 0.07692307692307693 0.038461538461538464
0 0.6490384615384616 0.7451923076923077 0.10096153846153846 0.052884615384615384
0 0.6490384615384616 0.6778846153846154 0.14903846153846154 0.08653846153846154
0 0.5120192307692307 0.6923076923076923 0.14903846153846154 0.07211538461538461
0 0.4326923076923077 0.7716346153846154 0.16826923076923078 0.09615384615384616
0 0.4110576923076923 0.7019230769230769 0.20673076923076922 0.07211538461538461
0 0.33533653846153844 0.8028846153846154 0.18990384615384615 0.15865384615384615
0 0.2620192307692308 0.8016826923076923 0.1971153846153846 0.09375
0 0.35216346153846156 0.875 0.11298076923076923 0.07692307692307693
0 0.35336538461538464 0.9050480769230769 0.04807692307692308 0.026442307692307692
0 0.25 0.8449519230769231 0.22115384615384615 0.1466346153846154
0 0.7764423076923077 0.6346153846153846 0.16826923076923078 0.08653846153846154
0 0.6923076923076923 0.8100961538461539 0.07211538461538461 0.0673076923076923
0 0.6274038461538461 0.7944711538461539 0.08173076923076923 0.05048076923076923
0 0.7716346153846154 0.5841346153846154 0.12980769230769232 0.057692307692307696
0 0.7836538461538461 0.7115384615384616 0.15384615384615385 0.09134615384615384
0 0.8689903846153846 0.7548076923076923 0.13701923076923078 0.07692307692307693
0 0.9098557692307693 0.6959134615384616 0.13701923076923078 0.08413461538461539
0 0.8762019230769231 0.6274038461538461 0.0889423076923077 0.057692307692307696
0 0.953125 0.6694711538461539 0.09375 0.07932692307692307
0 0.9615384615384616 0.7439903846153846 0.08173076923076923 0.08413461538461539
0 0.9507211538461539 0.8016826923076923 0.0985576923076923 0.036057692307692304
2 0.9266826923076923 0.09495192307692307 0.1466346153846154 0.16105769230769232
2 0.9206730769230769 0.2439903846153846 0.15865384615384615 0.14182692307692307
2 0.9266826923076923 0.4338942307692308 0.1466346153846154 0.21394230769230768
2 0.8966346153846154 0.3245192307692308 0.04807692307692308 0.019230769230769232
2 0.9290865384615384 0.4254807692307692 0.14182692307692307 0.22596153846153846
4 0.9266826923076923 0.5877403846153846 0.1466346153846154 0.11778846153846154
