0 0.28966346153846156 0.6454326923076923 0.13221153846153846 0.45913461538461536
0 0.43028846153846156 0.5649038461538461 0.1346153846153846 0.34134615384615385
0 0.6730769230769231 0.48677884615384615 0.33653846153846156 0.18509615384615385
0 0.59375 0.6045673076923077 0.12980769230769232 0.17067307692307693
0 0.5384615384615384 0.75 0.14423076923076922 0.21634615384615385
0 0.6526442307692307 0.8581730769230769 0.1466346153846154 0.1971153846153846
0 0.7151442307692307 0.6526442307692307 0.12740384615384615 0.17548076923076922
0 0.7716346153846154 0.7704326923076923 0.15384615384615385 0.18509615384615385
5 0.12740384615384615 0.39302884615384615 0.2403846153846154 0.3245192307692308
1 0.042067307692307696 0.15144230769230768 0.06971153846153846 0.22596153846153846
1 0.15264423076923078 0.125 0.10817307692307693 0.23076923076923078
1 0.30408653846153844 0.16706730769230768 0.03125 0.18509615384615385
1 0.5865384615384616 0.3293269230769231 0.038461538461538464 0.13942307692307693
1 0.6177884615384616 0.34134615384615385 0.038461538461538464 0.13942307692307693
1 0.6538461538461539 0.35096153846153844 0.04326923076923077 0.14903846153846154
1 0.6875 0.3605769230769231 0.04326923076923077 0.14903846153846154
1 0.7319711538461539 0.36538461538461536 0.05048076923076923 0.15865384615384615
1 0.7668269230769231 0.3786057692307692 0.052884615384615384 0.15625
3 0.18990384615384615 0.45552884615384615 0.1201923076923077 0.1658653846153846
4 0.4254807692307692 0.2091346153846154 0.1346153846153846 0.34134615384615385
4 0.8173076923076923 0.3713942307692308 0.08653846153846154 0.18028846153846154
4 0.8629807692307693 0.41466346153846156 0.09615384615384616 0.18509615384615385
4 0.9134615384615384 0.4266826923076923 0.10096153846153846 0.18509615384615385
4 0.9314903846153846 0.28365384615384615 0.13701923076923078 0.39903846153846156
