0 0.9495192307692307 0.49038461538461536 0.052884615384615384 0.07692307692307693
0 0.96875 0.46153846153846156 0.052884615384615384 0.07692307692307693
0 0.9783653846153846 0.4026442307692308 0.04326923076923077 0.11298076923076923
0 0.9903846153846154 0.4963942307692308 0.019230769230769232 0.06490384615384616
0 0.9350961538461539 0.17067307692307693 0.07211538461538461 0.1346153846153846
0 0.9110576923076923 0.25961538461538464 0.0625 0.10096153846153846
0 0.8858173076923077 0.32211538461538464 0.06009615384615385 0.08173076923076923
0 0.8689903846153846 0.38221153846153844 0.06009615384615385 0.08173076923076923
0 0.8485576923076923 0.4326923076923077 0.052884615384615384 0.07692307692307693
0 0.8605769230769231 0.17067307692307693 0.07211538461538461 0.125
0 0.8461538461538461 0.2608173076923077 0.07211538461538461 0.0889423076923077
0 0.8197115384615384 0.32211538461538464 0.0625 0.07211538461538461
0 0.8076923076923077 0.3786057692307692 0.057692307692307696 0.06490384615384616
0 0.7860576923076923 0.4266826923076923 0.052884615384615384 0.06490384615384616
0 0.7199519230769231 0.4326923076923077 0.06009615384615385 0.052884615384615384
0 0.7307692307692307 0.3798076923076923 0.0673076923076923 0.07692307692307693
0 0.7572115384615384 0.32572115384615385 0.07211538461538461 0.0889423076923077
0 0.7668269230769231 0.2536057692307692 0.0625 0.0889423076923077
0 0.7860576923076923 0.17427884615384615 0.07211538461538461 0.14182692307692307
0 0.7067307692307693 0.17067307692307693 0.07211538461538461 0.125
0 0.6971153846153846 0.2536057692307692 0.0673076923076923 0.0889423076923077
0 0.6838942307692307 0.32211538461538464 0.06009615384615385 0.08173076923076923
0 0.6682692307692307 0.3701923076923077 0.052884615384615384 0.08173076923076923
0 0.65625 0.4182692307692308 0.052884615384615384 0.057692307692307696
0 0.6009615384615384 0.4254807692307692 0.052884615384615384 0.07692307692307693
0 0.6069711538461539 0.37259615384615385 0.06009615384615385 0.07692307692307693
0 0.6129807692307693 0.31971153846153844 0.0625 0.07692307692307693
0 0.6165865384615384 0.2644230769230769 0.07451923076923077 0.08173076923076923
0 0.6310096153846154 0.1658653846153846 0.07451923076923077 0.125
0 0.5504807692307693 0.17067307692307693 0.07692307692307693 0.125
0 0.5408653846153846 0.2536057692307692 0.07211538461538461 0.0889423076923077
0 0.5396634615384616 0.31850961538461536 0.06009615384615385 0.06490384615384616
0 0.5360576923076923 0.38221153846153844 0.052884615384615384 0.057692307692307696
0 0.5324519230769231 0.42788461538461536 0.06009615384615385 0.057692307692307696
0 0.5540865384615384 0.5120192307692307 0.05048076923076923 0.08173076923076923
0 0.6009615384615384 0.5144230769230769 0.028846153846153848 0.07692307692307693
0 0.8064903846153846 0.5204326923076923 0.016826923076923076 0.06490384615384616
0 0.4375 0.5120192307692307 0.04326923076923077 0.09615384615384616
0 0.8100961538461539 0.6550480769230769 0.028846153846153848 0.08413461538461539
0 0.796875 0.7163461538461539 0.016826923076923076 0.052884615384615384
0 0.75 0.7956730769230769 0.028846153846153848 0.02403846153846154
0 0.7055288461538461 0.7956730769230769 0.026442307692307692 0.02403846153846154
0 0.6598557692307693 0.7980769230769231 0.040865384615384616 0.028846153846153848
0 0.6081730769230769 0.7908653846153846 0.038461538461538464 0.04807692307692308
0 0.6009615384615384 0.7572115384615384 0.014423076923076924 0.028846153846153848
0 0.6057692307692307 0.7211538461538461 0.009615384615384616 0.028846153846153848
0 0.5769230769230769 0.65625 0.04807692307692308 0.07692307692307693
0 0.5757211538461539 0.7019230769230769 0.040865384615384616 0.04807692307692308
0 0.5649038461538461 0.7403846153846154 0.04326923076923077 0.052884615384615384
0 0.5637019230769231 0.78125 0.040865384615384616 0.052884615384615384
0 0.5264423076923077 0.6538461538461539 0.04807692307692308 0.08173076923076923
0 0.5204326923076923 0.7139423076923077 0.040865384615384616 0.04807692307692308
0 0.515625 0.7331730769230769 0.040865384615384616 0.052884615384615384
0 0.5132211538461539 0.78125 0.040865384615384616 0.052884615384615384
0 0.18509615384615385 0.5084134615384616 0.057692307692307696 0.0889423076923077
0 0.6490384615384616 0.8942307692307693 0.04326923076923077 0.07692307692307693
0 0.6923076923076923 0.8942307692307693 0.04326923076923077 0.07692307692307693
0 0.7355769230769231 0.8894230769230769 0.038461538461538464 0.07211538461538461
0 0.7211538461538461 0.9338942307692307 0.03365384615384615 0.06490384615384616
0 0.7019230769230769 0.9735576923076923 0.028846153846153848 0.04807692307692308
0 0.6778846153846154 0.9459134615384616 0.03365384615384615 0.040865384615384616
0 0.6634615384615384 0.9807692307692307 0.028846153846153848 0.038461538461538464
0 0.6298076923076923 0.9795673076923077 0.03365384615384615 0.036057692307692304
0 0.6346153846153846 0.9375 0.028846153846153848 0.057692307692307696
0 0.5997596153846154 0.8930288461538461 0.040865384615384616 0.06490384615384616
0 0.5925480769230769 0.9387019230769231 0.040865384615384616 0.036057692307692304
0 0.5889423076923077 0.9807692307692307 0.052884615384615384 0.038461538461538464
0 0.5576923076923077 0.9050480769230769 0.04807692307692308 0.06490384615384616
0 0.5504807692307693 0.9519230769230769 0.04326923076923077 0.028846153846153848
0 0.5504807692307693 0.9831730769230769 0.04326923076923077 0.03365384615384615
0 0.5108173076923077 0.9014423076923077 0.040865384615384616 0.057692307692307696
0 0.5072115384615384 0.9663461538461539 0.038461538461538464 0.057692307692307696
0 0.014423076923076924 0.3449519230769231 0.019230769230769232 0.0889423076923077
0 0.028846153846153848 0.4014423076923077 0.04807692307692308 0.11538461538461539
0 0.04567307692307692 0.5276442307692307 0.057692307692307696 0.0889423076923077
0 0.01201923076923077 0.5528846153846154 0.014423076923076924 0.07211538461538461
0 0.06610576923076923 0.5721153846153846 0.040865384615384616 0.04807692307692308
0 0.44350961538461536 0.6682692307692307 0.05048076923076923 0.07692307692307693
0 0.4519230769230769 0.7127403846153846 0.04326923076923077 0.036057692307692304
0 0.453125 0.7487980769230769 0.040865384615384616 0.036057692307692304
0 0.4567307692307692 0.765625 0.04326923076923077 0.036057692307692304
0 0.4543269230769231 0.8016826923076923 0.04326923076923077 0.036057692307692304
0 0.40625 0.796875 0.038461538461538464 0.036057692307692304
0 0.40625 0.7704326923076923 0.038461538461538464 0.040865384615384616
0 0.36177884615384615 0.7896634615384616 0.040865384615384616 0.036057692307692304
0 0.3125 0.7920673076923077 0.04326923076923077 0.040865384615384616
0 0.2668269230769231 0.7896634615384616 0.028846153846153848 0.036057692307692304
0 0.22115384615384615 0.7163461538461539 0.019230769230769232 0.028846153846153848
0 0.21754807692307693 0.6514423076923077 0.021634615384615384 0.07692307692307693
0 0.17427884615384615 0.6694711538461539 0.055288461538461536 0.11298076923076923
0 0.20673076923076922 0.7475961538461539 0.04807692307692308 0.07211538461538461
0 0.22355769230769232 0.7908653846153846 0.038461538461538464 0.04807692307692308
0 0.44711538461538464 0.8942307692307693 0.03365384615384615 0.07692307692307693
0 0.4543269230769231 0.9411057692307693 0.028846153846153848 0.040865384615384616
0 0.4567307692307692 0.9771634615384616 0.038461538461538464 0.040865384615384616
0 0.40625 0.90625 0.03365384615384615 0.07692307692307693
0 0.4110576923076923 0.9675480769230769 0.028846153846153848 0.036057692307692304
0 0.3557692307692308 0.9002403846153846 0.03365384615384615 0.06490384615384616
0 0.3701923076923077 0.9375 0.028846153846153848 0.057692307692307696
0 0.375 0.9759615384615384 0.028846153846153848 0.028846153846153848
0 0.3125 0.9002403846153846 0.038461538461538464 0.06490384615384616
0 0.31971153846153844 0.9519230769230769 0.038461538461538464 0.052884615384615384
0 0.33533653846153844 0.9747596153846154 0.036057692307692304 0.05048076923076923
0 0.28966346153846156 0.9807692307692307 0.03125 0.038461538461538464
0 0.28125 0.9447115384615384 0.03365384615384615 0.04807692307692308
0 0.2668269230769231 0.8990384615384616 0.038461538461538464 0.052884615384615384
0 0.21754807692307693 0.8894230769230769 0.040865384615384616 0.057692307692307696
0 0.234375 0.9326923076923077 0.040865384615384616 0.057692307692307696
0 0.2403846153846154 0.9651442307692307 0.03365384615384615 0.040865384615384616
0 0.2536057692307692 0.9831730769230769 0.040865384615384616 0.03365384615384615
0 0.44711538461538464 0.4230769230769231 0.057692307692307696 0.07211538461538461
0 0.44711538461538464 0.36778846153846156 0.0625 0.07692307692307693
0 0.44711538461538464 0.3125 0.07211538461538461 0.07692307692307693
0 0.4495192307692308 0.25240384615384615 0.0673076923076923 0.08173076923076923
0 0.4423076923076923 0.17427884615384615 0.08173076923076923 0.14182692307692307
0 0.359375 0.16826923076923078 0.06490384615384616 0.12980769230769232
0 0.37259615384615385 0.25240384615384615 0.0673076923076923 0.08173076923076923
0 0.37740384615384615 0.31971153846153844 0.0625 0.07692307692307693
0 0.3786057692307692 0.36778846153846156 0.06009615384615385 0.07692307692307693
0 0.3786057692307692 0.4230769230769231 0.06009615384615385 0.057692307692307696
0 0.32091346153846156 0.4110576923076923 0.05048076923076923 0.057692307692307696
0 0.2536057692307692 0.4182692307692308 0.05048076923076923 0.04807692307692308
0 0.18870192307692307 0.4230769230769231 0.06009615384615385 0.08173076923076923
0 0.125 0.4182692307692308 0.0673076923076923 0.08173076923076923
0 0.30408653846153844 0.3605769230769231 0.06009615384615385 0.07692307692307693
0 0.2980769230769231 0.3125 0.0673076923076923 0.07692307692307693
0 0.2920673076923077 0.24759615384615385 0.07451923076923077 0.07692307692307693
0 0.2860576923076923 0.17548076923076922 0.08173076923076923 0.12980769230769232
0 0.20673076923076922 0.17067307692307693 0.07692307692307693 0.125
0 0.21634615384615385 0.2608173076923077 0.07211538461538461 0.0889423076923077
0 0.2283653846153846 0.3112980769230769 0.07211538461538461 0.08413461538461539
0 0.2403846153846154 0.3605769230769231 0.07211538461538461 0.07692307692307693
0 0.171875 0.375 0.05048076923076923 0.07211538461538461
0 0.15144230769230768 0.31971153846153844 0.0625 0.07692307692307693
0 0.1346153846153846 0.2536057692307692 0.07211538461538461 0.0889423076923077
0 0.125 0.15865384615384615 0.07692307692307693 0.125
0 0.04326923076923077 0.17067307692307693 0.08173076923076923 0.14903846153846154
0 0.0673076923076923 0.25240384615384615 0.0625 0.08173076923076923
0 0.0829326923076923 0.31009615384615385 0.06009615384615385 0.07211538461538461
0 0.1045673076923077 0.36778846153846156 0.06009615384615385 0.07692307692307693
0 0.12259615384615384 0.4230769230769231 0.057692307692307696 0.07211538461538461
0 0.1502403846153846 0.7692307692307693 0.040865384615384616 0.07692307692307693
0 0.09615384615384616 0.7752403846153846 0.04807692307692308 0.0889423076923077
0 0.10576923076923077 0.7019230769230769 0.057692307692307696 0.057692307692307696
0 0.04326923076923077 0.703125 0.052884615384615384 0.06490384615384616
0 0.038461538461538464 0.7908653846153846 0.038461538461538464 0.04807692307692308
0 0.06610576923076923 0.78125 0.016826923076923076 0.028846153846153848
0 0.01201923076923077 0.7451923076923077 0.014423076923076924 0.13942307692307693
0 0.15745192307692307 0.9230769230769231 0.040865384615384616 0.052884615384615384
0 0.10817307692307693 0.9254807692307693 0.052884615384615384 0.04807692307692308
0 0.09254807692307693 0.9807692307692307 0.040865384615384616 0.038461538461538464
0 0.05048076923076923 0.9831730769230769 0.04326923076923077 0.03365384615384615
0 0.057692307692307696 0.9350961538461539 0.04326923076923077 0.052884615384615384
0 0.018028846153846152 0.9375 0.03125 0.04807692307692308
0 0.013221153846153846 0.9819711538461539 0.016826923076923076 0.036057692307692304
