0 0.7644230769230769 0.65625 0.47596153846153844 0.6875
0 0.5925480769230769 0.7043269230769231 0.31490384615384615 0.5384615384615384
0 0.78125 0.9014423076923077 0.13942307692307693 0.1971153846153846
0 0.8617788461538461 0.9447115384615384 0.1466346153846154 0.11057692307692307
0 0.9435096153846154 0.9807692307692307 0.05048076923076923 0.038461538461538464
0 0.5721153846153846 0.890625 0.09615384615384616 0.21875
0 0.6201923076923077 0.9483173076923077 0.0673076923076923 0.10336538461538461
0 0.43028846153846156 0.6923076923076923 0.19230769230769232 0.6153846153846154
0 0.3293269230769231 0.6634615384615384 0.15865384615384615 0.40384615384615385
0 0.24519230769230768 0.8653846153846154 0.11057692307692307 0.2692307692307692
0 0.21875 0.6153846153846154 0.20673076923076922 0.4375
0 0.09615384615384616 0.5745192307692307 0.17307692307692307 0.6009615384615384
0 0.31971153846153844 0.9230769230769231 0.13942307692307693 0.15384615384615385
0 0.1971153846153846 0.8774038461538461 0.0625 0.2403846153846154
0 0.9639423076923077 0.46274038461538464 0.07211538461538461 0.6802884615384616
0 0.8100961538461539 0.46274038461538464 0.36538461538461536 0.2283653846153846
0 0.7512019230769231 0.1875 0.4831730769230769 0.3701923076923077
0 0.3641826923076923 0.17908653846153846 0.5456730769230769 0.35336538461538464
0 0.26322115384615385 0.23557692307692307 0.5120192307692307 0.46634615384615385
0 0.2536057692307692 0.2091346153846154 0.13701923076923078 0.41346153846153844
0 0.0889423076923077 0.22596153846153846 0.16346153846153846 0.4375
