0 0.1466346153846154 0.5721153846153846 0.27884615384615385 0.42788461538461536
0 0.32091346153846156 0.8413461538461539 0.46875 0.3173076923076923
0 0.5024038461538461 0.6370192307692307 0.5480769230769231 0.375
0 0.7848557692307693 0.8449519230769231 0.43028846153846156 0.31009615384615385
0 0.5612980769230769 0.9074519230769231 0.18028846153846154 0.18509615384615385
0 0.8221153846153846 0.6466346153846154 0.125 0.1346153846153846
0 0.9411057692307693 0.6454326923076923 0.11778846153846154 0.15144230769230768
0 0.8052884615384616 0.4891826923076923 0.3894230769230769 0.34375
0 0.8257211538461539 0.6802884615384616 0.10817307692307693 0.057692307692307696
0 0.44711538461538464 0.3918269230769231 0.3605769230769231 0.23076923076923078
0 0.25721153846153844 0.15504807692307693 0.5 0.30528846153846156
0 0.6586538461538461 0.22596153846153846 0.3701923076923077 0.25961538461538464
0 0.8846153846153846 0.19951923076923078 0.23557692307692307 0.23076923076923078
0 0.9567307692307693 0.31490384615384615 0.09134615384615384 0.12980769230769232
0 0.8293269230769231 0.04326923076923077 0.2644230769230769 0.08173076923076923
0 0.5384615384615384 0.06490384615384616 0.3125 0.125
