0 0.10336538461538461 0.7860576923076923 0.1346153846153846 0.3125
0 0.17548076923076922 0.5120192307692307 0.25961538461538464 0.44711538461538464
0 0.13221153846153846 0.1971153846153846 0.038461538461538464 0.15865384615384615
0 0.21153846153846154 0.1778846153846154 0.04807692307692308 0.20673076923076922
0 0.2824519230769231 0.17427884615384615 0.05048076923076923 0.22355769230769232
0 0.3894230769230769 0.2127403846153846 0.09615384615384616 0.13701923076923078
0 0.3918269230769231 0.40384615384615385 0.11057692307692307 0.125
0 0.5420673076923077 0.49038461538461536 0.036057692307692304 0.04326923076923077
0 0.5456730769230769 0.5456730769230769 0.04326923076923077 0.038461538461538464
0 0.5516826923076923 0.5841346153846154 0.021634615384615384 0.038461538461538464
0 0.5877403846153846 0.45913461538461536 0.021634615384615384 0.04807692307692308
0 0.6105769230769231 0.5024038461538461 0.028846153846153848 0.04807692307692308
0 0.5877403846153846 0.5240384615384616 0.036057692307692304 0.04807692307692308
0 0.5913461538461539 0.5745192307692307 0.038461538461538464 0.038461538461538464
0 0.5769230769230769 0.6165865384615384 0.04326923076923077 0.06009615384615385
0 0.38221153846153844 0.6346153846153846 0.11057692307692307 0.16826923076923078
0 0.32572115384615385 0.7740384615384616 0.11298076923076923 0.15384615384615385
0 0.43990384615384615 0.7644230769230769 0.10096153846153846 0.15865384615384615
0 0.5889423076923077 0.7824519230769231 0.10096153846153846 0.13701923076923078
0 0.5745192307692307 0.2536057692307692 0.1971153846153846 0.2620192307692308
0 0.7091346153846154 0.7103365384615384 0.12980769230769232 0.4639423076923077
0 0.8894230769230769 0.8365384615384616 0.028846153846153848 0.32211538461538464
0 0.875 0.8882211538461539 0.02403846153846154 0.21875
0 0.8509615384615384 0.8689903846153846 0.02403846153846154 0.25721153846153844
0 0.8329326923076923 0.8858173076923077 0.036057692307692304 0.22355769230769232
0 0.8125 0.8774038461538461 0.03365384615384615 0.2403846153846154
0 0.9254807692307693 0.8689903846153846 0.038461538461538464 0.25721153846153844
0 0.8377403846153846 0.4026442307692308 0.3245192307692308 0.8004807692307693
