0 0.9014423076923077 0.4639423076923077 0.1971153846153846 0.3317307692307692
0 0.7163461538461539 0.5396634615384616 0.22596153846153846 0.3245192307692308
0 0.65625 0.34975961538461536 0.20192307692307693 0.2860576923076923
0 0.7956730769230769 0.24158653846153846 0.1875 0.24759615384615385
0 0.6057692307692307 0.15865384615384615 0.16346153846153846 0.22596153846153846
0 0.38461538461538464 0.17067307692307693 0.15865384615384615 0.18269230769230768
0 0.2283653846153846 0.20432692307692307 0.16826923076923078 0.23557692307692307
0 0.4567307692307692 0.23317307692307693 0.20673076923076922 0.1875
0 0.2091346153846154 0.39663461538461536 0.21153846153846154 0.19230769230769232
0 0.41586538461538464 0.3942307692307692 0.21153846153846154 0.14423076923076922
0 0.4735576923076923 0.5552884615384616 0.2548076923076923 0.27884615384615385
0 0.2439903846153846 0.5769230769230769 0.25721153846153844 0.25961538461538464
0 0.3245192307692308 0.8269230769230769 0.28846153846153844 0.34134615384615385
0 0.6658653846153846 0.7848557692307693 0.2692307692307692 0.36778846153846156
