0 0.2403846153846154 0.13942307692307693 0.23557692307692307 0.15865384615384615
0 0.15625 0.06490384615384616 0.11057692307692307 0.11538461538461539
0 0.29086538461538464 0.05048076923076923 0.2548076923076923 0.08653846153846154
0 0.46875 0.1346153846153846 0.23557692307692307 0.17307692307692307
0 0.5 0.028846153846153848 0.17307692307692307 0.04326923076923077
0 0.6033653846153846 0.09014423076923077 0.18269230769230768 0.12259615384615384
0 0.6838942307692307 0.038461538461538464 0.16105769230769232 0.0625
0 0.7632211538461539 0.08173076923076923 0.15625 0.1346153846153846
0 0.9122596153846154 0.06009615384615385 0.16105769230769232 0.10576923076923077
0 0.8461538461538461 0.2247596153846154 0.1778846153846154 0.12259615384615384
0 0.8918269230769231 0.1622596153846154 0.19230769230769232 0.12259615384615384
0 0.9567307692307693 0.19951923076923078 0.08653846153846154 0.1778846153846154
0 0.9639423076923077 0.2608173076923077 0.07211538461538461 0.07451923076923077
0 0.8990384615384616 0.3605769230769231 0.20673076923076922 0.1875
0 0.6598557692307693 0.27884615384615385 0.28125 0.2548076923076923
0 0.6850961538461539 0.19471153846153846 0.125 0.11057692307692307
0 0.4519230769230769 0.35336538461538464 0.2403846153846154 0.18269230769230768
0 0.35096153846153844 0.23317307692307693 0.14423076923076922 0.08173076923076923
0 0.27163461538461536 0.2980769230769231 0.13942307692307693 0.1346153846153846
0 0.15625 0.2548076923076923 0.11057692307692307 0.24519230769230768
0 0.14423076923076922 0.44711538461538464 0.08173076923076923 0.13942307692307693
0 0.15264423076923078 0.6442307692307693 0.0889423076923077 0.16826923076923078
0 0.18509615384615385 0.5552884615384616 0.16826923076923078 0.1346153846153846
0 0.2403846153846154 0.8461538461538461 0.2644230769230769 0.23076923076923078
0 0.15745192307692307 0.9663461538461539 0.11298076923076923 0.0673076923076923
0 0.3762019230769231 0.9146634615384616 0.28125 0.17067307692307693
0 0.625 0.9435096153846154 0.27884615384615385 0.11298076923076923
0 0.7908653846153846 0.8978365384615384 0.12980769230769232 0.15625
0 0.9038461538461539 0.7355769230769231 0.10576923076923077 0.09134615384615384
0 0.9771634615384616 0.7175480769230769 0.04567307692307692 0.11298076923076923
0 0.8004807692307693 0.5841346153846154 0.25 0.1346153846153846
0 0.8004807692307693 0.4675480769230769 0.14423076923076922 0.12259615384615384
0 0.9326923076923077 0.5360576923076923 0.1346153846153846 0.20673076923076922
0 0.9927884615384616 0.6117788461538461 0.014423076923076924 0.11298076923076923
0 0.8653846153846154 0.890625 0.2692307692307692 0.21875
0 0.6177884615384616 0.7860576923076923 0.25 0.25961538461538464
0 0.8052884615384616 0.6983173076923077 0.2403846153846154 0.12259615384615384
0 0.5408653846153846 0.5949519230769231 0.24519230769230768 0.17548076923076922
0 0.46875 0.5024038461538461 0.17307692307692307 0.11538461538461539
0 0.3918269230769231 0.4495192307692308 0.24519230769230768 0.1971153846153846
0 0.6538461538461539 0.4254807692307692 0.1875 0.12980769230769232
0 0.37740384615384615 0.6274038461538461 0.1875 0.1778846153846154
0 0.37259615384615385 0.7139423076923077 0.36538461538461536 0.22115384615384615
0 0.5480769230769231 0.5012019230769231 0.9086538461538461 0.9975961538461539
