0 0.8245192307692307 0.9495192307692307 0.057692307692307696 0.09615384615384616
0 0.8425480769230769 0.8365384615384616 0.06009615384615385 0.1201923076923077
0 0.796875 0.8173076923076923 0.06971153846153846 0.09615384615384616
0 0.7836538461538461 0.9110576923076923 0.038461538461538464 0.07692307692307693
0 0.7704326923076923 0.9735576923076923 0.05048076923076923 0.04807692307692308
0 0.734375 0.9399038461538461 0.06009615384615385 0.07692307692307693
0 0.6947115384615384 0.9134615384615384 0.057692307692307696 0.08173076923076923
0 0.6983173076923077 0.9831730769230769 0.026442307692307692 0.028846153846153848
0 0.6358173076923077 0.8689903846153846 0.06009615384615385 0.13701923076923078
0 0.6730769230769231 0.828125 0.0673076923076923 0.0889423076923077
0 0.7307692307692307 0.8485576923076923 0.0625 0.09615384615384616
0 0.7283653846153846 0.7475961538461539 0.0673076923076923 0.12980769230769232
0 0.7836538461538461 0.7764423076923077 0.04326923076923077 0.09615384615384616
0 0.7668269230769231 0.6694711538461539 0.057692307692307696 0.10817307692307693
0 0.8197115384615384 0.6430288461538461 0.0673076923076923 0.13701923076923078
0 0.8052884615384616 0.734375 0.052884615384615384 0.06009615384615385
0 0.6887019230769231 0.6490384615384616 0.06009615384615385 0.10096153846153846
0 0.7307692307692307 0.6394230769230769 0.028846153846153848 0.08173076923076923
0 0.6646634615384616 0.7319711538461539 0.06971153846153846 0.11298076923076923
0 0.6262019230769231 0.7199519230769231 0.06971153846153846 0.16105769230769232
0 0.5853365384615384 0.6514423076923077 0.06009615384615385 0.14423076923076922
0 0.6442307692307693 0.5769230769230769 0.07211538461538461 0.125
0 0.703125 0.5865384615384616 0.05048076923076923 0.08173076923076923
0 0.6959134615384616 0.5024038461538461 0.06009615384615385 0.07211538461538461
0 0.7548076923076923 0.45552884615384615 0.07211538461538461 0.10817307692307693
0 0.7872596153846154 0.3870192307692308 0.06971153846153846 0.10096153846153846
0 0.7932692307692307 0.4639423076923077 0.02403846153846154 0.04326923076923077
0 0.7860576923076923 0.5180288461538461 0.019230769230769232 0.055288461538461536
0 0.5576923076923077 0.5709134615384616 0.0673076923076923 0.11298076923076923
0 0.6105769230769231 0.5504807692307693 0.04807692307692308 0.08173076923076923
0 0.09975961538461539 0.25 0.19471153846153846 0.4951923076923077
0 0.7235576923076923 0.3762019230769231 0.0625 0.11298076923076923
0 0.6838942307692307 0.39302884615384615 0.06971153846153846 0.13701923076923078
0 0.6201923076923077 0.4411057692307692 0.0625 0.11298076923076923
0 0.5877403846153846 0.4735576923076923 0.05048076923076923 0.07211538461538461
0 0.5432692307692307 0.49759615384615385 0.04326923076923077 0.07211538461538461
0 0.5348557692307693 0.41586538461538464 0.06009615384615385 0.10096153846153846
0 0.5841346153846154 0.38461538461538464 0.0673076923076923 0.07211538461538461
0 0.6490384615384616 0.32091346153846156 0.0673076923076923 0.11298076923076923
0 0.6959134615384616 0.24519230769230768 0.06971153846153846 0.10096153846153846
0 0.7475961538461539 0.28365384615384615 0.0625 0.12980769230769232
0 0.8076923076923077 0.23317307692307693 0.0625 0.125
0 0.7980769230769231 0.3088942307692308 0.038461538461538464 0.06490384615384616
0 0.8401442307692307 0.2764423076923077 0.05048076923076923 0.09615384615384616
0 0.8509615384615384 0.1971153846153846 0.028846153846153848 0.07692307692307693
0 0.8665865384615384 0.12259615384615384 0.05048076923076923 0.10576923076923077
0 0.8185096153846154 0.12259615384615384 0.06009615384615385 0.10576923076923077
0 0.8028846153846154 0.06009615384615385 0.07211538461538461 0.10096153846153846
0 0.7596153846153846 0.16346153846153846 0.07692307692307693 0.1201923076923077
0 0.75 0.05048076923076923 0.07211538461538461 0.09615384615384616
0 0.7043269230769231 0.1310096153846154 0.052884615384615384 0.11298076923076923
0 0.6826923076923077 0.07211538461538461 0.0673076923076923 0.125
0 0.6442307692307693 0.18389423076923078 0.0673076923076923 0.13701923076923078
0 0.6177884615384616 0.0985576923076923 0.0673076923076923 0.1201923076923077
0 0.5913461538461539 0.19110576923076922 0.04807692307692308 0.11298076923076923
0 0.5805288461538461 0.29086538461538464 0.06009615384615385 0.125
0 0.5288461538461539 0.3269230769230769 0.052884615384615384 0.10096153846153846
0 0.5336538461538461 0.21634615384615385 0.057692307692307696 0.1201923076923077
0 0.5528846153846154 0.10096153846153846 0.0625 0.125
0 0.49038461538461536 0.14302884615384615 0.0625 0.0889423076923077
0 0.4807692307692308 0.2439903846153846 0.057692307692307696 0.11298076923076923
0 0.42908653846153844 0.2283653846153846 0.06490384615384616 0.14423076923076922
0 0.4735576923076923 0.35336538461538464 0.0625 0.10576923076923077
0 0.49278846153846156 0.4098557692307692 0.04326923076923077 0.11298076923076923
0 0.40865384615384615 0.4206730769230769 0.0673076923076923 0.12980769230769232
0 0.40024038461538464 0.3088942307692308 0.06971153846153846 0.11298076923076923
0 0.36778846153846156 0.3401442307692308 0.052884615384615384 0.0889423076923077
0 0.3245192307692308 0.2403846153846154 0.0673076923076923 0.10576923076923077
0 0.2848557692307692 0.2764423076923077 0.06009615384615385 0.07211538461538461
0 0.31971153846153844 0.3161057692307692 0.04326923076923077 0.06490384615384616
0 0.31971153846153844 0.41346153846153844 0.08653846153846154 0.14423076923076922
0 0.3545673076923077 0.46634615384615385 0.06009615384615385 0.12980769230769232
0 0.36778846153846156 0.6033653846153846 0.052884615384615384 0.1201923076923077
0 0.3581730769230769 0.6826923076923077 0.04807692307692308 0.07211538461538461
0 0.3137019230769231 0.6995192307692307 0.06009615384615385 0.08173076923076923
0 0.3088942307692308 0.6033653846153846 0.06971153846153846 0.14423076923076922
0 0.23798076923076922 0.5673076923076923 0.0625 0.12980769230769232
0 0.2644230769230769 0.4855769230769231 0.057692307692307696 0.09615384615384616
0 0.21634615384615385 0.484375 0.0673076923076923 0.13221153846153846
0 0.22115384615384615 0.4110576923076923 0.04807692307692308 0.04326923076923077
0 0.19591346153846154 0.390625 0.06009615384615385 0.08413461538461539
0 0.19591346153846154 0.29447115384615385 0.06009615384615385 0.10817307692307693
0 0.2283653846153846 0.24759615384615385 0.04326923076923077 0.09615384615384616
0 0.2764423076923077 0.1935096153846154 0.04807692307692308 0.06009615384615385
0 0.014423076923076924 0.8040865384615384 0.02403846153846154 0.11298076923076923
0 0.03365384615384615 0.8088942307692307 0.038461538461538464 0.11298076923076923
0 0.01201923076923077 0.7103365384615384 0.014423076923076924 0.0985576923076923
0 0.040865384615384616 0.6875 0.04326923076923077 0.1201923076923077
0 0.014423076923076924 0.5949519230769231 0.02403846153846154 0.13701923076923078
0 0.037259615384615384 0.6141826923076923 0.040865384615384616 0.06490384615384616
0 0.07572115384615384 0.5360576923076923 0.05048076923076923 0.10096153846153846
0 0.02283653846153846 0.5180288461538461 0.040865384615384616 0.11298076923076923
0 0.11057692307692307 0.5420673076923077 0.04807692307692308 0.0889423076923077
0 0.14903846153846154 0.5673076923076923 0.057692307692307696 0.10576923076923077
0 0.20192307692307693 0.5865384615384616 0.04326923076923077 0.09615384615384616
0 0.16947115384615385 0.7043269230769231 0.06971153846153846 0.15384615384615385
0 0.23798076923076922 0.7163461538461539 0.08173076923076923 0.14423076923076922
0 0.28125 0.7548076923076923 0.038461538461538464 0.125
0 0.30528846153846156 0.8076923076923077 0.057692307692307696 0.12980769230769232
0 0.3425480769230769 0.7596153846153846 0.05048076923076923 0.08173076923076923
0 0.08774038461538461 0.6550480769230769 0.06490384615384616 0.13701923076923078
0 0.1045673076923077 0.6850961538461539 0.06490384615384616 0.125
0 0.1141826923076923 0.8004807692307693 0.06971153846153846 0.10576923076923077
0 0.16466346153846154 0.8629807692307693 0.07451923076923077 0.14903846153846154
0 0.21634615384615385 0.9050480769230769 0.08173076923076923 0.16105769230769232
0 0.24278846153846154 0.8245192307692307 0.0673076923076923 0.08173076923076923
0 0.27283653846153844 0.8810096153846154 0.05048076923076923 0.06490384615384616
0 0.31971153846153844 0.8858173076923077 0.04326923076923077 0.0889423076923077
0 0.28966346153846156 0.9471153846153846 0.06009615384615385 0.10096153846153846
0 0.25961538461538464 0.9711538461538461 0.057692307692307696 0.052884615384615384
0 0.15504807692307693 0.9651442307692307 0.06971153846153846 0.06490384615384616
0 0.10216346153846154 0.9086538461538461 0.05048076923076923 0.10576923076923077
