0 0.3088942307692308 0.27884615384615385 0.1466346153846154 0.15865384615384615
0 0.3605769230769231 0.31490384615384615 0.10096153846153846 0.1346153846153846
0 0.27403846153846156 0.41947115384615385 0.08173076923076923 0.12259615384615384
0 0.3016826923076923 0.5540865384615384 0.13701923076923078 0.10817307692307693
0 0.27163461538461536 0.6105769230769231 0.10096153846153846 0.07211538461538461
0 0.21153846153846154 0.5372596153846154 0.057692307692307696 0.10336538461538461
0 0.3293269230769231 0.6454326923076923 0.1201923076923077 0.09375
0 0.2403846153846154 0.6622596153846154 0.07211538461538461 0.07932692307692307
0 0.31850961538461536 0.7043269230769231 0.08413461538461539 0.07211538461538461
0 0.38221153846153844 0.7091346153846154 0.1201923076923077 0.14423076923076922
0 0.5961538461538461 0.7668269230769231 0.25961538461538464 0.1971153846153846
0 0.46875 0.8413461538461539 0.04326923076923077 0.028846153846153848
0 0.3870192307692308 0.8100961538461539 0.15384615384615385 0.038461538461538464
0 0.5168269230769231 0.6826923076923077 0.15865384615384615 0.24519230769230768
0 0.5144230769230769 0.5588942307692307 0.20192307692307693 0.07932692307692307
0 0.609375 0.6057692307692307 0.08413461538461539 0.14423076923076922
0 0.7043269230769231 0.5769230769230769 0.14423076923076922 0.18269230769230768
0 0.7055288461538461 0.46875 0.13701923076923078 0.16346153846153846
0 0.7704326923076923 0.5012019230769231 0.08413461538461539 0.0985576923076923
0 0.6334134615384616 0.4831730769230769 0.036057692307692304 0.052884615384615384
0 0.5108173076923077 0.38461538461538464 0.29086538461538464 0.35096153846153844
0 0.33774038461538464 0.44471153846153844 0.06490384615384616 0.1346153846153846
0 0.5492788461538461 0.23317307692307693 0.24759615384615385 0.1346153846153846
0 0.42427884615384615 0.2091346153846154 0.036057692307692304 0.057692307692307696
0 0.6538461538461539 0.20432692307692307 0.028846153846153848 0.04807692307692308
0 0.7139423076923077 0.3233173076923077 0.15865384615384615 0.2764423076923077
