0 0.8413461538461539 0.4423076923076923 0.3173076923076923 0.4951923076923077
0 0.84375 0.1466346153846154 0.3125 0.27884615384615385
0 0.46875 0.10817307692307693 0.4423076923076923 0.20192307692307693
0 0.5096153846153846 0.4050480769230769 0.40865384615384615 0.5360576923076923
0 0.12620192307692307 0.11298076923076923 0.24759615384615385 0.21153846153846154
0 0.1778846153846154 0.4375 0.35096153846153844 0.5
0 0.23076923076923078 0.84375 0.27884615384615385 0.3125
0 0.5384615384615384 0.8365384615384616 0.34615384615384615 0.3269230769230769
0 0.8209134615384616 0.8413461538461539 0.3581730769230769 0.3173076923076923
0 0.0829326923076923 0.8413461538461539 0.16105769230769232 0.3173076923076923
0 0.5012019230769231 0.5036057692307693 0.9975961538461539 0.9975961538461539
