0 0.2283653846153846 0.6538461538461539 0.22596153846153846 0.08173076923076923
0 0.3269230769230769 0.7259615384615384 0.16346153846153846 0.1201923076923077
0 0.33653846153846156 0.7956730769230769 0.2692307692307692 0.07692307692307693
0 0.47115384615384615 0.75 0.1875 0.10576923076923077
0 0.06971153846153846 0.9651442307692307 0.1201923076923077 0.06971153846153846
0 0.125 0.8966346153846154 0.23076923076923078 0.125
0 0.1346153846153846 0.8197115384615384 0.25 0.14423076923076922
0 0.59375 0.8894230769230769 0.5432692307692307 0.09615384615384616
0 0.7091346153846154 0.9399038461538461 0.22596153846153846 0.1201923076923077
0 0.6586538461538461 0.9338942307692307 0.375 0.06971153846153846
0 0.6478365384615384 0.9819711538461539 0.17548076923076922 0.036057692307692304
0 0.5721153846153846 0.9411057692307693 0.375 0.055288461538461536
0 0.5504807692307693 0.9855769230769231 0.3798076923076923 0.028846153846153848
0 0.8125 0.7716346153846154 0.14423076923076922 0.07692307692307693
0 0.8701923076923077 0.6622596153846154 0.25961538461538464 0.14182692307692307
0 0.7067307692307693 0.7367788461538461 0.08173076923076923 0.040865384615384616
0 0.5745192307692307 0.5913461538461539 0.057692307692307696 0.028846153846153848
0 0.6165865384615384 0.6201923076923077 0.07451923076923077 0.028846153846153848
0 0.6586538461538461 0.65625 0.35096153846153844 0.18269230769230768
0 0.6682692307692307 0.5096153846153846 0.20673076923076922 0.09134615384615384
0 0.6466346153846154 0.33413461538461536 0.1875 0.15384615384615385
0 0.8786057692307693 0.4567307692307692 0.24278846153846154 0.15384615384615385
0 0.828125 0.47115384615384615 0.3245192307692308 0.14903846153846154
0 0.8870192307692307 0.38822115384615385 0.16826923076923078 0.07932692307692307
0 0.9483173076923077 0.27524038461538464 0.10336538461538461 0.17067307692307693
0 0.8858173076923077 0.20432692307692307 0.2283653846153846 0.10096153846153846
0 0.9170673076923077 0.1310096153846154 0.1658653846153846 0.07451923076923077
0 0.8052884615384616 0.051682692307692304 0.19230769230769232 0.0889423076923077
0 0.6490384615384616 0.15384615384615385 0.3942307692307692 0.10576923076923077
0 0.6466346153846154 0.13221153846153846 0.3125 0.14423076923076922
0 0.6682692307692307 0.0733173076923077 0.1201923076923077 0.06009615384615385
0 0.765625 0.01201923076923077 0.07451923076923077 0.014423076923076924
0 0.07451923076923077 0.35096153846153844 0.12980769230769232 0.12980769230769232
0 0.24759615384615385 0.12620192307692307 0.08653846153846154 0.040865384615384616
0 0.15264423076923078 0.15625 0.07451923076923077 0.028846153846153848
0 0.16826923076923078 0.10576923076923077 0.057692307692307696 0.03365384615384615
0 0.04326923076923077 0.026442307692307692 0.0673076923076923 0.03365384615384615
0 0.028846153846153848 0.056490384615384616 0.038461538461538464 0.021634615384615384
0 0.04927884615384615 0.008413461538461538 0.06009615384615385 0.007211538461538462
0 0.17548076923076922 0.01201923076923077 0.057692307692307696 0.014423076923076924
0 0.1622596153846154 0.027644230769230768 0.09375 0.040865384615384616
0 0.3894230769230769 0.014423076923076924 0.052884615384615384 0.019230769230769232
