0 0.18990384615384615 0.4266826923076923 0.375 0.3004807692307692
0 0.4831730769230769 0.5528846153846154 0.40384615384615385 0.18269230769230768
0 0.13581730769230768 0.5913461538461539 0.2668269230769231 0.18269230769230768
0 0.1502403846153846 0.7247596153846154 0.2956730769230769 0.12259615384615384
0 0.5336538461538461 0.3581730769230769 0.3125 0.19230769230769232
0 0.7956730769230769 0.2283653846153846 0.3125 0.25
0 0.9579326923076923 0.23557692307692307 0.07932692307692307 0.1778846153846154
0 0.8894230769230769 0.07211538461538461 0.21634615384615385 0.13942307692307693
0 0.6538461538461539 0.07932692307692307 0.30288461538461536 0.15384615384615385
0 0.47115384615384615 0.20432692307692307 0.32211538461538464 0.17307692307692307
0 0.2283653846153846 0.2403846153846154 0.40384615384615385 0.17307692307692307
0 0.17307692307692307 0.14423076923076922 0.25 0.1346153846153846
0 0.3942307692307692 0.07572115384615384 0.25961538461538464 0.1466346153846154
