0 0.421875 0.4326923076923077 0.18509615384615385 0.7211538461538461
0 0.38221153846153844 0.65625 0.4326923076923077 0.6826923076923077
0 0.5733173076923077 0.4206730769230769 0.1466346153846154 0.46153846153846156
0 0.29927884615384615 0.3317307692307692 0.08413461538461539 0.22596153846153846
0 0.25240384615384615 0.8100961538461539 0.14903846153846154 0.375
0 0.7427884615384616 0.47115384615384615 0.5144230769230769 0.6778846153846154
0 0.6153846153846154 0.5480769230769231 0.24519230769230768 0.7403846153846154
0 0.7427884615384616 0.6418269230769231 0.3125 0.46153846153846156
0 0.7824519230769231 0.8497596153846154 0.43509615384615385 0.2956730769230769
0 0.7127403846153846 0.4723557692307692 0.22355769230769232 0.3918269230769231
