0 0.7572115384615384 0.5612980769230769 0.1875 0.21394230769230768
0 0.7728365384615384 0.4699519230769231 0.15625 0.11298076923076923
0 0.8341346153846154 0.7235576923076923 0.14903846153846154 0.19230769230769232
0 0.7115384615384616 0.7524038461538461 0.15384615384615385 0.1778846153846154
0 0.6322115384615384 0.6081730769230769 0.16346153846153846 0.19230769230769232
0 0.6045673076923077 0.4266826923076923 0.15625 0.15625
0 0.6370192307692307 0.30408653846153844 0.18269230769230768 0.15625
0 0.5264423076923077 0.28125 0.07692307692307693 0.1201923076923077
0 0.4362980769230769 0.18990384615384615 0.15625 0.17307692307692307
0 0.3317307692307692 0.28966346153846156 0.10096153846153846 0.10817307692307693
0 0.4326923076923077 0.33774038461538464 0.125 0.15144230769230768
0 0.296875 0.40865384615384615 0.15625 0.19230769230769232
0 0.20192307692307693 0.5480769230769231 0.125 0.16826923076923078
0 0.2091346153846154 0.6814903846153846 0.10096153846153846 0.1466346153846154
0 0.2860576923076923 0.6177884615384616 0.04326923076923077 0.18269230769230768
0 0.36177884615384615 0.625 0.11778846153846154 0.27884615384615385
0 0.48677884615384615 0.4879807692307692 0.13221153846153846 0.1875
0 0.484375 0.6550480769230769 0.13221153846153846 0.21875
0 0.39783653846153844 0.78125 0.13221153846153846 0.11538461538461539
0 0.5661057692307693 0.7379807692307693 0.13221153846153846 0.20192307692307693
