0 0.7019230769230769 0.49759615384615385 0.5625 0.6442307692307693
0 0.5757211538461539 0.3762019230769231 0.6225961538461539 0.31490384615384615
0 0.7572115384615384 0.4423076923076923 0.3125 0.34615384615384615
0 0.9483173076923077 0.49038461538461536 0.08413461538461539 0.22596153846153846
0 0.6514423076923077 0.8221153846153846 0.34615384615384615 0.35096153846153844
0 0.7548076923076923 0.7548076923076923 0.2692307692307692 0.39903846153846156
0 0.47475961538461536 0.6189903846153846 0.28125 0.4110576923076923
0 0.41346153846153844 0.8173076923076923 0.1201923076923077 0.16826923076923078
0 0.34375 0.8653846153846154 0.10096153846153846 0.16826923076923078
0 0.25961538461538464 0.9050480769230769 0.08653846153846154 0.16105769230769232
0 0.33533653846153844 0.9651442307692307 0.10336538461538461 0.06490384615384616
0 0.4050480769230769 0.9615384615384616 0.08413461538461539 0.07211538461538461
0 0.31850961538461536 0.7980769230769231 0.06490384615384616 0.125
0 0.23076923076923078 0.7668269230769231 0.1201923076923077 0.1971153846153846
0 0.17548076923076922 0.8966346153846154 0.09134615384615384 0.14423076923076922
0 0.09615384615384616 0.8064903846153846 0.13942307692307693 0.18990384615384615
0 0.1778846153846154 0.6826923076923077 0.10096153846153846 0.12980769230769232
0 0.2956730769230769 0.6754807692307693 0.07692307692307693 0.1201923076923077
0 0.25600961538461536 0.6310096153846154 0.06971153846153846 0.0889423076923077
0 0.3137019230769231 0.6033653846153846 0.06009615384615385 0.07211538461538461
0 0.1875 0.5793269230769231 0.11057692307692307 0.15384615384615385
0 0.1045673076923077 0.6646634615384616 0.06971153846153846 0.11778846153846154
0 0.028846153846153848 0.6526442307692307 0.04807692307692308 0.23798076923076922
0 0.09254807692307693 0.5600961538461539 0.07451923076923077 0.17307692307692307
0 0.03245192307692308 0.5 0.05048076923076923 0.10096153846153846
0 0.23557692307692307 0.5348557692307693 0.057692307692307696 0.055288461538461536
