0 0.20072115384615385 0.7427884615384616 0.18509615384615385 0.20192307692307693
0 0.15985576923076922 0.6466346153846154 0.0889423076923077 0.08653846153846154
0 0.1201923076923077 0.5661057692307693 0.14903846153846154 0.21875
0 0.25 0.5408653846153846 0.11538461538461539 0.20192307692307693
0 0.24639423076923078 0.5721153846153846 0.0889423076923077 0.25
0 0.3112980769230769 0.8653846153846154 0.040865384615384616 0.07692307692307693
0 0.35096153846153844 0.8942307692307693 0.028846153846153848 0.04326923076923077
0 0.39663461538461536 0.90625 0.03365384615384615 0.038461538461538464
0 0.4326923076923077 0.9182692307692307 0.04326923076923077 0.04807692307692308
0 0.44471153846153844 0.8725961538461539 0.04807692307692308 0.04326923076923077
0 0.4230769230769231 0.8389423076923077 0.038461538461538464 0.052884615384615384
0 0.3894230769230769 0.8653846153846154 0.038461538461538464 0.03365384615384615
0 0.35096153846153844 0.8509615384615384 0.028846153846153848 0.04326923076923077
0 0.3245192307692308 0.7920673076923077 0.03365384615384615 0.06009615384615385
0 0.3545673076923077 0.7860576923076923 0.036057692307692304 0.07211538461538461
0 0.3870192307692308 0.8317307692307693 0.03365384615384615 0.038461538461538464
0 0.45072115384615385 0.8317307692307693 0.021634615384615384 0.038461538461538464
0 0.44711538461538464 0.7860576923076923 0.028846153846153848 0.038461538461538464
0 0.41466346153846156 0.7932692307692307 0.026442307692307692 0.038461538461538464
0 0.3798076923076923 0.7524038461538461 0.038461538461538464 0.04326923076923077
0 0.38822115384615385 0.7932692307692307 0.021634615384615384 0.028846153846153848
0 0.34615384615384615 0.7259615384615384 0.04807692307692308 0.04807692307692308
0 0.375 0.6995192307692307 0.038461538461538464 0.038461538461538464
0 0.3449519230769231 0.6826923076923077 0.036057692307692304 0.038461538461538464
0 0.4110576923076923 0.6995192307692307 0.028846153846153848 0.038461538461538464
0 0.42427884615384615 0.7427884615384616 0.036057692307692304 0.04807692307692308
0 0.44591346153846156 0.7139423076923077 0.036057692307692304 0.052884615384615384
0 0.5552884615384616 0.9230769230769231 0.057692307692307696 0.09134615384615384
0 0.5216346153846154 0.828125 0.07692307692307693 0.0985576923076923
0 0.5769230769230769 0.8509615384615384 0.04807692307692308 0.07692307692307693
0 0.5913461538461539 0.8028846153846154 0.03365384615384615 0.04807692307692308
0 0.6225961538461539 0.7692307692307693 0.052884615384615384 0.08653846153846154
0 0.5336538461538461 0.7403846153846154 0.057692307692307696 0.07692307692307693
0 0.6310096153846154 0.8725961538461539 0.06490384615384616 0.1201923076923077
0 0.6658653846153846 0.7980769230769231 0.057692307692307696 0.07211538461538461
0 0.6694711538461539 0.8557692307692307 0.021634615384615384 0.03365384615384615
0 0.7163461538461539 0.2932692307692308 0.125 0.1971153846153846
0 0.7379807692307693 0.43028846153846156 0.11538461538461539 0.16346153846153846
0 0.84375 0.39302884615384615 0.1346153846153846 0.18028846153846154
0 0.8028846153846154 0.25 0.125 0.1875
0 0.7475961538461539 0.6213942307692307 0.08653846153846154 0.14182692307692307
0 0.6790865384615384 0.6298076923076923 0.05048076923076923 0.23557692307692307
0 0.5961538461538461 0.5240384615384616 0.125 0.14903846153846154
0 0.53125 0.59375 0.0625 0.16346153846153846
0 0.5769230769230769 0.6947115384615384 0.04326923076923077 0.19230769230769232
0 0.6225961538461539 0.6550480769230769 0.0625 0.13701923076923078
0 0.25961538461538464 0.3581730769230769 0.1201923076923077 0.1875
0 0.17548076923076922 0.40024038461538464 0.04807692307692308 0.10336538461538461
0 0.22596153846153846 0.19471153846153846 0.09615384615384616 0.15384615384615385
0 0.21754807692307693 0.109375 0.036057692307692304 0.05048076923076923
0 0.2932692307692308 0.13701923076923078 0.057692307692307696 0.08173076923076923
0 0.40865384615384615 0.22115384615384615 0.27403846153846156 0.11057692307692307
0 0.359375 0.3125 0.05048076923076923 0.08173076923076923
0 0.3329326923076923 0.5096153846153846 0.11298076923076923 0.11538461538461539
0 0.2980769230769231 0.53125 0.11057692307692307 0.14903846153846154
0 0.40384615384615385 0.5721153846153846 0.08173076923076923 0.16346153846153846
0 0.4254807692307692 0.5144230769230769 0.052884615384615384 0.08173076923076923
0 0.4423076923076923 0.6310096153846154 0.04326923076923077 0.0985576923076923
0 0.47115384615384615 0.6538461538461539 0.038461538461538464 0.08653846153846154
0 0.4879807692307692 0.5949519230769231 0.0625 0.13701923076923078
0 0.46274038461538464 0.4735576923076923 0.0985576923076923 0.11057692307692307
0 0.5120192307692307 0.4375 0.125 0.07211538461538461
0 0.4014423076923077 0.38822115384615385 0.0673076923076923 0.06009615384615385
0 0.35096153846153844 0.4074519230769231 0.08173076923076923 0.0985576923076923
0 0.16826923076923078 0.2980769230769231 0.07692307692307693 0.0673076923076923
0 0.5072115384615384 0.36177884615384615 0.25961538461538464 0.18028846153846154
0 0.48677884615384615 0.20432692307692307 0.11778846153846154 0.35096153846153844
0 0.5516826923076923 0.2439903846153846 0.13221153846153846 0.2956730769230769
0 0.6430288461538461 0.35336538461538464 0.06490384615384616 0.27403846153846156
0 0.609375 0.25240384615384615 0.0889423076923077 0.2692307692307692
0 0.7764423076923077 0.8581730769230769 0.04807692307692308 0.028846153846153848
0 0.7331730769230769 0.8293269230769231 0.04807692307692308 0.03365384615384615
0 0.7427884615384616 0.8149038461538461 0.10576923076923077 0.07211538461538461
0 0.7692307692307693 0.8112980769230769 0.12980769230769232 0.0985576923076923
0 0.7644230769230769 0.7692307692307693 0.1201923076923077 0.12980769230769232
0 0.7307692307692307 0.7572115384615384 0.057692307692307696 0.04326923076923077
0 0.7536057692307693 0.7379807692307693 0.08413461538461539 0.07211538461538461
0 0.7415865384615384 0.6887019230769231 0.021634615384615384 0.06009615384615385
0 0.7620192307692307 0.6923076923076923 0.03365384615384615 0.07692307692307693
0 0.8269230769230769 0.7740384615384616 0.1201923076923077 0.1875
0 0.8052884615384616 0.7331730769230769 0.0673076923076923 0.125
0 0.8581730769230769 0.8040865384615384 0.0673076923076923 0.10336538461538461
0 0.8365384615384616 0.7259615384615384 0.1201923076923077 0.20192307692307693
0 0.8581730769230769 0.7199519230769231 0.11538461538461539 0.21875
0 0.8293269230769231 0.6418269230769231 0.019230769230769232 0.0673076923076923
0 0.8064903846153846 0.6237980769230769 0.021634615384615384 0.09375
0 0.9182692307692307 0.6634615384615384 0.0625 0.1875
0 0.9158653846153846 0.671875 0.11057692307692307 0.12740384615384615
0 0.8713942307692307 0.6153846153846154 0.05048076923076923 0.15384615384615385
0 0.8581730769230769 0.5853365384615384 0.02403846153846154 0.09375
0 0.8485576923076923 0.5661057692307693 0.02403846153846154 0.0985576923076923
