0 0.1778846153846154 0.1502403846153846 0.3076923076923077 0.19951923076923078
0 0.15745192307692307 0.039663461538461536 0.30528846153846156 0.06490384615384616
0 0.4206730769230769 0.11778846153846154 0.22115384615384615 0.18269230769230768
0 0.5180288461538461 0.2620192307692308 0.2860576923076923 0.16826923076923078
0 0.30288461538461536 0.3293269230769231 0.3269230769230769 0.1875
0 0.07572115384615384 0.2848557692307692 0.14182692307692307 0.17548076923076922
0 0.036057692307692304 0.12259615384615384 0.0625 0.14423076923076922
0 0.13942307692307693 0.43990384615384615 0.2692307692307692 0.22115384615384615
0 0.4206730769230769 0.48677884615384615 0.3076923076923077 0.21394230769230768
0 0.6418269230769231 0.4254807692307692 0.2644230769230769 0.13942307692307693
0 0.6598557692307693 0.5829326923076923 0.3004807692307692 0.19951923076923078
0 0.4567307692307692 0.7055288461538461 0.32211538461538464 0.23317307692307693
0 0.16346153846153846 0.6526442307692307 0.32211538461538464 0.21394230769230768
0 0.7680288461538461 0.6358173076923077 0.27163461538461536 0.18990384615384615
0 0.5949519230769231 0.8016826923076923 0.2860576923076923 0.20432692307692307
0 0.2536057692307692 0.7956730769230769 0.2860576923076923 0.15865384615384615
0 0.12860576923076922 0.8605769230769231 0.24759615384615385 0.22115384615384615
