0 0.7956730769230769 0.5673076923076923 0.23557692307692307 0.14903846153846154
0 0.7512019230769231 0.6862980769230769 0.19471153846153846 0.10336538461538461
0 0.6262019230769231 0.7463942307692307 0.21875 0.10336538461538461
0 0.41225961538461536 0.7932692307692307 0.49759615384615385 0.1346153846153846
0 0.5216346153846154 0.8689903846153846 0.07692307692307693 0.026442307692307692
0 0.16346153846153846 0.8016826923076923 0.12980769230769232 0.06009615384615385
0 0.27403846153846156 0.8401442307692307 0.08173076923076923 0.055288461538461536
0 0.2920673076923077 0.6033653846153846 0.34375 0.12980769230769232
0 0.4074519230769231 0.6995192307692307 0.0889423076923077 0.08173076923076923
0 0.3894230769230769 0.5637019230769231 0.17307692307692307 0.06009615384615385
0 0.4795673076923077 0.6911057692307693 0.11298076923076923 0.10336538461538461
0 0.5793269230769231 0.5973557692307693 0.23076923076923078 0.28125
0 0.8016826923076923 0.4326923076923077 0.1658653846153846 0.11057692307692307
0 0.9350961538461539 0.35336538461538464 0.125 0.2932692307692308
0 0.9182692307692307 0.375 0.15865384615384615 0.0673076923076923
0 0.5949519230769231 0.3918269230769231 0.1658653846153846 0.0625
0 0.5889423076923077 0.44711538461538464 0.22596153846153846 0.10576923076923077
0 0.3233173076923077 0.4098557692307692 0.1658653846153846 0.10336538461538461
0 0.2920673076923077 0.515625 0.18990384615384615 0.08413461538461539
0 0.13942307692307693 0.4807692307692308 0.25 0.125
0 0.08052884615384616 0.375 0.15144230769230768 0.15384615384615385
0 0.04807692307692308 0.4206730769230769 0.08653846153846154 0.1778846153846154
0 0.04567307692307692 0.5420673076923077 0.08173076923076923 0.07932692307692307
0 0.23076923076923078 0.3173076923076923 0.27884615384615385 0.10576923076923077
0 0.33052884615384615 0.3581730769230769 0.37259615384615385 0.1201923076923077
0 0.5024038461538461 0.28365384615384615 0.1346153846153846 0.19230769230769232
0 0.5793269230769231 0.3161057692307692 0.17307692307692307 0.08413461538461539
0 0.6706730769230769 0.2692307692307692 0.1778846153846154 0.09615384615384616
0 0.7860576923076923 0.26322115384615385 0.1346153846153846 0.08413461538461539
0 0.7752403846153846 0.3485576923076923 0.19471153846153846 0.10096153846153846
0 0.29927884615384615 0.12620192307692307 0.5793269230769231 0.16105769230769232
0 0.06490384615384616 0.109375 0.125 0.09375
0 0.0625 0.21033653846153846 0.11538461538461539 0.10817307692307693
0 0.23918269230769232 0.20432692307692307 0.31971153846153844 0.16346153846153846
0 0.6875 0.22235576923076922 0.18269230769230768 0.08413461538461539
5 0.18990384615384615 0.671875 0.3701923076923077 0.20432692307692307
