0 0.390625 0.3389423076923077 0.2668269230769231 0.3894230769230769
0 0.22355769230769232 0.40384615384615385 0.0625 0.07211538461538461
0 0.12980769230769232 0.3737980769230769 0.16826923076923078 0.2956730769230769
0 0.12379807692307693 0.7740384615384616 0.23317307692307693 0.3701923076923077
0 0.3004807692307692 0.17307692307692307 0.19230769230769232 0.3173076923076923
0 0.43028846153846156 0.7295673076923077 0.25961538461538464 0.45913461538461536
0 0.6081730769230769 0.34975961538461536 0.1201923076923077 0.18028846153846154
0 0.6370192307692307 0.14783653846153846 0.0625 0.06009615384615385
0 0.609375 0.10336538461538461 0.05048076923076923 0.07211538461538461
0 0.8221153846153846 0.2644230769230769 0.23557692307692307 0.4375
0 0.8052884615384616 0.5396634615384616 0.1778846153846154 0.37259615384615385
0 0.6971153846153846 0.7920673076923077 0.12980769230769232 0.37740384615384615
0 0.9074519230769231 0.8557692307692307 0.12740384615384615 0.17307692307692307
0 0.9314903846153846 0.15745192307692307 0.13701923076923078 0.22355769230769232
