0 0.38461538461538464 0.49399038461538464 0.6201923076923077 0.33413461538461536
0 0.8137019230769231 0.9423076923076923 0.3245192307692308 0.11538461538461539
0 0.34975961538461536 0.10697115384615384 0.5552884615384616 0.2091346153846154
0 0.6802884615384616 0.6935096153846154 0.23076923076923078 0.1658653846153846
0 0.8461538461538461 0.6682692307692307 0.30288461538461536 0.21634615384615385
0 0.9567307692307693 0.4831730769230769 0.09134615384615384 0.15384615384615385
0 0.6586538461538461 0.15985576923076922 0.6826923076923077 0.31490384615384615
0 0.9266826923076923 0.29927884615384615 0.1466346153846154 0.24759615384615385
0 0.6911057692307693 0.4375 0.53125 0.34615384615384615
0 0.203125 0.9146634615384616 0.3918269230769231 0.17067307692307693
0 0.2668269230769231 0.6923076923076923 0.3701923076923077 0.16826923076923078
