0 0.7536057692307693 0.328125 0.25240384615384615 0.1466346153846154
0 0.7163461538461539 0.18389423076923078 0.36538461538461536 0.2620192307692308
0 0.6262019230769231 0.33653846153846156 0.11298076923076923 0.09615384615384616
0 0.5252403846153846 0.3401442307692308 0.10817307692307693 0.11298076923076923
0 0.42788461538461536 0.3557692307692308 0.09615384615384616 0.09615384615384616
0 0.4170673076923077 0.30528846153846156 0.0889423076923077 0.038461538461538464
0 0.3233173076923077 0.34615384615384615 0.11298076923076923 0.07692307692307693
0 0.3233173076923077 0.28846153846153844 0.10336538461538461 0.052884615384615384
0 0.21153846153846154 0.28966346153846156 0.08653846153846154 0.05048076923076923
0 0.26802884615384615 0.3786057692307692 0.10817307692307693 0.07932692307692307
0 0.18028846153846154 0.4170673076923077 0.057692307692307696 0.036057692307692304
0 0.12379807692307693 0.3137019230769231 0.10817307692307693 0.0889423076923077
0 0.1935096153846154 0.40625 0.38221153846153844 0.4423076923076923
0 0.2956730769230769 0.47596153846153844 0.41346153846153844 0.14423076923076922
0 0.5721153846153846 0.4375 0.14903846153846154 0.1201923076923077
0 0.7728365384615384 0.45072115384615385 0.31490384615384615 0.1466346153846154
0 0.8918269230769231 0.5637019230769231 0.21153846153846154 0.14182692307692307
0 0.8834134615384616 0.7199519230769231 0.2283653846153846 0.2764423076923077
0 0.6418269230769231 0.8329326923076923 0.3701923076923077 0.22355769230769232
0 0.6346153846153846 0.5973557692307693 0.3557692307692308 0.24759615384615385
0 0.38822115384615385 0.5625 0.17067307692307693 0.13942307692307693
0 0.36778846153846156 0.7223557692307693 0.3076923076923077 0.21875
0 0.1875 0.5889423076923077 0.23557692307692307 0.15865384615384615
0 0.11298076923076923 0.734375 0.22115384615384615 0.21394230769230768
