0 0.8942307692307693 0.33052884615384615 0.21153846153846154 0.3918269230769231
0 0.9350961538461539 0.07211538461538461 0.12980769230769232 0.125
0 0.921875 0.6033653846153846 0.06971153846153846 0.10576923076923077
0 0.9759615384615384 0.5793269230769231 0.04807692307692308 0.10576923076923077
0 0.9543269230769231 0.7247596153846154 0.09134615384615384 0.13701923076923078
0 0.953125 0.65625 0.09375 0.09134615384615384
0 0.8954326923076923 0.6658653846153846 0.036057692307692304 0.07211538461538461
0 0.859375 0.6129807692307693 0.055288461538461536 0.16346153846153846
0 0.8870192307692307 0.7307692307692307 0.04807692307692308 0.07211538461538461
0 0.8293269230769231 0.7283653846153846 0.0625 0.10576923076923077
0 0.7908653846153846 0.6610576923076923 0.0625 0.125
0 0.8173076923076923 0.5793269230769231 0.0673076923076923 0.10576923076923077
0 0.7668269230769231 0.578125 0.028846153846153848 0.06490384615384616
0 0.6995192307692307 0.6610576923076923 0.028846153846153848 0.125
0 0.7391826923076923 0.7163461538461539 0.06971153846153846 0.07692307692307693
0 0.7331730769230769 0.6177884615384616 0.04326923076923077 0.14423076923076922
0 0.7668269230769231 0.24879807692307693 0.2980769230769231 0.47836538461538464
0 0.44471153846153844 0.3942307692307692 0.04807692307692308 0.0
0 0.4735576923076923 0.4375 0.028846153846153848 0.057692307692307696
0 0.4266826923076923 0.39783653846153844 0.036057692307692304 0.04567307692307692
0 0.5180288461538461 0.10817307692307693 0.06971153846153846 0.15865384615384615
0 0.40384615384615385 0.1466346153846154 0.057692307692307696 0.14423076923076922
0 0.5600961538461539 0.28846153846153844 0.09134615384615384 0.16346153846153846
0 0.609375 0.3701923076923077 0.06971153846153846 0.14423076923076922
0 0.5661057692307693 0.49759615384615385 0.04567307692307692 0.057692307692307696
0 0.6370192307692307 0.6947115384615384 0.03365384615384615 0.10576923076923077
0 0.6141826923076923 0.6730769230769231 0.036057692307692304 0.08653846153846154
0 0.6682692307692307 0.6538461538461539 0.028846153846153848 0.07211538461538461
0 0.6526442307692307 0.6033653846153846 0.036057692307692304 0.09134615384615384
0 0.6225961538461539 0.5985576923076923 0.038461538461538464 0.09134615384615384
0 0.5829326923076923 0.59375 0.036057692307692304 0.08653846153846154
0 0.5745192307692307 0.6706730769230769 0.04807692307692308 0.10576923076923077
0 0.5480769230769231 0.6009615384615384 0.028846153846153848 0.07211538461538461
0 0.65625 0.9302884615384616 0.028846153846153848 0.09134615384615384
0 0.6814903846153846 0.9314903846153846 0.021634615384615384 0.06490384615384616
0 0.6346153846153846 0.9399038461538461 0.02403846153846154 0.07211538461538461
0 0.7115384615384616 0.9915865384615384 0.10576923076923077 0.016826923076923076
0 0.6177884615384616 0.8629807692307693 0.038461538461538464 0.08653846153846154
0 0.6574519230769231 0.8533653846153846 0.04567307692307692 0.07692307692307693
0 0.6959134615384616 0.8701923076923077 0.036057692307692304 0.057692307692307696
0 0.7367788461538461 0.9411057692307693 0.04567307692307692 0.0985576923076923
0 0.40384615384615385 0.8978365384615384 0.028846153846153848 0.11778846153846154
0 0.43509615384615385 0.9350961538461539 0.038461538461538464 0.125
0 0.46033653846153844 0.9399038461538461 0.04567307692307692 0.11057692307692307
0 0.4182692307692308 0.8762019230769231 0.019230769230769232 0.0985576923076923
0 0.4326923076923077 0.8497596153846154 0.028846153846153848 0.0985576923076923
0 0.46634615384615385 0.8990384615384616 0.03365384615384615 0.15865384615384615
0 0.4855769230769231 0.8269230769230769 0.028846153846153848 0.052884615384615384
0 0.4807692307692308 0.8846153846153846 0.028846153846153848 0.07692307692307693
0 0.49759615384615385 0.9615384615384616 0.03365384615384615 0.07211538461538461
0 0.5192307692307693 0.8846153846153846 0.04326923076923077 0.09134615384615384
0 0.4230769230769231 0.6947115384615384 0.038461538461538464 0.09134615384615384
0 0.4639423076923077 0.6899038461538461 0.04326923076923077 0.07692307692307693
0 0.47836538461538464 0.6237980769230769 0.038461538461538464 0.06490384615384616
0 0.5096153846153846 0.6610576923076923 0.02403846153846154 0.057692307692307696
0 0.4387019230769231 0.6201923076923077 0.04567307692307692 0.057692307692307696
0 0.40384615384615385 0.625 0.04326923076923077 0.052884615384615384
0 0.06370192307692307 0.0889423076923077 0.12259615384615384 0.15865384615384615
0 0.19230769230769232 0.042067307692307696 0.1346153846153846 0.06490384615384616
0 0.32572115384615385 0.21514423076923078 0.10336538461538461 0.31971153846153844
0 0.40625 0.53125 0.14423076923076922 0.07692307692307693
0 0.35336538461538464 0.4182692307692308 0.04807692307692308 0.125
0 0.28365384615384615 0.71875 0.03365384615384615 0.057692307692307696
0 0.21033653846153846 0.8798076923076923 0.11298076923076923 0.09134615384615384
0 0.3112980769230769 0.7127403846153846 0.021634615384615384 0.04567307692307692
0 0.33413461538461536 0.7067307692307693 0.02403846153846154 0.057692307692307696
0 0.35096153846153844 0.6995192307692307 0.009615384615384616 0.03365384615384615
0 0.2692307692307692 0.6622596153846154 0.03365384615384615 0.06490384615384616
0 0.2956730769230769 0.6538461538461539 0.028846153846153848 0.07211538461538461
0 0.3245192307692308 0.6538461538461539 0.019230769230769232 0.057692307692307696
0 0.3389423076923077 0.6538461538461539 0.009615384615384616 0.03365384615384615
0 0.25841346153846156 0.6310096153846154 0.03125 0.06490384615384616
0 0.2764423076923077 0.6081730769230769 0.02403846153846154 0.057692307692307696
0 0.3004807692307692 0.6105769230769231 0.02403846153846154 0.052884615384615384
0 0.32572115384615385 0.6033653846153846 0.021634615384615384 0.052884615384615384
0 0.23798076923076922 0.5709134615384616 0.028846153846153848 0.06490384615384616
0 0.27403846153846156 0.5528846153846154 0.03365384615384615 0.07692307692307693
0 0.30288461538461536 0.5685096153846154 0.019230769230769232 0.04567307692307692
0 0.14903846153846154 0.6766826923076923 0.02403846153846154 0.026442307692307692
0 0.18028846153846154 0.6706730769230769 0.03365384615384615 0.038461538461538464
0 0.14543269230769232 0.6466346153846154 0.021634615384615384 0.019230769230769232
0 0.171875 0.6105769230769231 0.021634615384615384 0.038461538461538464
0 0.9639423076923077 0.9026442307692307 0.028846153846153848 0.18990384615384615
0 0.9855769230769231 0.9014423076923077 0.019230769230769232 0.1778846153846154
0 0.9939903846153846 0.8942307692307693 0.01201923076923077 0.16346153846153846
0 0.9447115384615384 0.8990384615384616 0.019230769230769232 0.1971153846153846
0 0.9302884615384616 0.8701923076923077 0.019230769230769232 0.1778846153846154
0 0.8978365384615384 0.9579326923076923 0.06009615384615385 0.08413461538461539
0 0.9014423076923077 0.8725961538461539 0.052884615384615384 0.15865384615384615
0 0.8461538461538461 0.9459134615384616 0.04807692307692308 0.10817307692307693
0 0.8161057692307693 0.8918269230769231 0.04567307692307692 0.10576923076923077
0 0.8653846153846154 0.8629807692307693 0.057692307692307696 0.08653846153846154
