0 0.6694711538461539 0.4735576923076923 0.65625 0.5913461538461539
0 0.5913461538461539 0.3245192307692308 0.3317307692307692 0.25961538461538464
0 0.4567307692307692 0.47836538461538464 0.1875 0.15865384615384615
0 0.2403846153846154 0.4987980769230769 0.28846153846153844 0.18509615384615385
0 0.18629807692307693 0.5384615384615384 0.10336538461538461 0.125
0 0.30288461538461536 0.5841346153846154 0.20673076923076922 0.13942307692307693
0 0.3389423076923077 0.7367788461538461 0.24519230769230768 0.18509615384615385
0 0.17307692307692307 0.71875 0.23076923076923078 0.16826923076923078
0 0.1778846153846154 0.8052884615384616 0.1201923076923077 0.0625
0 0.16346153846153846 0.8786057692307693 0.32211538461538464 0.23798076923076922
