0 0.6358173076923077 0.5552884615384616 0.5216346153846154 0.7307692307692307
0 0.875 0.4050480769230769 0.125 0.13701923076923078
0 0.9230769230769231 0.5300480769230769 0.1346153846153846 0.12259615384615384
0 0.640625 0.265625 0.14182692307692307 0.13221153846153846
0 0.5901442307692307 0.16947115384615385 0.06490384615384616 0.15625
0 0.5060096153846154 0.1466346153846154 0.10817307692307693 0.21153846153846154
0 0.53125 0.2548076923076923 0.052884615384615384 0.07211538461538461
0 0.39663461538461536 0.13822115384615385 0.10096153846153846 0.15144230769230768
0 0.29447115384615385 0.7247596153846154 0.12259615384615384 0.10817307692307693
0 0.3004807692307692 0.8353365384615384 0.1346153846153846 0.13701923076923078
0 0.46033653846153844 0.8509615384615384 0.0889423076923077 0.08653846153846154
0 0.2824519230769231 0.4411057692307692 0.5024038461538461 0.6802884615384616
