0 0.33653846153846156 0.5252403846153846 0.4326923076923077 0.7956730769230769
0 0.71875 0.39783653846153844 0.3701923076923077 0.6995192307692307
0 0.9543269230769231 0.609375 0.09134615384615384 0.33413461538461536
0 0.8822115384615384 0.8473557692307693 0.23557692307692307 0.3004807692307692
0 0.6129807692307693 0.8533653846153846 0.3942307692307692 0.28846153846153844
0 0.296875 0.9459134615384616 0.21394230769230768 0.10336538461538461
0 0.1045673076923077 0.7512019230769231 0.20432692307692307 0.49278846153846156
0 0.13581730769230768 0.27163461538461536 0.2668269230769231 0.5384615384615384
0 0.43028846153846156 0.09014423076923077 0.41346153846153844 0.17548076923076922
0 0.7608173076923077 0.03125 0.2283653846153846 0.057692307692307696
0 0.9375 0.22596153846153846 0.125 0.44711538461538464
