0 0.27403846153846156 0.8894230769230769 0.33653846153846156 0.22115384615384615
0 0.42788461538461536 0.8990384615384616 0.08173076923076923 0.0673076923076923
0 0.47115384615384615 0.8245192307692307 0.16346153846153846 0.09134615384615384
0 0.6105769230769231 0.9122596153846154 0.19230769230769232 0.10817307692307693
0 0.7247596153846154 0.8786057692307693 0.17067307692307693 0.11298076923076923
0 0.7728365384615384 0.7776442307692307 0.17548076923076922 0.12740384615384615
0 0.6286057692307693 0.8197115384615384 0.17548076923076922 0.1201923076923077
0 0.5913461538461539 0.7127403846153846 0.1875 0.10817307692307693
0 0.4855769230769231 0.71875 0.14423076923076922 0.1346153846153846
0 0.5961538461538461 0.6201923076923077 0.14423076923076922 0.07692307692307693
0 0.7596153846153846 0.640625 0.22596153846153846 0.16105769230769232
0 0.6634615384615384 0.5504807692307693 0.22115384615384615 0.11538461538461539
0 0.2283653846153846 0.6742788461538461 0.3942307692307692 0.34375
0 0.10817307692307693 0.6105769230769231 0.20673076923076922 0.2403846153846154
0 0.1310096153846154 0.27884615384615385 0.13701923076923078 0.14423076923076922
0 0.15144230769230768 0.4206730769230769 0.16346153846153846 0.14423076923076922
0 0.05889423076923077 0.3713942307692308 0.055288461538461536 0.12259615384615384
0 0.0889423076923077 0.24278846153846154 0.10576923076923077 0.11057692307692307
0 0.21634615384615385 0.16826923076923078 0.11057692307692307 0.10576923076923077
0 0.24278846153846154 0.26802884615384615 0.07211538461538461 0.12259615384615384
0 0.34134615384615385 0.13822115384615385 0.15865384615384615 0.27163461538461536
0 0.30528846153846156 0.22115384615384615 0.35096153846153844 0.3942307692307692
0 0.36538461538461536 0.22716346153846154 0.3942307692307692 0.37740384615384615
0 0.35697115384615385 0.3004807692307692 0.5552884615384616 0.38461538461538464
0 0.2980769230769231 0.4206730769230769 0.125 0.11538461538461539
0 0.28846153846153844 0.4891826923076923 0.14423076923076922 0.10817307692307693
0 0.4567307692307692 0.43028846153846156 0.20192307692307693 0.25961538461538464
0 0.4567307692307692 0.49759615384615385 0.10576923076923077 0.2644230769230769
0 0.5745192307692307 0.2548076923076923 0.15384615384615385 0.09134615384615384
0 0.6442307692307693 0.20432692307692307 0.10576923076923077 0.07692307692307693
0 0.7151442307692307 0.27403846153846156 0.13701923076923078 0.0673076923076923
0 0.7043269230769231 0.3389423076923077 0.11538461538461539 0.07211538461538461
0 0.7908653846153846 0.3605769230769231 0.11538461538461539 0.10096153846153846
0 0.6754807692307693 0.40865384615384615 0.33653846153846156 0.14423076923076922
0 0.6574519230769231 0.5012019230769231 0.40625 0.15625
0 0.7692307692307693 0.5 0.08173076923076923 0.07211538461538461
0 0.8269230769230769 0.5096153846153846 0.07692307692307693 0.09615384615384616
0 0.49399038461538464 0.59375 0.06009615384615385 0.04326923076923077
