0 0.9074519230769231 0.34375 0.036057692307692304 0.1346153846153846
0 0.9519230769230769 0.27403846153846156 0.03365384615384615 0.04807692307692308
0 0.9819711538461539 0.4495192307692308 0.036057692307692304 0.1201923076923077
0 0.9771634615384616 0.6009615384615384 0.04567307692307692 0.21153846153846154
0 0.9711538461538461 0.7668269230769231 0.057692307692307696 0.16346153846153846
0 0.9675480769230769 0.9182692307692307 0.06490384615384616 0.15384615384615385
0 0.9110576923076923 0.9182692307692307 0.08653846153846154 0.15384615384615385
0 0.8822115384615384 0.71875 0.1201923076923077 0.30288461538461536
0 0.828125 0.8774038461538461 0.07932692307692307 0.1971153846153846
0 0.7908653846153846 0.9675480769230769 0.0625 0.055288461538461536
0 0.9086538461538461 0.5252403846153846 0.04807692307692308 0.11298076923076923
0 0.9399038461538461 0.5588942307692307 0.028846153846153848 0.11298076923076923
0 0.8064903846153846 0.5516826923076923 0.036057692307692304 0.11298076923076923
0 0.8461538461538461 0.33653846153846156 0.04326923076923077 0.10576923076923077
0 0.8016826923076923 0.3942307692307692 0.036057692307692304 0.07692307692307693
0 0.7728365384615384 0.3581730769230769 0.03125 0.1201923076923077
0 0.7487980769230769 0.4014423076923077 0.03125 0.07692307692307693
0 0.765625 0.4855769230769231 0.04567307692307692 0.09134615384615384
0 0.8413461538461539 0.4723557692307692 0.1971153846153846 0.17548076923076922
0 0.6995192307692307 0.49158653846153844 0.07692307692307693 0.2620192307692308
0 0.7091346153846154 0.30649038461538464 0.028846153846153848 0.11298076923076923
0 0.7992788461538461 0.2704326923076923 0.026442307692307692 0.040865384615384616
0 0.7512019230769231 0.8088942307692307 0.1466346153846154 0.37259615384615385
0 0.6814903846153846 0.7800480769230769 0.2091346153846154 0.43028846153846156
0 0.5612980769230769 0.8245192307692307 0.13701923076923078 0.30288461538461536
0 0.6526442307692307 0.6862980769230769 0.040865384615384616 0.0985576923076923
0 0.6274038461538461 0.6129807692307693 0.04326923076923077 0.09134615384615384
0 0.6262019230769231 0.4879807692307692 0.036057692307692304 0.125
0 0.5925480769230769 0.47475961538461536 0.036057692307692304 0.11298076923076923
0 0.6346153846153846 0.3449519230769231 0.10096153846153846 0.18990384615384615
0 0.6526442307692307 0.24879807692307693 0.016826923076923076 0.06971153846153846
0 0.6105769230769231 0.25240384615384615 0.028846153846153848 0.04807692307692308
0 0.4807692307692308 0.8125 0.057692307692307696 0.125
0 0.44711538461538464 0.9122596153846154 0.09134615384615384 0.08413461538461539
0 0.4951923076923077 0.953125 0.04326923076923077 0.08413461538461539
0 0.5348557692307693 0.9675480769230769 0.036057692307692304 0.055288461538461536
0 0.4483173076923077 0.953125 0.040865384615384616 0.08413461538461539
0 0.4266826923076923 0.9711538461538461 0.040865384615384616 0.04807692307692308
0 0.5384615384615384 0.5588942307692307 0.03365384615384615 0.08413461538461539
0 0.5360576923076923 0.4951923076923077 0.02403846153846154 0.057692307692307696
0 0.5264423076923077 0.4567307692307692 0.019230769230769232 0.07692307692307693
0 0.515625 0.421875 0.016826923076923076 0.05048076923076923
0 0.49759615384615385 0.4495192307692308 0.009615384615384616 0.07692307692307693
0 0.49399038461538464 0.5180288461538461 0.026442307692307692 0.08413461538461539
0 0.4579326923076923 0.47475961538461536 0.036057692307692304 0.040865384615384616
0 0.4639423076923077 0.44591346153846156 0.014423076923076924 0.040865384615384616
0 0.4543269230769231 0.5300480769230769 0.02403846153846154 0.06971153846153846
0 0.44591346153846156 0.5625 0.03125 0.04807692307692308
0 0.484375 0.5913461538461539 0.03125 0.07692307692307693
0 0.4879807692307692 0.5625 0.02403846153846154 0.09134615384615384
0 0.5324519230769231 0.6225961538461539 0.026442307692307692 0.057692307692307696
0 0.5120192307692307 0.6045673076923077 0.009615384615384616 0.06490384615384616
0 0.5012019230769231 0.6502403846153846 0.026442307692307692 0.055288461538461536
0 0.4699519230769231 0.6358173076923077 0.016826923076923076 0.08413461538461539
0 0.4050480769230769 0.2956730769230769 0.04567307692307692 0.1201923076923077
0 0.3245192307692308 0.21394230769230768 0.03365384615384615 0.07211538461538461
0 0.35216346153846156 0.49158653846153844 0.12259615384615384 0.3293269230769231
0 0.37740384615384615 0.7872596153846154 0.16346153846153846 0.34375
0 0.2536057692307692 0.640625 0.1466346153846154 0.3870192307692308
0 0.3858173076923077 0.9711538461538461 0.04567307692307692 0.04807692307692308
0 0.054086538461538464 0.2920673076923077 0.036057692307692304 0.11298076923076923
0 0.014423076923076924 0.4326923076923077 0.02403846153846154 0.10096153846153846
0 0.10576923076923077 0.6862980769230769 0.04326923076923077 0.0985576923076923
0 0.14783653846153846 0.7451923076923077 0.026442307692307692 0.10576923076923077
0 0.20192307692307693 0.8088942307692307 0.028846153846153848 0.06490384615384616
0 0.1778846153846154 0.8052884615384616 0.019230769230769232 0.057692307692307696
0 0.18269230769230768 0.8545673076923077 0.02403846153846154 0.055288461538461536
0 0.21033653846153846 0.8653846153846154 0.026442307692307692 0.04807692307692308
0 0.1935096153846154 0.921875 0.036057692307692304 0.06490384615384616
0 0.16706730769230768 0.8966346153846154 0.026442307692307692 0.07211538461538461
0 0.15504807692307693 0.8329326923076923 0.021634615384615384 0.055288461538461536
0 0.12860576923076922 0.8052884615384616 0.03125 0.057692307692307696
0 0.13581730769230768 0.8509615384615384 0.026442307692307692 0.04807692307692308
0 0.14302884615384615 0.9086538461538461 0.021634615384615384 0.07692307692307693
0 0.11658653846153846 0.9230769230769231 0.03125 0.07692307692307693
0 0.11538461538461539 0.84375 0.028846153846153848 0.04807692307692308
0 0.09495192307692307 0.7980769230769231 0.03125 0.057692307692307696
0 0.08774038461538461 0.8930288461538461 0.026442307692307692 0.06490384615384616
0 0.09375 0.8401442307692307 0.02403846153846154 0.040865384615384616
0 0.06490384615384616 0.8689903846153846 0.03365384615384615 0.08413461538461539
0 0.05889423076923077 0.7920673076923077 0.026442307692307692 0.08413461538461539
0 0.08774038461538461 0.9459134615384616 0.036057692307692304 0.055288461538461536
0 0.25841346153846156 0.9182692307692307 0.11298076923076923 0.15384615384615385
0 0.23197115384615385 0.43149038461538464 0.05048076923076923 0.0985576923076923
0 0.2704326923076923 0.2704326923076923 0.016826923076923076 0.040865384615384616
0 0.16706730769230768 0.234375 0.06971153846153846 0.23798076923076922
0 0.08413461538461539 0.27163461538461536 0.13942307692307693 0.3942307692307692
0 0.06009615384615385 0.4879807692307692 0.11538461538461539 0.36538461538461536
0 0.13701923076923078 0.5877403846153846 0.057692307692307696 0.0985576923076923
0 0.0673076923076923 0.5661057692307693 0.04326923076923077 0.11298076923076923
0 0.16706730769230768 0.4423076923076923 0.06009615384615385 0.14903846153846154
0 0.052884615384615384 0.8233173076923077 0.10096153846153846 0.34375
0 0.28125 0.37259615384615385 0.09615384615384616 0.09134615384615384
