0 0.1814903846153846 0.5432692307692307 0.1466346153846154 0.1971153846153846
0 0.13221153846153846 0.6346153846153846 0.10576923076923077 0.08653846153846154
0 0.21033653846153846 0.6971153846153846 0.38221153846153844 0.33653846153846156
0 0.3389423076923077 0.7115384615384616 0.15384615384615385 0.15865384615384615
0 0.2860576923076923 0.29086538461538464 0.41346153846153844 0.4855769230769231
0 0.5649038461538461 0.7019230769230769 0.875 0.44711538461538464
0 0.7620192307692307 0.25721153846153844 0.25961538461538464 0.21153846153846154
0 0.7307692307692307 0.3713942307692308 0.17307692307692307 0.10817307692307693
0 0.9074519230769231 0.328125 0.12740384615384615 0.18509615384615385
0 0.6201923076923077 0.3088942307692308 0.7596153846153846 0.6081730769230769
0 0.6105769230769231 0.5192307692307693 0.27403846153846156 0.4326923076923077
0 0.5024038461538461 0.6670673076923077 0.18269230769230768 0.18509615384615385
