0 0.8990384615384616 0.47475961538461536 0.1778846153846154 0.2668269230769231
0 0.8461538461538461 0.734375 0.20192307692307693 0.2956730769230769
0 0.6622596153846154 0.48677884615384615 0.12740384615384615 0.18028846153846154
0 0.6899038461538461 0.6418269230769231 0.11057692307692307 0.17307692307692307
0 0.6790865384615384 0.734375 0.07932692307692307 0.10817307692307693
0 0.6153846153846154 0.7920673076923077 0.1201923076923077 0.1466346153846154
0 0.6153846153846154 0.7235576923076923 0.07692307692307693 0.12980769230769232
0 0.6057692307692307 0.6454326923076923 0.08173076923076923 0.13701923076923078
0 0.5048076923076923 0.19110576923076922 0.2548076923076923 0.37740384615384615
0 0.296875 0.19471153846153846 0.2091346153846154 0.3173076923076923
0 0.2091346153846154 0.38221153846153844 0.16346153846153846 0.2692307692307692
0 0.30408653846153844 0.5733173076923077 0.15625 0.3004807692307692
0 0.12740384615384615 0.6442307692307693 0.20673076923076922 0.32211538461538464
0 0.5132211538461539 0.49399038461538464 0.15625 0.18509615384615385
0 0.5733173076923077 0.4807692307692308 0.0889423076923077 0.04807692307692308
0 0.5192307692307693 0.38221153846153844 0.14423076923076922 0.16826923076923078
0 0.43509615384615385 0.5432692307692307 0.09134615384615384 0.1201923076923077
0 0.41947115384615385 0.6658653846153846 0.0985576923076923 0.20192307692307693
0 0.5072115384615384 0.6442307692307693 0.07692307692307693 0.19230769230769232
0 0.5192307692307693 0.7620192307692307 0.08653846153846154 0.23076923076923078
