0 0.1778846153846154 0.12740384615384615 0.35096153846153844 0.25
0 0.18870192307692307 0.19110576923076922 0.37259615384615385 0.3004807692307692
0 0.19110576923076922 0.3581730769230769 0.35336538461538464 0.1875
0 0.13701923076923078 0.4879807692307692 0.2692307692307692 0.27403846153846156
0 0.3449519230769231 0.5829326923076923 0.1466346153846154 0.59375
0 0.28966346153846156 0.8197115384615384 0.026442307692307692 0.03365384615384615
0 0.43990384615384615 0.7560096153846154 0.04326923076923077 0.05048076923076923
0 0.5456730769230769 0.6189903846153846 0.3076923076923077 0.5216346153846154
0 0.6694711538461539 0.4855769230769231 0.3245192307692308 0.6538461538461539
0 0.7680288461538461 0.5240384615384616 0.22355769230769232 0.21153846153846154
0 0.8305288461538461 0.4338942307692308 0.33413461538461536 0.4495192307692308
0 0.8305288461538461 0.29447115384615385 0.3389423076923077 0.3389423076923077
0 0.8305288461538461 0.09495192307692307 0.3389423076923077 0.18509615384615385
0 0.5096153846153846 0.09495192307692307 0.3125 0.16105769230769232
0 0.6394230769230769 0.03365384615384615 0.1346153846153846 0.0625
0 0.4050480769230769 0.17067307692307693 0.13221153846153846 0.11057692307692307
