0 0.3269230769230769 0.21634615384615385 0.14423076923076922 0.21634615384615385
0 0.20793269230769232 0.36778846153846156 0.20432692307692307 0.20673076923076922
0 0.4266826923076923 0.27403846153846156 0.10336538461538461 0.16346153846153846
0 0.43990384615384615 0.14182692307692307 0.17307692307692307 0.11057692307692307
0 0.515625 0.22235576923076922 0.1658653846153846 0.14182692307692307
0 0.5673076923076923 0.1658653846153846 0.13942307692307693 0.16826923076923078
0 0.3605769230769231 0.43990384615384615 0.1971153846153846 0.23076923076923078
0 0.23197115384615385 0.5600961538461539 0.11778846153846154 0.16826923076923078
0 0.3425480769230769 0.6394230769230769 0.1658653846153846 0.1778846153846154
0 0.234375 0.7211538461538461 0.09375 0.16346153846153846
0 0.3112980769230769 0.828125 0.19951923076923078 0.18990384615384615
0 0.4567307692307692 0.8353365384615384 0.10576923076923077 0.13701923076923078
0 0.41225961538461536 0.9435096153846154 0.12740384615384615 0.11298076923076923
0 0.5360576923076923 0.9206730769230769 0.15384615384615385 0.12980769230769232
0 0.5673076923076923 0.9723557692307693 0.1346153846153846 0.055288461538461536
0 0.6586538461538461 0.9579326923076923 0.08173076923076923 0.07932692307692307
0 0.6550480769230769 0.8689903846153846 0.11298076923076923 0.14182692307692307
0 0.5817307692307693 0.8317307692307693 0.10096153846153846 0.17307692307692307
0 0.765625 0.8533653846153846 0.11298076923076923 0.17307692307692307
0 0.6899038461538461 0.7355769230769231 0.12980769230769232 0.15865384615384615
0 0.6009615384615384 0.6670673076923077 0.125 0.18990384615384615
0 0.48197115384615385 0.6057692307692307 0.11298076923076923 0.20673076923076922
0 0.41947115384615385 0.7163461538461539 0.07932692307692307 0.10096153846153846
0 0.49759615384615385 0.7620192307692307 0.07692307692307693 0.125
0 0.5769230769230769 0.5120192307692307 0.14423076923076922 0.16346153846153846
0 0.5120192307692307 0.4206730769230769 0.12980769230769232 0.18269230769230768
0 0.5576923076923077 0.33533653846153844 0.1346153846153846 0.18990384615384615
0 0.6850961538461539 0.3425480769230769 0.1346153846153846 0.19471153846153846
0 0.7379807692307693 0.21875 0.125 0.21153846153846154
0 0.6382211538461539 0.1875 0.07932692307692307 0.15865384615384615
0 0.7163461538461539 0.5348557692307693 0.1346153846153846 0.19951923076923078
0 0.7980769230769231 0.6526442307692307 0.1201923076923077 0.13221153846153846
0 0.8076923076923077 0.49759615384615385 0.11057692307692307 0.15865384615384615
0 0.8052884615384616 0.3713942307692308 0.10096153846153846 0.12740384615384615
