0 0.3317307692307692 0.171875 0.25961538461538464 0.13701923076923078
0 0.2764423076923077 0.09254807692307693 0.07692307692307693 0.026442307692307692
0 0.3737980769230769 0.09615384615384616 0.21875 0.125
0 0.28365384615384615 0.31009615384615385 0.2403846153846154 0.1778846153846154
0 0.42788461538461536 0.2644230769230769 0.07692307692307693 0.09615384615384616
0 0.4831730769230769 0.23317307692307693 0.10576923076923077 0.13942307692307693
0 0.4831730769230769 0.33413461538461536 0.052884615384615384 0.057692307692307696
0 0.515625 0.3125 0.026442307692307692 0.028846153846153848
0 0.5276442307692307 0.38341346153846156 0.0889423076923077 0.06490384615384616
0 0.4050480769230769 0.3737980769230769 0.15625 0.13701923076923078
0 0.25841346153846156 0.4831730769230769 0.21875 0.16826923076923078
0 0.24519230769230768 0.4110576923076923 0.11057692307692307 0.038461538461538464
0 0.35096153846153844 0.4579326923076923 0.052884615384615384 0.04567307692307692
0 0.42427884615384615 0.4735576923076923 0.09375 0.0625
0 0.4963942307692308 0.4338942307692308 0.0889423076923077 0.08413461538461539
0 0.4951923076923077 0.5 0.07692307692307693 0.0625
0 0.3894230769230769 0.5384615384615384 0.11538461538461539 0.07211538461538461
0 0.5204326923076923 0.59375 0.0985576923076923 0.14903846153846154
0 0.625 0.5168269230769231 0.18269230769230768 0.30288461538461536
0 0.4519230769230769 0.6442307692307693 0.25 0.18269230769230768
0 0.25 0.6009615384615384 0.19230769230769232 0.13942307692307693
0 0.265625 0.7487980769230769 0.21394230769230768 0.19471153846153846
0 0.37740384615384615 0.8004807692307693 0.1346153846153846 0.11538461538461539
0 0.4182692307692308 0.7283653846153846 0.11057692307692307 0.0625
0 0.49759615384615385 0.7824519230769231 0.125 0.12259615384615384
0 0.5697115384615384 0.71875 0.125 0.08653846153846154
0 0.4326923076923077 0.8701923076923077 0.0673076923076923 0.07211538461538461
0 0.31490384615384615 0.9254807692307693 0.14423076923076922 0.0625
0 0.3004807692307692 0.875 0.16826923076923078 0.11057692307692307
