0 0.5528846153846154 0.8413461538461539 0.5048076923076923 0.3173076923076923
0 0.5913461538461539 0.49038461538461536 0.42788461538461536 0.2980769230769231
0 0.6442307692307693 0.4699519230769231 0.4182692307692308 0.41586538461538464
0 0.8076923076923077 0.6923076923076923 0.20192307692307693 0.2403846153846154
0 0.4170673076923077 0.49158653846153844 0.3389423076923077 0.5120192307692307
0 0.22115384615384615 0.49038461538461536 0.25961538461538464 0.5144230769230769
0 0.17307692307692307 0.6887019230769231 0.3269230769230769 0.6225961538461539
0 0.3293269230769231 0.9771634615384616 0.12980769230769232 0.04567307692307692
0 0.37740384615384615 0.18509615384615385 0.16826923076923078 0.1875
0 0.5480769230769231 0.2403846153846154 0.18269230769230768 0.07692307692307693
0 0.25721153846153844 0.2091346153846154 0.08173076923076923 0.0625
0 0.11538461538461539 0.2704326923076923 0.22115384615384615 0.5360576923076923
