0 0.2127403846153846 0.8305288461538461 0.08413461538461539 0.16105769230769232
0 0.12860576923076922 0.8365384615384616 0.0889423076923077 0.17307692307692307
0 0.0889423076923077 0.8064903846153846 0.07692307692307693 0.19471153846153846
0 0.18990384615384615 0.7043269230769231 0.12980769230769232 0.15384615384615385
0 0.41225961538461536 0.7872596153846154 0.14182692307692307 0.25721153846153844
0 0.3545673076923077 0.6298076923076923 0.10817307692307693 0.22115384615384615
0 0.3112980769230769 0.8125 0.07451923076923077 0.15865384615384615
0 0.3004807692307692 0.8689903846153846 0.10096153846153846 0.12259615384615384
0 0.33052884615384615 0.2848557692307692 0.055288461538461536 0.08413461538461539
0 0.28846153846153844 0.296875 0.04326923076923077 0.07451923076923077
0 0.31490384615384615 0.3762019230769231 0.04807692307692308 0.08413461538461539
0 0.26802884615384615 0.3737980769230769 0.040865384615384616 0.07932692307692307
0 0.2824519230769231 0.22115384615384615 0.055288461538461536 0.0673076923076923
0 0.24278846153846154 0.265625 0.028846153846153848 0.06009615384615385
0 0.2668269230769231 0.2848557692307692 0.028846153846153848 0.07451923076923077
0 0.22355769230769232 0.32572115384615385 0.04326923076923077 0.07932692307692307
0 0.1814903846153846 0.3581730769230769 0.040865384615384616 0.07211538461538461
0 0.20673076923076922 0.3954326923076923 0.04807692307692308 0.07451923076923077
0 0.17427884615384615 0.45072115384615385 0.04567307692307692 0.0985576923076923
0 0.21153846153846154 0.484375 0.038461538461538464 0.10336538461538461
0 0.2439903846153846 0.4567307692307692 0.03125 0.08653846153846154
0 0.25961538461538464 0.5252403846153846 0.04807692307692308 0.0985576923076923
0 0.2932692307692308 0.5264423076923077 0.038461538461538464 0.09134615384615384
0 0.24519230769230768 0.6033653846153846 0.038461538461538464 0.11057692307692307
0 0.19471153846153846 0.5973557692307693 0.0625 0.0985576923076923
0 0.16826923076923078 0.5480769230769231 0.04326923076923077 0.0625
0 0.18269230769230768 0.515625 0.038461538461538464 0.055288461538461536
0 0.5120192307692307 0.203125 0.1346153846153846 0.18990384615384615
0 0.59375 0.18028846153846154 0.08653846153846154 0.22115384615384615
0 0.5180288461538461 0.78125 0.08413461538461539 0.11057692307692307
0 0.5673076923076923 0.8822115384615384 0.038461538461538464 0.10576923076923077
0 0.5084134615384616 0.8701923076923077 0.07451923076923077 0.10576923076923077
0 0.7548076923076923 0.8822115384615384 0.07692307692307693 0.11538461538461539
0 0.78125 0.8533653846153846 0.08653846153846154 0.15384615384615385
0 0.8473557692307693 0.7692307692307693 0.10817307692307693 0.22115384615384615
0 0.9158653846153846 0.7788461538461539 0.07211538461538461 0.20192307692307693
0 0.7007211538461539 0.15144230769230768 0.13701923076923078 0.24519230769230768
0 0.39783653846153844 0.19831730769230768 0.15144230769230768 0.2091346153846154
0 0.4170673076923077 0.08533653846153846 0.18509615384615385 0.1658653846153846
0 0.25600961538461536 0.19591346153846154 0.18509615384615385 0.21394230769230768
0 0.8341346153846154 0.3545673076923077 0.23557692307692307 0.2764423076923077
0 0.9050480769230769 0.6586538461538461 0.12259615384615384 0.40384615384615385
0 0.6550480769230769 0.7944711538461539 0.04567307692307692 0.23317307692307693
0 0.6862980769230769 0.8100961538461539 0.04567307692307692 0.0673076923076923
0 0.6899038461538461 0.7319711538461539 0.019230769230769232 0.08413461538461539
0 0.6237980769230769 0.71875 0.021634615384615384 0.0673076923076923
0 0.6057692307692307 0.7692307692307693 0.038461538461538464 0.0625
0 0.6117788461538461 0.8305288461538461 0.036057692307692304 0.07451923076923077
0 0.6153846153846154 0.8918269230769231 0.052884615384615384 0.0625
0 0.6911057692307693 0.8737980769230769 0.036057692307692304 0.07451923076923077
0 0.47716346153846156 0.6189903846153846 0.10817307692307693 0.2283653846153846
0 0.5649038461538461 0.8822115384615384 0.038461538461538464 0.11538461538461539
0 0.7728365384615384 0.7319711538461539 0.036057692307692304 0.12259615384615384
0 0.7331730769230769 0.7295673076923077 0.038461538461538464 0.1658653846153846
0 0.8076923076923077 0.7091346153846154 0.028846153846153848 0.11057692307692307
1 0.6454326923076923 0.7920673076923077 0.13701923076923078 0.2764423076923077
