0 0.8774038461538461 0.6394230769230769 0.2403846153846154 0.1778846153846154
0 0.8557692307692307 0.7752403846153846 0.28365384615384615 0.18509615384615385
0 0.7824519230769231 0.8665865384615384 0.15625 0.10336538461538461
0 0.8449519230769231 0.9266826923076923 0.12740384615384615 0.07932692307692307
0 0.7536057692307693 0.953125 0.16105769230769232 0.0889423076923077
0 0.578125 0.8894230769230769 0.18990384615384615 0.21634615384615385
0 0.6153846153846154 0.7199519230769231 0.1778846153846154 0.18990384615384615
0 0.4375 0.6009615384615384 0.2932692307692308 0.28846153846153844
0 0.4855769230769231 0.5384615384615384 0.3605769230769231 0.27884615384615385
0 0.22355769230769232 0.5865384615384616 0.23557692307692307 0.21634615384615385
0 0.3233173076923077 0.7091346153846154 0.31971153846153844 0.22115384615384615
0 0.2536057692307692 0.8629807692307693 0.19951923076923078 0.23557692307692307
0 0.11538461538461539 0.7800480769230769 0.16346153846153846 0.18509615384615385
0 0.11177884615384616 0.7283653846153846 0.21875 0.23076923076923078
0 0.22716346153846154 0.46274038461538464 0.4495192307692308 0.18990384615384615
0 0.5384615384615384 0.39302884615384615 0.3605769230769231 0.1466346153846154
0 0.18509615384615385 0.3329326923076923 0.36538461538461536 0.19951923076923078
