0 0.43990384615384615 0.2668269230769231 0.27403846153846156 0.27884615384615385
0 0.3329326923076923 0.08413461538461539 0.25721153846153844 0.15384615384615385
0 0.18990384615384615 0.22115384615384615 0.19230769230769232 0.3701923076923077
0 0.3173076923076923 0.49158653846153844 0.3076923076923077 0.31009615384615385
0 0.18629807692307693 0.7668269230769231 0.18509615384615385 0.39903846153846156
0 0.3389423076923077 0.8653846153846154 0.28365384615384615 0.21634615384615385
0 0.47596153846153844 0.6682692307692307 0.25 0.2548076923076923
0 0.5721153846153846 0.4639423076923077 0.22596153846153846 0.22596153846153846
0 0.6778846153846154 0.31490384615384615 0.20673076923076922 0.20673076923076922
0 0.7439903846153846 0.15504807692307693 0.18509615384615385 0.19471153846153846
0 0.7908653846153846 0.30528846153846156 0.1346153846153846 0.16346153846153846
0 0.8365384615384616 0.4375 0.11057692307692307 0.15865384615384615
0 0.7932692307692307 0.5697115384615384 0.1201923076923077 0.16346153846153846
0 0.7259615384615384 0.4411057692307692 0.1346153846153846 0.18028846153846154
0 0.6694711538461539 0.5889423076923077 0.17548076923076922 0.21634615384615385
0 0.7307692307692307 0.703125 0.14903846153846154 0.17548076923076922
0 0.6045673076923077 0.7956730769230769 0.18028846153846154 0.2403846153846154
0 0.6742788461538461 0.8834134615384616 0.18509615384615385 0.18509615384615385
0 0.5120192307692307 0.9302884615384616 0.11538461538461539 0.09615384615384616
