0 0.7163461538461539 0.28725961538461536 0.13942307692307693 0.17548076923076922
0 0.7403846153846154 0.453125 0.21634615384615385 0.17067307692307693
0 0.7848557692307693 0.6081730769230769 0.14182692307692307 0.20192307692307693
0 0.6995192307692307 0.75 0.15865384615384615 0.20673076923076922
0 0.6862980769230769 0.6081730769230769 0.06971153846153846 0.12980769230769232
0 0.6526442307692307 0.27403846153846156 0.06971153846153846 0.21153846153846154
0 0.6177884615384616 0.36538461538461536 0.03365384615384615 0.21153846153846154
0 0.6514423076923077 0.46634615384615385 0.038461538461538464 0.28846153846153844
0 0.6081730769230769 0.2283653846153846 0.02403846153846154 0.13942307692307693
0 0.5252403846153846 0.21153846153846154 0.14182692307692307 0.15865384615384615
0 0.5396634615384616 0.3329326923076923 0.12259615384615384 0.18509615384615385
0 0.45072115384615385 0.3557692307692308 0.12259615384615384 0.15865384615384615
0 0.41346153846153844 0.23798076923076922 0.13942307692307693 0.13942307692307693
0 0.5528846153846154 0.49158653846153844 0.14903846153846154 0.1658653846153846
0 0.4639423076923077 0.4951923076923077 0.14903846153846154 0.23076923076923078
0 0.5528846153846154 0.6033653846153846 0.10576923076923077 0.22115384615384615
0 0.44471153846153844 0.625 0.1201923076923077 0.22115384615384615
0 0.5492788461538461 0.7007211538461539 0.2956730769230769 0.25240384615384615
0 0.4579326923076923 0.7548076923076923 0.19471153846153846 0.08173076923076923
0 0.5036057692307693 0.8137019230769231 0.30528846153846156 0.19951923076923078
0 0.6129807692307693 0.59375 0.02403846153846154 0.07692307692307693
0 0.3762019230769231 0.859375 0.05048076923076923 0.03125
0 0.5096153846153846 0.7632211538461539 0.3125 0.16105769230769232
0 0.31490384615384615 0.27283653846153844 0.09134615384615384 0.11778846153846154
0 0.36658653846153844 0.3605769230769231 0.06971153846153846 0.1201923076923077
0 0.29447115384615385 0.36538461538461536 0.06490384615384616 0.09615384615384616
0 0.3245192307692308 0.4387019230769231 0.07211538461538461 0.10817307692307693
0 0.38221153846153844 0.48197115384615385 0.07211538461538461 0.11298076923076923
0 0.33653846153846156 0.546875 0.08173076923076923 0.10817307692307693
0 0.3870192307692308 0.6237980769230769 0.07211538461538461 0.0985576923076923
0 0.3161057692307692 0.6574519230769231 0.06971153846153846 0.11298076923076923
0 0.36658653846153844 0.71875 0.06971153846153846 0.09134615384615384
0 0.34375 0.8016826923076923 0.0673076923076923 0.09375
0 0.2860576923076923 0.7475961538461539 0.057692307692307696 0.09615384615384616
0 0.2403846153846154 0.6742788461538461 0.07211538461538461 0.10336538461538461
0 0.2644230769230769 0.5745192307692307 0.0625 0.09134615384615384
0 0.20673076923076922 0.5793269230769231 0.057692307692307696 0.09134615384615384
0 0.20552884615384615 0.48677884615384615 0.07451923076923077 0.09375
0 0.2692307692307692 0.484375 0.07692307692307693 0.10817307692307693
0 0.234375 0.3942307692307692 0.06971153846153846 0.09134615384615384
