0 0.6310096153846154 0.6526442307692307 0.6033653846153846 0.6322115384615384
0 0.609375 0.18870192307692307 0.53125 0.37259615384615385
0 0.7043269230769231 0.3581730769230769 0.5384615384615384 0.42788461538461536
0 0.9387019230769231 0.5649038461538461 0.036057692307692304 0.0673076923076923
0 0.8689903846153846 0.8653846153846154 0.06490384615384616 0.052884615384615384
0 0.8545673076923077 0.9206730769230769 0.04567307692307692 0.08653846153846154
0 0.3112980769230769 0.6033653846153846 0.036057692307692304 0.08653846153846154
0 0.4963942307692308 0.10697115384615384 0.18509615384615385 0.14182692307692307
0 0.6971153846153846 0.19591346153846154 0.057692307692307696 0.13701923076923078
0 0.8401442307692307 0.42908653846153844 0.06971153846153846 0.0889423076923077
0 0.8149038461538461 0.7680288461538461 0.10576923076923077 0.0985576923076923
0 0.7908653846153846 0.6766826923076923 0.09134615384615384 0.06971153846153846
0 0.8557692307692307 0.6634615384615384 0.10576923076923077 0.1201923076923077
0 0.9134615384615384 0.6670673076923077 0.0625 0.10336538461538461
0 0.6935096153846154 0.7680288461538461 0.05048076923076923 0.0889423076923077
0 0.7283653846153846 0.8329326923076923 0.0673076923076923 0.0889423076923077
0 0.7668269230769231 0.9038461538461539 0.04326923076923077 0.052884615384615384
0 0.6370192307692307 0.8605769230769231 0.038461538461538464 0.04326923076923077
0 0.5973557692307693 0.7872596153846154 0.08413461538461539 0.10336538461538461
0 0.5973557692307693 0.7067307692307693 0.055288461538461536 0.07692307692307693
0 0.6310096153846154 0.6586538461538461 0.17548076923076922 0.07692307692307693
0 0.6838942307692307 0.6935096153846154 0.0985576923076923 0.06971153846153846
0 0.4675480769230769 0.7043269230769231 0.07932692307692307 0.08173076923076923
0 0.4723557692307692 0.7860576923076923 0.05048076923076923 0.07211538461538461
0 0.5240384615384616 0.7788461538461539 0.03365384615384615 0.052884615384615384
0 0.5673076923076923 0.8942307692307693 0.038461538461538464 0.04326923076923077
0 0.39302884615384615 0.6838942307692307 0.040865384615384616 0.06009615384615385
0 0.4074519230769231 0.65625 0.026442307692307692 0.08173076923076923
0 0.4375 0.6310096153846154 0.052884615384615384 0.06490384615384616
0 0.3786057692307692 0.6334134615384616 0.06490384615384616 0.09375
0 0.39663461538461536 0.7295673076923077 0.09134615384615384 0.0889423076923077
0 0.42908653846153844 0.7908653846153846 0.04567307692307692 0.07692307692307693
0 0.5120192307692307 0.6057692307692307 0.12980769230769232 0.09134615384615384
0 0.3798076923076923 0.4831730769230769 0.07692307692307693 0.07692307692307693
0 0.3641826923076923 0.5324519230769231 0.040865384615384616 0.06490384615384616
0 0.4206730769230769 0.5360576923076923 0.07211538461538461 0.08173076923076923
0 0.7283653846153846 0.49158653846153844 0.0673076923076923 0.06009615384615385
0 0.7860576923076923 0.5132211538461539 0.038461538461538464 0.05048076923076923
0 0.8221153846153846 0.4831730769230769 0.03365384615384615 0.03365384615384615
0 0.9086538461538461 0.4014423076923077 0.028846153846153848 0.052884615384615384
0 0.8762019230769231 0.3798076923076923 0.036057692307692304 0.04326923076923077
0 0.90625 0.35096153846153844 0.04807692307692308 0.038461538461538464
0 0.9014423076923077 0.25961538461538464 0.04326923076923077 0.08653846153846154
0 0.9375 0.34375 0.04326923076923077 0.038461538461538464
0 0.8581730769230769 0.2860576923076923 0.038461538461538464 0.07692307692307693
0 0.828125 0.3088942307692308 0.036057692307692304 0.03125
0 0.8149038461538461 0.34975961538461536 0.057692307692307696 0.06971153846153846
0 0.7692307692307693 0.41466346153846156 0.04326923076923077 0.13701923076923078
0 0.8028846153846154 0.4050480769230769 0.028846153846153848 0.06009615384615385
0 0.7355769230769231 0.4206730769230769 0.038461538461538464 0.08173076923076923
0 0.6850961538461539 0.4723557692307692 0.07692307692307693 0.0889423076923077
0 0.6117788461538461 0.44471153846153844 0.06009615384615385 0.07692307692307693
0 0.5673076923076923 0.4266826923076923 0.052884615384615384 0.06009615384615385
0 0.6550480769230769 0.23076923076923078 0.04567307692307692 0.038461538461538464
0 0.6286057692307693 0.19951923076923078 0.036057692307692304 0.07692307692307693
0 0.59375 0.18509615384615385 0.0673076923076923 0.08173076923076923
0 0.6286057692307693 0.14423076923076922 0.036057692307692304 0.07692307692307693
0 0.6622596153846154 0.11298076923076923 0.040865384615384616 0.07692307692307693
0 0.75 0.17427884615384615 0.0625 0.09375
0 0.8173076923076923 0.11538461538461539 0.11057692307692307 0.08173076923076923
0 0.5625 0.25961538461538464 0.125 0.07692307692307693
0 0.46033653846153844 0.27403846153846156 0.15144230769230768 0.15865384615384615
