0 0.9362980769230769 0.14182692307692307 0.12740384615384615 0.2692307692307692
0 0.9110576923076923 0.3125 0.17307692307692307 0.4519230769230769
0 0.8762019230769231 0.3112980769230769 0.24759615384615385 0.4543269230769231
0 0.84375 0.052884615384615384 0.10096153846153846 0.08653846153846154
0 0.9747596153846154 0.6454326923076923 0.05048076923076923 0.25721153846153844
0 0.8365384615384616 0.6670673076923077 0.24519230769230768 0.37740384615384615
0 0.703125 0.48197115384615385 0.19951923076923078 0.29086538461538464
0 0.6983173076923077 0.17668269230769232 0.21875 0.3389423076923077
0 0.5228365384615384 0.20192307692307693 0.24759615384615385 0.3894230769230769
0 0.4182692307692308 0.036057692307692304 0.16826923076923078 0.052884615384615384
0 0.27283653846153844 0.20673076923076922 0.2668269230769231 0.39903846153846156
0 0.10336538461538461 0.06850961538461539 0.1971153846153846 0.12259615384615384
0 0.07932692307692307 0.25721153846153844 0.15384615384615385 0.32211538461538464
0 0.1201923076923077 0.48197115384615385 0.23076923076923078 0.40625
0 0.3942307692307692 0.5612980769230769 0.25961538461538464 0.41586538461538464
0 0.24519230769230768 0.5168269230769231 0.0673076923076923 0.25
0 0.6346153846153846 0.5841346153846154 0.3125 0.3894230769230769
0 0.671875 0.8317307692307693 0.2283653846153846 0.33653846153846156
0 0.43509615384615385 0.8197115384615384 0.2403846153846154 0.27884615384615385
0 0.19831730769230768 0.8197115384615384 0.25240384615384615 0.3557692307692308
0 0.10216346153846154 0.8173076923076923 0.11298076923076923 0.27403846153846156
0 0.03245192307692308 0.6646634615384616 0.055288461538461536 0.16105769230769232
0 0.027644230769230768 0.8617788461538461 0.05048076923076923 0.2764423076923077
4 0.8882211538461539 0.921875 0.22355769230769232 0.15625
4 0.4495192307692308 0.9759615384615384 0.2644230769230769 0.052884615384615384
4 0.31971153846153844 0.9519230769230769 0.09134615384615384 0.09615384615384616
4 0.08173076923076923 0.9759615384615384 0.08173076923076923 0.04807692307692308
