0 0.46153846153846156 0.6790865384615384 0.5432692307692307 0.6081730769230769
0 0.6310096153846154 0.6105769230769231 0.12740384615384615 0.1971153846153846
0 0.5144230769230769 0.4855769230769231 0.17307692307692307 0.21153846153846154
0 0.38221153846153844 0.40625 0.09615384615384616 0.16346153846153846
0 0.24519230769230768 0.40625 0.20673076923076922 0.20673076923076922
0 0.2980769230769231 0.24519230769230768 0.14903846153846154 0.125
0 0.3076923076923077 0.125 0.21153846153846154 0.2403846153846154
0 0.4567307692307692 0.08413461538461539 0.11057692307692307 0.15865384615384615
0 0.5697115384615384 0.078125 0.22596153846153846 0.1466346153846154
0 0.8413461538461539 0.15865384615384615 0.3173076923076923 0.3076923076923077
0 0.7836538461538461 0.34134615384615385 0.3173076923076923 0.28365384615384615
0 0.8653846153846154 0.5625 0.11057692307692307 0.13942307692307693
0 0.9783653846153846 0.9435096153846154 0.04326923076923077 0.10817307692307693
0 0.5889423076923077 0.234375 0.20192307692307693 0.25721153846153844
