0 0.8293269230769231 0.9182692307692307 0.12980769230769232 0.10096153846153846
0 0.8076923076923077 0.984375 0.11057692307692307 0.03125
0 0.8725961538461539 0.9543269230769231 0.052884615384615384 0.08653846153846154
0 0.8725961538461539 0.8653846153846154 0.052884615384615384 0.07692307692307693
0 0.7692307692307693 0.8846153846153846 0.11538461538461539 0.10096153846153846
0 0.6322115384615384 0.8990384615384616 0.1346153846153846 0.11538461538461539
0 0.6971153846153846 0.9747596153846154 0.11057692307692307 0.05048076923076923
0 0.5913461538461539 0.9591346153846154 0.1346153846153846 0.08173076923076923
0 0.47836538461538464 0.9819711538461539 0.12980769230769232 0.036057692307692304
0 0.4651442307692308 0.9302884615384616 0.0985576923076923 0.10096153846153846
0 0.25721153846153844 0.9879807692307693 0.125 0.02403846153846154
0 0.1658653846153846 0.9711538461538461 0.07692307692307693 0.057692307692307696
0 0.11538461538461539 0.9783653846153846 0.0673076923076923 0.04326923076923077
0 0.07932692307692307 0.9423076923076923 0.07692307692307693 0.09134615384615384
0 0.015625 0.9507211538461539 0.026442307692307692 0.06490384615384616
0 0.03365384615384615 0.984375 0.0625 0.03125
0 0.14182692307692307 0.18269230769230768 0.11057692307692307 0.10576923076923077
0 0.08413461538461539 0.24639423076923078 0.11057692307692307 0.08413461538461539
0 0.8389423076923077 0.24759615384615385 0.12980769230769232 0.10096153846153846
0 0.8545673076923077 0.33413461538461536 0.0889423076923077 0.10576923076923077
0 0.8461538461538461 0.43149038461538464 0.11538461538461539 0.08413461538461539
0 0.8653846153846154 0.5120192307692307 0.07692307692307693 0.08653846153846154
0 0.8653846153846154 0.6129807692307693 0.0673076923076923 0.09615384615384616
0 0.890625 0.7139423076923077 0.026442307692307692 0.08653846153846154
0 0.8365384615384616 0.7728365384615384 0.125 0.11778846153846154
0 0.6730769230769231 0.7668269230769231 0.17307692307692307 0.11538461538461539
0 0.7379807692307693 0.71875 0.16826923076923078 0.08173076923076923
0 0.7379807692307693 0.7896634615384616 0.10576923076923077 0.10817307692307693
0 0.49038461538461536 0.8461538461538461 0.11057692307692307 0.10096153846153846
0 0.38221153846153844 0.84375 0.11538461538461539 0.09615384615384616
0 0.34615384615384615 0.9290865384615384 0.1346153846153846 0.14182692307692307
0 0.3269230769230769 0.9483173076923077 0.14423076923076922 0.10336538461538461
0 0.22115384615384615 0.9158653846153846 0.1346153846153846 0.11538461538461539
0 0.1971153846153846 0.8894230769230769 0.1201923076923077 0.07211538461538461
0 0.07692307692307693 0.8377403846153846 0.14423076923076922 0.11778846153846154
0 0.11057692307692307 0.8581730769230769 0.07692307692307693 0.07692307692307693
0 0.1658653846153846 0.8473557692307693 0.0673076923076923 0.06009615384615385
0 0.16346153846153846 0.765625 0.125 0.10336538461538461
0 0.2644230769230769 0.8209134615384616 0.10576923076923077 0.10817307692307693
0 0.33413461538461536 0.765625 0.13942307692307693 0.11778846153846154
0 0.45552884615384615 0.7824519230769231 0.09375 0.08413461538461539
0 0.5504807692307693 0.7908653846153846 0.11538461538461539 0.09615384615384616
0 0.5240384615384616 0.6971153846153846 0.14423076923076922 0.10096153846153846
0 0.41225961538461536 0.6971153846153846 0.0889423076923077 0.09134615384615384
0 0.34615384615384615 0.6586538461538461 0.125 0.08653846153846154
0 0.055288461538461536 0.6778846153846154 0.10576923076923077 0.10096153846153846
0 0.015625 0.7319711538461539 0.026442307692307692 0.10817307692307693
0 0.18509615384615385 0.6418269230769231 0.10576923076923077 0.07211538461538461
0 0.21153846153846154 0.5865384615384616 0.14423076923076922 0.10096153846153846
0 0.31490384615384615 0.59375 0.07211538461538461 0.08653846153846154
0 0.28365384615384615 0.5096153846153846 0.08173076923076923 0.08653846153846154
0 0.35096153846153844 0.5180288461538461 0.11538461538461539 0.08413461538461539
0 0.43028846153846156 0.5552884615384616 0.10576923076923077 0.08173076923076923
0 0.4423076923076923 0.6370192307692307 0.0673076923076923 0.07692307692307693
0 0.5180288461538461 0.6177884615384616 0.09375 0.0673076923076923
0 0.5552884615384616 0.5793269230769231 0.07211538461538461 0.10576923076923077
0 0.49759615384615385 0.5480769230769231 0.052884615384615384 0.09615384615384616
0 0.5564903846153846 0.4807692307692308 0.15144230769230768 0.10096153846153846
0 0.6298076923076923 0.5697115384615384 0.1201923076923077 0.09615384615384616
0 0.7572115384615384 0.6069711538461539 0.14423076923076922 0.12259615384615384
0 0.8293269230769231 0.6754807692307693 0.1201923076923077 0.08173076923076923
0 0.8317307692307693 0.9170673076923077 0.1346153846153846 0.10336538461538461
0 0.6298076923076923 0.6538461538461539 0.12980769230769232 0.09615384615384616
0 0.5228365384615384 0.6225961538461539 0.09375 0.057692307692307696
0 0.7139423076923077 0.47836538461538464 0.17307692307692307 0.125
0 0.7884615384615384 0.5240384615384616 0.08173076923076923 0.07211538461538461
0 0.6574519230769231 0.4182692307692308 0.0985576923076923 0.08653846153846154
0 0.47115384615384615 0.3894230769230769 0.11538461538461539 0.08653846153846154
0 0.4254807692307692 0.4639423076923077 0.11538461538461539 0.10096153846153846
0 0.7644230769230769 0.3798076923076923 0.125 0.08653846153846154
0 0.7067307692307693 0.2668269230769231 0.1346153846153846 0.10576923076923077
0 0.6622596153846154 0.30408653846153844 0.15144230769230768 0.12259615384615384
0 0.7692307692307693 0.31490384615384615 0.07211538461538461 0.04326923076923077
0 0.8822115384615384 0.18509615384615385 0.04326923076923077 0.03365384615384615
0 0.7355769230769231 0.04567307692307692 0.16346153846153846 0.08173076923076923
0 0.6887019230769231 0.1201923076923077 0.0985576923076923 0.07211538461538461
0 0.6634615384615384 0.15264423076923078 0.1346153846153846 0.04567307692307692
0 0.6586538461538461 0.19831730769230768 0.1346153846153846 0.08413461538461539
0 0.5408653846153846 0.22355769230769232 0.12980769230769232 0.09615384615384616
0 0.46153846153846156 0.1971153846153846 0.08173076923076923 0.07692307692307693
0 0.46634615384615385 0.2800480769230769 0.14423076923076922 0.10336538461538461
0 0.5600961538461539 0.35096153846153844 0.1346153846153846 0.09134615384615384
0 0.5600961538461539 0.14903846153846154 0.125 0.09134615384615384
0 0.5216346153846154 0.05048076923076923 0.12980769230769232 0.09615384615384616
0 0.6129807692307693 0.04807692307692308 0.08173076923076923 0.08653846153846154
0 0.4170673076923077 0.3485576923076923 0.0985576923076923 0.08173076923076923
0 0.3076923076923077 0.3605769230769231 0.12980769230769232 0.09615384615384616
0 0.328125 0.4182692307692308 0.0889423076923077 0.057692307692307696
0 0.27163461538461536 0.4206730769230769 0.04807692307692308 0.03365384615384615
0 0.22596153846153846 0.4675480769230769 0.07211538461538461 0.10336538461538461
0 0.21394230769230768 0.39663461538461536 0.0673076923076923 0.0625
0 0.18990384615384615 0.3605769230769231 0.08173076923076923 0.07211538461538461
0 0.14423076923076922 0.46634615384615385 0.125 0.09615384615384616
0 0.11057692307692307 0.5456730769230769 0.12980769230769232 0.10096153846153846
0 0.039663461538461536 0.5516826923076923 0.07451923076923077 0.11298076923076923
0 0.10817307692307693 0.4254807692307692 0.125 0.09615384615384616
0 0.05889423076923077 0.3942307692307692 0.0889423076923077 0.11057692307692307
0 0.015625 0.4182692307692308 0.026442307692307692 0.08653846153846154
0 0.02403846153846154 0.3245192307692308 0.04326923076923077 0.09615384615384616
0 0.014423076923076924 0.25 0.019230769230769232 0.09134615384615384
0 0.04567307692307692 0.17307692307692307 0.08173076923076923 0.08653846153846154
0 0.08653846153846154 0.08413461538461539 0.1346153846153846 0.10576923076923077
0 0.015625 0.09375 0.026442307692307692 0.07692307692307693
0 0.018028846153846152 0.03485576923076923 0.03125 0.06009615384615385
0 0.0673076923076923 0.016826923076923076 0.08173076923076923 0.02403846153846154
0 0.11658653846153846 0.016826923076923076 0.07451923076923077 0.02403846153846154
0 0.20072115384615385 0.02283653846153846 0.10817307692307693 0.036057692307692304
0 0.1875 0.06971153846153846 0.1201923076923077 0.08653846153846154
0 0.3016826923076923 0.09375 0.15144230769230768 0.11057692307692307
0 0.40384615384615385 0.08413461538461539 0.0625 0.0673076923076923
0 0.46153846153846156 0.12259615384615384 0.08173076923076923 0.07211538461538461
0 0.4014423076923077 0.028846153846153848 0.12980769230769232 0.04807692307692308
0 0.3004807692307692 0.028846153846153848 0.11538461538461539 0.04807692307692308
0 0.34615384615384615 0.17307692307692307 0.11538461538461539 0.08653846153846154
0 0.24278846153846154 0.18990384615384615 0.1346153846153846 0.11538461538461539
0 0.20673076923076922 0.25961538461538464 0.08173076923076923 0.057692307692307696
0 0.10096153846153846 0.3076923076923077 0.07211538461538461 0.0673076923076923
0 0.17668269230769232 0.29086538461538464 0.0889423076923077 0.08653846153846154
0 0.3737980769230769 0.2620192307692308 0.09375 0.09134615384615384
0 0.3076923076923077 0.3581730769230769 0.1201923076923077 0.10096153846153846
0 0.45552884615384615 0.5024038461538461 0.90625 0.9951923076923077
