0 0.6514423076923077 0.5637019230769231 0.4807692307692308 0.3004807692307692
0 0.7451923076923077 0.36658653846153844 0.40865384615384615 0.24278846153846154
0 0.7019230769230769 0.125 0.4375 0.23557692307692307
0 0.3485576923076923 0.12139423076923077 0.3125 0.2283653846153846
0 0.13221153846153846 0.11778846153846154 0.25 0.22115384615384615
0 0.2283653846153846 0.4483173076923077 0.4375 0.31009615384615385
0 0.32572115384615385 0.32572115384615385 0.4206730769230769 0.2283653846153846
0 0.24278846153846154 0.6586538461538461 0.4326923076923077 0.2548076923076923
0 0.0985576923076923 0.7560096153846154 0.1778846153846154 0.31971153846153844
0 0.24519230769230768 0.8966346153846154 0.47596153846153844 0.20673076923076922
0 0.5817307692307693 0.8016826923076923 0.3798076923076923 0.2283653846153846
0 0.5985576923076923 0.9423076923076923 0.27403846153846156 0.11538461538461539
0 0.8762019230769231 0.8629807692307693 0.24759615384615385 0.2644230769230769
0 0.9242788461538461 0.6033653846153846 0.15144230769230768 0.2932692307692308
0 0.9266826923076923 0.20793269230769232 0.1466346153846154 0.18990384615384615
0 0.9302884615384616 0.052884615384615384 0.13942307692307693 0.09615384615384616
