0 0.7788461538461539 0.08413461538461539 0.15384615384615385 0.15384615384615385
0 0.7175480769230769 0.2283653846153846 0.10817307692307693 0.14903846153846154
0 0.609375 0.10576923076923077 0.10817307692307693 0.14423076923076922
0 0.6033653846153846 0.02403846153846154 0.11538461538461539 0.03365384615384615
0 0.5600961538461539 0.125 0.12980769230769232 0.10576923076923077
0 0.5408653846153846 0.05048076923076923 0.08653846153846154 0.08653846153846154
0 0.5300480769230769 0.30528846153846156 0.1466346153846154 0.125
0 0.6862980769230769 0.5012019230769231 0.14182692307692307 0.17548076923076922
0 0.8894230769230769 0.9290865384615384 0.09134615384615384 0.14182692307692307
0 0.6274038461538461 0.8028846153846154 0.07692307692307693 0.10576923076923077
0 0.5733173076923077 0.9783653846153846 0.08413461538461539 0.04326923076923077
0 0.36538461538461536 0.6670673076923077 0.09615384615384616 0.15625
0 0.28846153846153844 0.7824519230769231 0.11538461538461539 0.13701923076923078
0 0.24158653846153846 0.6538461538461539 0.10817307692307693 0.13942307692307693
0 0.2668269230769231 0.5096153846153846 0.09615384615384616 0.14903846153846154
0 0.17548076923076922 0.36778846153846156 0.08653846153846154 0.1201923076923077
0 0.2824519230769231 0.14903846153846154 0.10336538461538461 0.1346153846153846
0 0.31009615384615385 0.028846153846153848 0.11538461538461539 0.04326923076923077
0 0.21875 0.042067307692307696 0.08653846153846154 0.06971153846153846
0 0.17548076923076922 0.125 0.09615384615384616 0.125
0 0.078125 0.32572115384615385 0.10817307692307693 0.15625
0 0.11778846153846154 0.4375 0.09134615384615384 0.11538461538461539
0 0.16947115384615385 0.5144230769230769 0.0985576923076923 0.12980769230769232
0 0.07451923076923077 0.5480769230769231 0.09134615384615384 0.1346153846153846
0 0.04447115384615385 0.46274038461538464 0.07932692307692307 0.12259615384615384
0 0.019230769230769232 0.3389423076923077 0.028846153846153848 0.07211538461538461
0 0.019230769230769232 0.11778846153846154 0.028846153846153848 0.10096153846153846
0 0.055288461538461536 0.125 0.052884615384615384 0.125
0 0.16466346153846154 0.6153846153846154 0.06490384615384616 0.11057692307692307
0 0.06971153846153846 0.6646634615384616 0.08173076923076923 0.13221153846153846
0 0.14783653846153846 0.7644230769230769 0.0985576923076923 0.12980769230769232
0 0.16346153846153846 0.8990384615384616 0.07692307692307693 0.125
0 0.09615384615384616 0.8365384615384616 0.08173076923076923 0.10096153846153846
0 0.026442307692307692 0.7860576923076923 0.04807692307692308 0.13942307692307693
