0 0.5012019230769231 0.6153846153846154 0.3629807692307692 0.5288461538461539
0 0.19591346153846154 0.8076923076923077 0.37740384615384615 0.3798076923076923
0 0.19831730769230768 0.41225961538461536 0.38221153846153844 0.49759615384615385
0 0.3293269230769231 0.15144230769230768 0.15865384615384615 0.21153846153846154
0 0.47596153846153844 0.2403846153846154 0.1778846153846154 0.2980769230769231
0 0.703125 0.30649038461538464 0.2620192307692308 0.3870192307692308
0 0.8293269230769231 0.6742788461538461 0.30288461538461536 0.5024038461538461
0 0.4182692307692308 0.06490384615384616 0.14903846153846154 0.1201923076923077
0 0.28725961538461536 0.08413461538461539 0.09375 0.13942307692307693
0 0.8978365384615384 0.2283653846153846 0.06490384615384616 0.0673076923076923
0 0.9471153846153846 0.33774038461538464 0.10576923076923077 0.30528846153846156
