0 0.1935096153846154 0.5721153846153846 0.07932692307692307 0.2548076923076923
0 0.15625 0.5817307692307693 0.03365384615384615 0.052884615384615384
0 0.17668269230769232 0.6334134615384616 0.016826923076923076 0.06490384615384616
0 0.15504807692307693 0.4375 0.036057692307692304 0.038461538461538464
0 0.20432692307692307 0.4266826923076923 0.028846153846153848 0.04567307692307692
0 0.20552884615384615 0.49759615384615385 0.036057692307692304 0.09134615384615384
0 0.23798076923076922 0.5036057692307693 0.028846153846153848 0.07932692307692307
0 0.25721153846153844 0.5817307692307693 0.028846153846153848 0.052884615384615384
0 0.22235576923076922 0.5985576923076923 0.036057692307692304 0.07211538461538461
0 0.04326923076923077 0.3425480769230769 0.07692307692307693 0.2956730769230769
0 0.14302884615384615 0.19951923076923078 0.09375 0.25
0 0.2860576923076923 0.14182692307692307 0.15384615384615385 0.2644230769230769
0 0.34615384615384615 0.36177884615384615 0.15384615384615385 0.3485576923076923
0 0.4567307692307692 0.2764423076923077 0.10096153846153846 0.21634615384615385
0 0.5084134615384616 0.08533653846153846 0.08413461538461539 0.15144230769230768
0 0.5985576923076923 0.25240384615384615 0.09615384615384616 0.23557692307692307
0 0.6141826923076923 0.06490384615384616 0.09375 0.11057692307692307
0 0.5048076923076923 0.46033653846153844 0.1346153846153846 0.9014423076923077
0 0.5588942307692307 0.4230769230769231 0.036057692307692304 0.14423076923076922
0 0.5048076923076923 0.6153846153846154 0.04807692307692308 0.15865384615384615
0 0.36538461538461536 0.6766826923076923 0.02403846153846154 0.04567307692307692
0 0.5889423076923077 0.5925480769230769 0.019230769230769232 0.04567307692307692
0 0.6394230769230769 0.5649038461538461 0.028846153846153848 0.11057692307692307
0 0.6177884615384616 0.5600961538461539 0.028846153846153848 0.125
0 0.6610576923076923 0.546875 0.014423076923076924 0.04567307692307692
0 0.6201923076923077 0.3918269230769231 0.02403846153846154 0.052884615384615384
0 0.6033653846153846 0.4206730769230769 0.009615384615384616 0.019230769230769232
0 0.7572115384615384 0.36538461538461536 0.21634615384615385 0.5144230769230769
0 0.7007211538461539 0.07451923076923077 0.08413461538461539 0.12980769230769232
0 0.7860576923076923 0.11899038461538461 0.10096153846153846 0.20432692307692307
0 0.8533653846153846 0.25721153846153844 0.08173076923076923 0.19230769230769232
0 0.9206730769230769 0.14783653846153846 0.1201923076923077 0.17067307692307693
0 0.9206730769230769 0.2956730769230769 0.057692307692307696 0.1778846153846154
0 0.8725961538461539 0.4807692307692308 0.0625 0.2548076923076923
0 0.9206730769230769 0.44471153846153844 0.07692307692307693 0.14423076923076922
0 0.9759615384615384 0.3088942307692308 0.052884615384615384 0.15144230769230768
0 0.9903846153846154 0.1502403846153846 0.019230769230769232 0.18028846153846154
0 0.9326923076923077 0.04326923076923077 0.10576923076923077 0.0673076923076923
1 0.06129807692307692 0.3605769230769231 0.11298076923076923 0.4423076923076923
1 0.06850961538461539 0.08533653846153846 0.12740384615384615 0.15144230769230768
1 0.4206730769230769 0.09495192307692307 0.09615384615384616 0.17067307692307693
