0 0.8509615384615384 0.640625 0.1201923076923077 0.3870192307692308
0 0.7644230769230769 0.6766826923076923 0.14423076923076922 0.3245192307692308
0 0.7740384615384616 0.47475961538461536 0.27403846153846156 0.18028846153846154
0 0.9194711538461539 0.5432692307692307 0.10336538461538461 0.09134615384615384
0 0.9519230769230769 0.6394230769230769 0.09134615384615384 0.34615384615384615
0 0.5408653846153846 0.7379807692307693 0.1201923076923077 0.2932692307692308
0 0.6033653846153846 0.6165865384615384 0.18269230769230768 0.5360576923076923
0 0.4170673076923077 0.8112980769230769 0.12740384615384615 0.2668269230769231
0 0.3329326923076923 0.640625 0.38221153846153844 0.24278846153846154
0 0.5060096153846154 0.59375 0.06490384615384616 0.14903846153846154
0 0.47475961538461536 0.47716346153846156 0.1466346153846154 0.11298076923076923
0 0.3016826923076923 0.48197115384615385 0.20432692307692307 0.17548076923076922
0 0.40384615384615385 0.27403846153846156 0.20673076923076922 0.14903846153846154
0 0.2644230769230769 0.2548076923076923 0.1346153846153846 0.125
0 0.1045673076923077 0.5540865384615384 0.20432692307692307 0.31009615384615385
0 0.1141826923076923 0.7776442307692307 0.22355769230769232 0.43990384615384615
0 0.19951923076923078 0.8762019230769231 0.34134615384615385 0.24278846153846154
0 0.6009615384615384 0.9350961538461539 0.3076923076923077 0.125
0 0.4338942307692308 0.10096153846153846 0.8629807692307693 0.1971153846153846
0 0.5757211538461539 0.15745192307692307 0.14182692307692307 0.31009615384615385
