0 0.5745192307692307 0.2800480769230769 0.8461538461538461 0.5456730769230769
0 0.24158653846153846 0.31009615384615385 0.4735576923076923 0.36538461538461536
0 0.390625 0.6730769230769231 0.7716346153846154 0.5
0 0.8161057692307693 0.5697115384615384 0.0889423076923077 0.0625
0 0.8125 0.6526442307692307 0.12980769230769232 0.10336538461538461
0 0.9134615384615384 0.5925480769230769 0.16826923076923078 0.09375
0 0.9471153846153846 0.5480769230769231 0.10096153846153846 0.08653846153846154
0 0.9375 0.6730769230769231 0.1201923076923077 0.07692307692307693
0 0.8774038461538461 0.7271634615384616 0.15384615384615385 0.08413461538461539
0 0.7836538461538461 0.7800480769230769 0.16826923076923078 0.10336538461538461
0 0.7512019230769231 0.8521634615384616 0.13701923076923078 0.07451923076923077
0 0.9050480769230769 0.8401442307692307 0.18509615384615385 0.1466346153846154
0 0.9735576923076923 0.7524038461538461 0.04807692307692308 0.08653846153846154
