0 0.7427884615384616 0.5841346153846154 0.21634615384615385 0.21153846153846154
0 0.6490384615384616 0.4639423076923077 0.21634615384615385 0.13942307692307693
0 0.6610576923076923 0.6478365384615384 0.11538461538461539 0.15144230769230768
0 0.5360576923076923 0.6923076923076923 0.2403846153846154 0.25
0 0.6802884615384616 0.3425480769230769 0.21634615384615385 0.2091346153846154
0 0.5528846153846154 0.2932692307692308 0.16346153846153846 0.22596153846153846
0 0.40865384615384615 0.2644230769230769 0.21634615384615385 0.21153846153846154
0 0.42788461538461536 0.5 0.24519230769230768 0.2403846153846154
0 0.31490384615384615 0.7319711538461539 0.21153846153846154 0.20432692307692307
0 0.4206730769230769 0.6899038461538461 0.11538461538461539 0.13942307692307693
0 0.30288461538461536 0.6201923076923077 0.18269230769230768 0.11538461538461539
0 0.19471153846153846 0.4987980769230769 0.22115384615384615 0.2091346153846154
0 0.28125 0.34615384615384615 0.13942307692307693 0.15865384615384615
