0 0.5612980769230769 0.5985576923076923 0.30528846153846156 0.10096153846153846
0 0.2860576923076923 0.5408653846153846 0.33653846153846156 0.11057692307692307
0 0.5829326923076923 0.5072115384615384 0.30528846153846156 0.07692307692307693
0 0.6514423076923077 0.43509615384615385 0.25961538461538464 0.08173076923076923
0 0.46875 0.3942307692307692 0.33653846153846156 0.11057692307692307
0 0.46153846153846156 0.4567307692307692 0.32211538461538464 0.07211538461538461
0 0.4495192307692308 0.15985576923076922 0.7115384615384616 0.2860576923076923
0 0.40865384615384615 0.9579326923076923 0.6730769230769231 0.08413461538461539
0 0.5072115384615384 0.9711538461538461 0.6105769230769231 0.038461538461538464
0 0.4495192307692308 0.9038461538461539 0.5576923076923077 0.057692307692307696
0 0.6057692307692307 0.9350961538461539 0.41346153846153844 0.038461538461538464
0 0.7980769230769231 0.9170673076923077 0.40384615384615385 0.06009615384615385
0 0.43028846153846156 0.8798076923076923 0.42788461538461536 0.03365384615384615
0 0.22716346153846154 0.8557692307692307 0.34375 0.02403846153846154
0 0.3918269230769231 0.8353365384615384 0.5192307692307693 0.06009615384615385
0 0.6971153846153846 0.8689903846153846 0.16826923076923078 0.026442307692307692
0 0.7932692307692307 0.8894230769230769 0.20673076923076922 0.038461538461538464
0 0.8533653846153846 0.8810096153846154 0.14423076923076922 0.036057692307692304
0 0.6826923076923077 0.8557692307692307 0.24519230769230768 0.052884615384615384
0 0.3076923076923077 0.8028846153846154 0.5192307692307693 0.057692307692307696
0 0.8317307692307693 0.84375 0.19230769230769232 0.03365384615384615
0 0.47596153846153844 0.796875 0.5048076923076923 0.06971153846153846
0 0.5 0.7632211538461539 0.5048076923076923 0.06971153846153846
0 0.8197115384615384 0.8137019230769231 0.16826923076923078 0.03125
0 0.8125 0.7824519230769231 0.15384615384615385 0.03125
0 0.8076923076923077 0.7608173076923077 0.14423076923076922 0.026442307692307692
0 0.6754807692307693 0.7487980769230769 0.27403846153846156 0.06009615384615385
0 0.5552884615384616 0.7259615384615384 0.4951923076923077 0.052884615384615384
0 0.59375 0.7067307692307693 0.3894230769230769 0.0673076923076923
0 0.5288461538461539 0.7007211538461539 0.4423076923076923 0.06490384615384616
0 0.4795673076923077 0.6875 0.25240384615384615 0.038461538461538464
