0 0.5024038461538461 0.7548076923076923 0.1971153846153846 0.35096153846153844
0 0.6610576923076923 0.6346153846153846 0.16346153846153846 0.3557692307692308
0 0.7091346153846154 0.3629807692307692 0.11057692307692307 0.24519230769230768
0 0.5805288461538461 0.47836538461538464 0.22355769230769232 0.32211538461538464
0 0.6141826923076923 0.19831730769230768 0.18509615384615385 0.2620192307692308
0 0.5408653846153846 0.28365384615384615 0.10096153846153846 0.14423076923076922
0 0.39783653846153844 0.23197115384615385 0.22355769230769232 0.3629807692307692
0 0.3713942307692308 0.5408653846153846 0.18990384615384615 0.3269230769230769
0 0.21033653846153846 0.47836538461538464 0.18028846153846154 0.3317307692307692
0 0.3137019230769231 0.3088942307692308 0.10817307692307693 0.16105769230769232
0 0.38221153846153844 0.7740384615384616 0.057692307692307696 0.10096153846153846
