0 0.08173076923076923 0.06009615384615385 0.14423076923076922 0.10576923076923077
0 0.10096153846153846 0.16105769230769232 0.16826923076923078 0.14423076923076922
0 0.04567307692307692 0.31490384615384615 0.07211538461538461 0.07211538461538461
0 0.08173076923076923 0.37259615384615385 0.14423076923076922 0.09615384615384616
0 0.10096153846153846 0.46153846153846156 0.18269230769230768 0.09615384615384616
0 0.29447115384615385 0.41586538461538464 0.2860576923076923 0.15384615384615385
0 0.7692307692307693 0.39903846153846156 0.22115384615384615 0.15384615384615385
0 0.5961538461538461 0.33774038461538464 0.2548076923076923 0.13701923076923078
0 0.4387019230769231 0.265625 0.3245192307692308 0.07932692307692307
0 0.9362980769230769 0.32572115384615385 0.12740384615384615 0.13221153846153846
0 0.7896634615384616 0.19591346153846154 0.4206730769230769 0.24278846153846154
0 0.5132211538461539 0.171875 0.21394230769230768 0.13701923076923078
0 0.3894230769230769 0.16346153846153846 0.16346153846153846 0.09615384615384616
0 0.4519230769230769 0.07451923076923077 0.5576923076923077 0.12980769230769232
0 0.4423076923076923 0.34615384615384615 0.5384615384615384 0.2548076923076923
0 0.17548076923076922 0.23317307692307693 0.2932692307692308 0.17307692307692307
0 0.24639423076923078 0.671875 0.30528846153846156 0.1466346153846154
0 0.53125 0.5204326923076923 0.2403846153846154 0.11298076923076923
0 0.2668269230769231 0.5180288461538461 0.3317307692307692 0.1466346153846154
0 0.10096153846153846 0.3894230769230769 0.18269230769230768 0.3173076923076923
0 0.6850961538461539 0.5985576923076923 0.6346153846153846 0.24519230769230768
0 0.6514423076923077 0.7596153846153846 0.5721153846153846 0.27884615384615385
0 0.9387019230769231 0.7295673076923077 0.12259615384615384 0.11298076923076923
0 0.9423076923076923 0.8930288461538461 0.11538461538461539 0.21394230769230768
0 0.7992788461538461 0.9723557692307693 0.15144230769230768 0.055288461538461536
0 0.6875 0.9266826923076923 0.1346153846153846 0.10336538461538461
0 0.5072115384615384 0.8942307692307693 0.2548076923076923 0.12980769230769232
0 0.5096153846153846 0.8052884615384616 0.16826923076923078 0.057692307692307696
0 0.4735576923076923 0.7644230769230769 0.27884615384615385 0.1201923076923077
0 0.34375 0.7896634615384616 0.1875 0.10336538461538461
0 0.35697115384615385 0.96875 0.24278846153846154 0.0625
0 0.22115384615384615 0.9867788461538461 0.12980769230769232 0.026442307692307692
0 0.09014423076923077 0.9747596153846154 0.1658653846153846 0.05048076923076923
0 0.21514423076923078 0.8918269230769231 0.34375 0.14423076923076922
0 0.07692307692307693 0.7824519230769231 0.1346153846153846 0.0889423076923077
0 0.17548076923076922 0.7728365384615384 0.14903846153846154 0.0889423076923077
0 0.1201923076923077 0.6658653846153846 0.22115384615384615 0.14903846153846154
0 0.5540865384615384 0.9747596153846154 0.17067307692307693 0.05048076923076923
