0 0.7199519230769231 0.49278846153846156 0.5552884615384616 0.6298076923076923
0 0.5372596153846154 0.9230769230769231 0.4495192307692308 0.14903846153846154
0 0.7512019230769231 0.078125 0.49759615384615385 0.1466346153846154
0 0.3918269230769231 0.1875 0.4182692307692308 0.36538461538461536
0 0.32211538461538464 0.5745192307692307 0.3798076923076923 0.46634615384615385
0 0.27884615384615385 0.8689903846153846 0.3942307692307692 0.2620192307692308
0 0.11658653846153846 0.4675480769230769 0.2283653846153846 0.4254807692307692
0 0.027644230769230768 0.109375 0.05048076923076923 0.2091346153846154
0 0.12379807692307693 0.140625 0.13221153846153846 0.27163461538461536
0 0.06490384615384616 0.8125 0.125 0.3701923076923077
