0 0.38221153846153844 0.41346153846153844 0.32211538461538464 0.22596153846153846
0 0.3125 0.5216346153846154 0.14423076923076922 0.10576923076923077
0 0.5661057692307693 0.33533653846153844 0.07932692307692307 0.040865384615384616
0 0.4266826923076923 0.4987980769230769 0.3389423076923077 0.23317307692307693
0 0.5745192307692307 0.36538461538461536 0.11538461538461539 0.0625
0 0.6658653846153846 0.4387019230769231 0.17307692307692307 0.11298076923076923
0 0.5877403846153846 0.5072115384615384 0.18509615384615385 0.1346153846153846
0 0.40024038461538464 0.6358173076923077 0.2860576923076923 0.19951923076923078
0 0.23798076923076922 0.6177884615384616 0.16346153846153846 0.08653846153846154
0 0.5372596153846154 0.6382211538461539 0.3389423076923077 0.18028846153846154
0 0.3557692307692308 0.7283653846153846 0.0673076923076923 0.028846153846153848
0 0.6394230769230769 0.5336538461538461 0.15384615384615385 0.07692307692307693
2 0.5 0.5120192307692307 0.6875 0.5240384615384616
