0 0.3269230769230769 0.7055288461538461 0.2980769230769231 0.29086538461538464
0 0.6322115384615384 0.8725961538461539 0.30288461538461536 0.16826923076923078
0 0.29086538461538464 0.36538461538461536 0.1875 0.09615384615384616
0 0.19951923076923078 0.5252403846153846 0.11538461538461539 0.07932692307692307
0 0.3173076923076923 0.43990384615384615 0.13942307692307693 0.12980769230769232
0 0.30288461538461536 0.5180288461538461 0.125 0.07932692307692307
0 0.4206730769230769 0.5456730769230769 0.14903846153846154 0.11538461538461539
0 0.4519230769230769 0.7091346153846154 0.13942307692307693 0.11538461538461539
0 0.5504807692307693 0.7860576923076923 0.14903846153846154 0.07692307692307693
0 0.6298076923076923 0.8245192307692307 0.12980769230769232 0.10096153846153846
0 0.5576923076923077 0.7103365384615384 0.09615384615384616 0.08413461538461539
0 0.6682692307692307 0.7115384615384616 0.16346153846153846 0.1201923076923077
0 0.7235576923076923 0.7283653846153846 0.1201923076923077 0.09615384615384616
0 0.8173076923076923 0.6514423076923077 0.16346153846153846 0.11057692307692307
0 0.7163461538461539 0.6033653846153846 0.14423076923076922 0.125
0 0.6069711538461539 0.5913461538461539 0.08413461538461539 0.10096153846153846
0 0.5024038461538461 0.6105769230769231 0.1346153846153846 0.10096153846153846
0 0.5504807692307693 0.5 0.16826923076923078 0.12980769230769232
0 0.4543269230769231 0.41346153846153844 0.14423076923076922 0.14423076923076922
0 0.5576923076923077 0.33653846153846156 0.16346153846153846 0.14423076923076922
0 0.5685096153846154 0.4230769230769231 0.07451923076923077 0.04326923076923077
0 0.4182692307692308 0.29447115384615385 0.17307692307692307 0.12740384615384615
0 0.44711538461538464 0.24759615384615385 0.1346153846153846 0.10576923076923077
0 0.5673076923076923 0.14903846153846154 0.14423076923076922 0.11538461538461539
0 0.6442307692307693 0.19951923076923078 0.13942307692307693 0.125
0 0.5793269230769231 0.23677884615384615 0.04807692307692308 0.06009615384615385
0 0.6225961538461539 0.10576923076923077 0.11538461538461539 0.0625
0 0.6971153846153846 0.46634615384615385 0.125 0.125
0 0.8245192307692307 0.53125 0.1778846153846154 0.12980769230769232
0 0.8028846153846154 0.41586538461538464 0.13942307692307693 0.125
0 0.8485576923076923 0.3894230769230769 0.11057692307692307 0.11057692307692307
0 0.7163461538461539 0.3485576923076923 0.14423076923076922 0.10576923076923077
0 0.7764423076923077 0.2548076923076923 0.16346153846153846 0.11057692307692307
0 0.7884615384615384 0.15384615384615385 0.13942307692307693 0.11057692307692307
0 0.7451923076923077 0.11538461538461539 0.12980769230769232 0.1201923076923077
0 0.8569711538461539 0.2091346153846154 0.06490384615384616 0.08653846153846154
