0 0.4735576923076923 0.46875 0.1201923076923077 0.15865384615384615
0 0.4951923076923077 0.1875 0.20673076923076922 0.09134615384615384
0 0.8882211538461539 0.59375 0.21875 0.1778846153846154
0 0.9182692307692307 0.4423076923076923 0.15865384615384615 0.15865384615384615
0 0.6947115384615384 0.7668269230769231 0.3317307692307692 0.18269230769230768
0 0.8882211538461539 0.7007211538461539 0.0985576923076923 0.07451923076923077
0 0.6610576923076923 0.5697115384615384 0.14903846153846154 0.14423076923076922
0 0.6947115384615384 0.4375 0.11538461538461539 0.14903846153846154
0 0.7644230769230769 0.4014423076923077 0.11538461538461539 0.10576923076923077
0 0.7139423076923077 0.32211538461538464 0.16346153846153846 0.1778846153846154
0 0.8197115384615384 0.28725961538461536 0.19230769230769232 0.19951923076923078
0 0.6430288461538461 0.19951923076923078 0.2956730769230769 0.11538461538461539
0 0.3137019230769231 0.22115384615384615 0.2620192307692308 0.1875
0 0.21634615384615385 0.31971153846153844 0.07692307692307693 0.057692307692307696
0 0.19951923076923078 0.3894230769230769 0.1201923076923077 0.1971153846153846
0 0.1346153846153846 0.49278846153846156 0.1971153846153846 0.11057692307692307
0 0.15264423076923078 0.6033653846153846 0.25721153846153844 0.18269230769230768
0 0.16105769230769232 0.7367788461538461 0.20673076923076922 0.11298076923076923
0 0.3605769230769231 0.7307692307692307 0.2692307692307692 0.18269230769230768
0 0.2932692307692308 0.6778846153846154 0.07692307692307693 0.09134615384615384
0 0.42427884615384615 0.7944711538461539 0.2620192307692308 0.19951923076923078
0 0.5168269230769231 0.8713942307692307 0.15384615384615385 0.11298076923076923
0 0.5 0.5384615384615384 0.9951923076923077 0.7932692307692307
3 0.25 0.24278846153846154 0.49038461538461536 0.47115384615384615
