0 0.3894230769230769 0.5228365384615384 0.1201923076923077 0.040865384615384616
0 0.7415865384615384 0.7836538461538461 0.2956730769230769 0.14423076923076922
0 0.9002403846153846 0.8173076923076923 0.19471153846153846 0.13942307692307693
0 0.9735576923076923 0.7487980769230769 0.04326923076923077 0.10336538461538461
0 0.8557692307692307 0.6730769230769231 0.28365384615384615 0.14423076923076922
0 0.96875 0.5625 0.057692307692307696 0.10576923076923077
0 0.5336538461538461 0.8040865384615384 0.14423076923076922 0.23317307692307693
0 0.3485576923076923 0.5600961538461539 0.10096153846153846 0.03365384615384615
0 0.3485576923076923 0.5072115384615384 0.0625 0.02403846153846154
0 0.29447115384615385 0.5432692307692307 0.06971153846153846 0.038461538461538464
0 0.2548076923076923 0.5805288461538461 0.10096153846153846 0.040865384615384616
0 0.2283653846153846 0.625 0.08653846153846154 0.052884615384615384
0 0.27884615384615385 0.6514423076923077 0.0625 0.04807692307692308
0 0.31009615384615385 0.6033653846153846 0.08653846153846154 0.04326923076923077
0 0.4014423076923077 0.6262019230769231 0.1201923076923077 0.040865384615384616
0 0.3449519230769231 0.6442307692307693 0.09375 0.04326923076923077
0 0.4026442307692308 0.6730769230769231 0.09375 0.04326923076923077
0 0.33653846153846156 0.6658653846153846 0.038461538461538464 0.019230769230769232
0 0.3954326923076923 0.5961538461538461 0.09375 0.028846153846153848
0 0.44591346153846156 0.5709134615384616 0.09375 0.040865384615384616
0 0.4651442307692308 0.5300480769230769 0.06971153846153846 0.040865384615384616
0 0.5336538461538461 0.5649038461538461 0.08173076923076923 0.057692307692307696
0 0.49038461538461536 0.6105769230769231 0.08173076923076923 0.052884615384615384
0 0.4879807692307692 0.6502403846153846 0.10096153846153846 0.03125
0 0.515625 0.6838942307692307 0.09375 0.040865384615384616
0 0.46153846153846156 0.6959134615384616 0.0625 0.03125
0 0.5432692307692307 0.6370192307692307 0.0625 0.03365384615384615
0 0.5697115384615384 0.6141826923076923 0.0625 0.021634615384615384
0 0.5745192307692307 0.5901442307692307 0.0625 0.03125
0 0.6165865384615384 0.5625 0.06971153846153846 0.04326923076923077
0 0.5228365384615384 0.5384615384615384 0.06971153846153846 0.02403846153846154
0 0.1310096153846154 0.6514423076923077 0.13221153846153846 0.07692307692307693
0 0.03365384615384615 0.6514423076923077 0.0625 0.09134615384615384
0 0.078125 0.5913461538461539 0.15144230769230768 0.0625
0 0.027644230769230768 0.5552884615384616 0.05048076923076923 0.08653846153846154
0 0.07572115384615384 0.5408653846153846 0.06971153846153846 0.038461538461538464
0 0.040865384615384616 0.5012019230769231 0.07692307692307693 0.055288461538461536
0 0.06850961538461539 0.9699519230769231 0.13221153846153846 0.06009615384615385
0 0.7139423076923077 0.9435096153846154 0.16346153846153846 0.11298076923076923
0 0.8617788461538461 0.9423076923076923 0.09375 0.07692307692307693
0 0.9519230769230769 0.9507211538461539 0.08653846153846154 0.05048076923076923
0 0.9507211538461539 0.9867788461538461 0.09375 0.026442307692307692
0 0.4495192307692308 0.9711538461538461 0.125 0.057692307692307696
0 0.4326923076923077 0.8016826923076923 0.10576923076923077 0.11298076923076923
0 0.31971153846153844 0.9711538461538461 0.16826923076923078 0.057692307692307696
0 0.53125 0.9206730769230769 0.2644230769230769 0.15865384615384615
0 0.7139423076923077 0.9314903846153846 0.16346153846153846 0.13701923076923078
0 0.9014423076923077 0.9555288461538461 0.1875 0.0889423076923077
0 0.2548076923076923 0.9375 0.22596153846153846 0.0625
0 0.2548076923076923 0.9122596153846154 0.1875 0.06009615384615385
0 0.28846153846153844 0.9146634615384616 0.18269230769230768 0.10817307692307693
0 0.32572115384615385 0.8713942307692307 0.23317307692307693 0.026442307692307692
0 0.34375 0.875 0.25 0.07211538461538461
0 0.36538461538461536 0.9002403846153846 0.1201923076923077 0.03125
0 0.4254807692307692 0.8557692307692307 0.08653846153846154 0.057692307692307696
0 0.3389423076923077 0.8245192307692307 0.1201923076923077 0.014423076923076924
0 0.3401442307692308 0.8485576923076923 0.13221153846153846 0.019230769230769232
0 0.22355769230769232 0.8449519230769231 0.28846153846153844 0.12259615384615384
0 0.23557692307692307 0.8413461538461539 0.41346153846153844 0.16826923076923078
0 0.0889423076923077 0.7560096153846154 0.16826923076923078 0.16105769230769232
0 0.08173076923076923 0.7716346153846154 0.1201923076923077 0.16826923076923078
0 0.13942307692307693 0.71875 0.10576923076923077 0.07211538461538461
0 0.22596153846153846 0.703125 0.04326923076923077 0.04567307692307692
0 0.13942307692307693 0.7728365384615384 0.24519230769230768 0.10817307692307693
0 0.21153846153846154 0.7596153846153846 0.3269230769230769 0.12980769230769232
0 0.22115384615384615 0.7884615384615384 0.32211538461538464 0.16826923076923078
0 0.040865384615384616 0.8329326923076923 0.07692307692307693 0.18028846153846154
0 0.3088942307692308 0.7487980769230769 0.19471153846153846 0.03125
0 0.3581730769230769 0.7776442307692307 0.20673076923076922 0.040865384615384616
