0 0.21394230769230768 0.9314903846153846 0.038461538461538464 0.13221153846153846
0 0.24278846153846154 0.9591346153846154 0.028846153846153848 0.07692307692307693
0 0.23798076923076922 0.8713942307692307 0.028846153846153848 0.03125
0 0.1778846153846154 0.9254807692307693 0.038461538461538464 0.12980769230769232
0 0.10697115384615384 0.9338942307692307 0.16105769230769232 0.12740384615384615
0 0.11658653846153846 0.8990384615384616 0.04567307692307692 0.1971153846153846
0 0.14182692307692307 0.8762019230769231 0.052884615384615384 0.055288461538461536
0 0.0625 0.9350961538461539 0.10576923076923077 0.08173076923076923
0 0.051682692307692304 0.8088942307692307 0.0985576923076923 0.05048076923076923
0 0.078125 0.7427884615384616 0.07932692307692307 0.07211538461538461
0 0.030048076923076924 0.8653846153846154 0.03125 0.0673076923076923
0 0.013221153846153846 0.9122596153846154 0.021634615384615384 0.11298076923076923
0 0.09254807692307693 0.8389423076923077 0.07932692307692307 0.07692307692307693
0 0.140625 0.8100961538461539 0.021634615384615384 0.08173076923076923
0 0.030048076923076924 0.6658653846153846 0.055288461538461536 0.07211538461538461
0 0.01201923076923077 0.6995192307692307 0.019230769230769232 0.038461538461538464
0 0.3269230769230769 0.8894230769230769 0.08173076923076923 0.07692307692307693
0 0.4098557692307692 0.9447115384615384 0.040865384615384616 0.04807692307692308
0 0.3701923076923077 0.9639423076923077 0.04807692307692308 0.052884615384615384
0 0.3245192307692308 0.9807692307692307 0.04326923076923077 0.03365384615384615
0 0.3016826923076923 0.9507211538461539 0.03125 0.05048076923076923
0 0.3389423076923077 0.9423076923076923 0.04326923076923077 0.052884615384615384
0 0.4014423076923077 0.9098557692307693 0.057692307692307696 0.06490384615384616
0 0.38822115384615385 0.8629807692307693 0.036057692307692304 0.07211538461538461
0 0.36538461538461536 0.8209134615384616 0.028846153846153848 0.06009615384615385
0 0.3293269230769231 0.8245192307692307 0.04326923076923077 0.04807692307692308
0 0.3293269230769231 0.7788461538461539 0.04326923076923077 0.052884615384615384
0 0.29086538461538464 0.7896634615384616 0.038461538461538464 0.06490384615384616
0 0.2824519230769231 0.8413461538461539 0.05048076923076923 0.08173076923076923
0 0.2620192307692308 0.9014423076923077 0.04807692307692308 0.04807692307692308
0 0.24879807692307693 0.8245192307692307 0.05048076923076923 0.07211538461538461
0 0.265625 0.7355769230769231 0.04567307692307692 0.04326923076923077
0 0.2536057692307692 0.7680288461538461 0.05048076923076923 0.055288461538461536
0 0.21754807692307693 0.7427884615384616 0.04567307692307692 0.04807692307692308
0 0.21754807692307693 0.7896634615384616 0.021634615384615384 0.03125
0 0.19591346153846154 0.8149038461538461 0.040865384615384616 0.038461538461538464
0 0.18028846153846154 0.7740384615384616 0.028846153846153848 0.04326923076923077
0 0.15865384615384615 0.7788461538461539 0.014423076923076924 0.04326923076923077
0 0.21754807692307693 0.671875 0.036057692307692304 0.05048076923076923
0 0.18870192307692307 0.6935096153846154 0.03125 0.05048076923076923
0 0.1814903846153846 0.6310096153846154 0.036057692307692304 0.055288461538461536
0 0.16706730769230768 0.6514423076923077 0.040865384615384616 0.038461538461538464
0 0.14543269230769232 0.6730769230769231 0.03125 0.038461538461538464
0 0.14182692307692307 0.7235576923076923 0.04326923076923077 0.0673076923076923
0 0.109375 0.6634615384615384 0.040865384615384616 0.0673076923076923
0 0.0889423076923077 0.7019230769230769 0.04326923076923077 0.04326923076923077
0 0.06971153846153846 0.6754807692307693 0.02403846153846154 0.04326923076923077
0 0.08052884615384616 0.6706730769230769 0.026442307692307692 0.04326923076923077
0 0.1346153846153846 0.6225961538461539 0.038461538461538464 0.038461538461538464
0 0.15625 0.5841346153846154 0.03365384615384615 0.04807692307692308
0 0.12139423076923077 0.5709134615384616 0.036057692307692304 0.055288461538461536
0 0.11658653846153846 0.5276442307692307 0.026442307692307692 0.021634615384615384
0 0.07572115384615384 0.5144230769230769 0.05048076923076923 0.038461538461538464
0 0.08533653846153846 0.5540865384615384 0.036057692307692304 0.06490384615384616
0 0.06850961538461539 0.6021634615384616 0.05048076923076923 0.06009615384615385
0 0.03245192307692308 0.5528846153846154 0.036057692307692304 0.08173076923076923
0 0.015625 0.5384615384615384 0.026442307692307692 0.04326923076923077
0 0.01201923076923077 0.5745192307692307 0.019230769230769232 0.038461538461538464
0 0.020432692307692308 0.609375 0.036057692307692304 0.055288461538461536
0 0.05889423076923077 0.4639423076923077 0.03125 0.038461538461538464
0 0.027644230769230768 0.4098557692307692 0.036057692307692304 0.05048076923076923
0 0.027644230769230768 0.4495192307692308 0.021634615384615384 0.038461538461538464
0 0.019230769230769232 0.4699519230769231 0.03365384615384615 0.05048076923076923
0 0.5625 0.7451923076923077 0.04807692307692308 0.11057692307692307
0 0.5240384615384616 0.8004807692307693 0.057692307692307696 0.12980769230769232
0 0.5985576923076923 0.8137019230769231 0.04807692307692308 0.06009615384615385
0 0.5877403846153846 0.7103365384615384 0.07451923076923077 0.11298076923076923
0 0.4891826923076923 0.7103365384615384 0.11778846153846154 0.11298076923076923
0 0.47115384615384615 0.6766826923076923 0.14903846153846154 0.11298076923076923
0 0.41346153846153844 0.7644230769230769 0.0625 0.08173076923076923
0 0.44591346153846156 0.8028846153846154 0.05048076923076923 0.07211538461538461
0 0.4098557692307692 0.5625 0.05048076923076923 0.125
0 0.3737980769230769 0.47475961538461536 0.040865384615384616 0.06971153846153846
0 0.4387019230769231 0.5793269230769231 0.021634615384615384 0.028846153846153848
0 0.34134615384615385 0.5817307692307693 0.09134615384615384 0.052884615384615384
0 0.38822115384615385 0.6141826923076923 0.06971153846153846 0.055288461538461536
0 0.34375 0.5252403846153846 0.028846153846153848 0.06009615384615385
0 0.3545673076923077 0.5120192307692307 0.05048076923076923 0.07692307692307693
0 0.2776442307692308 0.5084134615384616 0.12740384615384615 0.12740384615384615
0 0.24278846153846154 0.5865384615384616 0.038461538461538464 0.04326923076923077
0 0.3161057692307692 0.6298076923076923 0.10336538461538461 0.08173076923076923
0 0.3088942307692308 0.6358173076923077 0.040865384615384616 0.03125
0 0.28125 0.5865384615384616 0.07211538461538461 0.12980769230769232
0 0.17067307692307693 0.4206730769230769 0.1346153846153846 0.09134615384615384
0 0.1814903846153846 0.4891826923076923 0.09375 0.055288461538461536
0 0.24158653846153846 0.40625 0.07932692307692307 0.08653846153846154
0 0.28125 0.43028846153846156 0.028846153846153848 0.04326923076923077
0 0.28966346153846156 0.3798076923076923 0.05048076923076923 0.04326923076923077
0 0.17427884615384615 0.3605769230769231 0.040865384615384616 0.028846153846153848
0 0.14182692307692307 0.390625 0.07211538461538461 0.0985576923076923
0 0.07692307692307693 0.33052884615384615 0.052884615384615384 0.06490384615384616
0 0.11298076923076923 0.2800480769230769 0.052884615384615384 0.13701923076923078
0 0.15625 0.3088942307692308 0.04807692307692308 0.06490384615384616
0 0.07091346153846154 0.28125 0.05048076923076923 0.0
0 0.037259615384615384 0.23677884615384615 0.06971153846153846 0.10817307692307693
0 0.02283653846153846 0.3245192307692308 0.040865384615384616 0.052884615384615384
0 0.030048076923076924 0.171875 0.055288461538461536 0.10817307692307693
0 0.09014423076923077 0.09495192307692307 0.07932692307692307 0.055288461538461536
0 0.14182692307692307 0.09134615384615384 0.08173076923076923 0.1201923076923077
0 0.13221153846153846 0.1141826923076923 0.1346153846153846 0.05048076923076923
0 0.17908653846153846 0.15264423076923078 0.15625 0.05048076923076923
0 0.24639423076923078 0.09495192307692307 0.04567307692307692 0.0889423076923077
0 0.22355769230769232 0.2127403846153846 0.04326923076923077 0.06009615384615385
0 0.18389423076923078 0.22115384615384615 0.036057692307692304 0.04326923076923077
0 0.203125 0.27283653846153844 0.06009615384615385 0.06971153846153846
0 0.22115384615384615 0.28966346153846156 0.03365384615384615 0.026442307692307692
0 0.24639423076923078 0.3088942307692308 0.03125 0.03125
0 0.27403846153846156 0.2764423076923077 0.04326923076923077 0.04326923076923077
0 0.28365384615384615 0.22355769230769232 0.11057692307692307 0.09134615384615384
0 0.40625 0.37259615384615385 0.08653846153846154 0.08173076923076923
0 0.36658653846153844 0.34975961538461536 0.040865384615384616 0.05048076923076923
0 0.3317307692307692 0.3605769230769231 0.04326923076923077 0.07211538461538461
0 0.4387019230769231 0.4423076923076923 0.036057692307692304 0.04807692307692308
0 0.4891826923076923 0.41225961538461536 0.055288461538461536 0.055288461538461536
0 0.5348557692307693 0.43990384615384615 0.12740384615384615 0.052884615384615384
0 0.5168269230769231 0.5 0.20673076923076922 0.08653846153846154
0 0.6274038461538461 0.6033653846153846 0.052884615384615384 0.052884615384615384
0 0.6382211538461539 0.6526442307692307 0.06490384615384616 0.06490384615384616
0 0.6706730769230769 0.6935096153846154 0.04807692307692308 0.06971153846153846
0 0.7211538461538461 0.6586538461538461 0.09134615384615384 0.12980769230769232
0 0.7584134615384616 0.6887019230769231 0.07451923076923077 0.12740384615384615
0 0.8088942307692307 0.6778846153846154 0.06009615384615385 0.08173076923076923
0 0.7908653846153846 0.6165865384615384 0.16346153846153846 0.06971153846153846
0 0.7163461538461539 0.5793269230769231 0.11538461538461539 0.07211538461538461
0 0.32572115384615385 0.14783653846153846 0.05048076923076923 0.06009615384615385
0 0.3641826923076923 0.1502403846153846 0.06490384615384616 0.13221153846153846
0 0.39783653846153844 0.12860576923076922 0.05048076923076923 0.055288461538461536
0 0.41346153846153844 0.17668269230769232 0.038461538461538464 0.055288461538461536
0 0.40625 0.22956730769230768 0.04807692307692308 0.06009615384615385
0 0.44471153846153844 0.24879807692307693 0.04326923076923077 0.0889423076923077
0 0.47475961538461536 0.23197115384615385 0.021634615384615384 0.10817307692307693
0 0.453125 0.18028846153846154 0.040865384615384616 0.04807692307692308
0 0.5192307692307693 0.22355769230769232 0.0673076923076923 0.07211538461538461
0 0.5588942307692307 0.2956730769230769 0.040865384615384616 0.038461538461538464
0 0.5985576923076923 0.30528846153846156 0.038461538461538464 0.038461538461538464
0 0.609375 0.3389423076923077 0.055288461538461536 0.038461538461538464
0 0.5661057692307693 0.34134615384615385 0.026442307692307692 0.08653846153846154
0 0.5480769230769231 0.3581730769230769 0.019230769230769232 0.0673076923076923
0 0.5192307692307693 0.3173076923076923 0.0625 0.038461538461538464
0 0.515625 0.28365384615384615 0.04567307692307692 0.028846153846153848
0 0.6177884615384616 0.36899038461538464 0.08653846153846154 0.06490384615384616
0 0.6814903846153846 0.3629807692307692 0.040865384615384616 0.04326923076923077
0 0.6586538461538461 0.3942307692307692 0.057692307692307696 0.038461538461538464
0 0.6634615384615384 0.43990384615384615 0.03365384615384615 0.07692307692307693
0 0.7067307692307693 0.4206730769230769 0.057692307692307696 0.038461538461538464
0 0.6201923076923077 0.4230769230769231 0.04807692307692308 0.04326923076923077
0 0.6346153846153846 0.4423076923076923 0.038461538461538464 0.07211538461538461
0 0.6814903846153846 0.5084134615384616 0.06009615384615385 0.06971153846153846
0 0.7608173076923077 0.5084134615384616 0.07932692307692307 0.06009615384615385
0 0.7019230769230769 0.45552884615384615 0.04326923076923077 0.0985576923076923
0 0.7391826923076923 0.4699519230769231 0.036057692307692304 0.06971153846153846
0 0.7764423076923077 0.4723557692307692 0.04807692307692308 0.055288461538461536
0 0.8221153846153846 0.5360576923076923 0.04326923076923077 0.08173076923076923
0 0.8762019230769231 0.5348557692307693 0.05048076923076923 0.06971153846153846
0 0.90625 0.5685096153846154 0.057692307692307696 0.05048076923076923
0 0.9495192307692307 0.5985576923076923 0.04807692307692308 0.07692307692307693
0 0.9230769230769231 0.6418269230769231 0.04326923076923077 0.04326923076923077
0 0.8954326923076923 0.6310096153846154 0.040865384615384616 0.06490384615384616
0 0.9555288461538461 0.5516826923076923 0.05048076923076923 0.06971153846153846
0 0.9891826923076923 0.5600961538461539 0.021634615384615384 0.08653846153846154
0 0.9639423076923077 0.4423076923076923 0.04326923076923077 0.04807692307692308
0 0.39903846153846156 0.040865384615384616 0.04326923076923077 0.04326923076923077
0 0.4026442307692308 0.06490384615384616 0.026442307692307692 0.028846153846153848
0 0.43149038461538464 0.056490384615384616 0.03125 0.03125
0 0.4639423076923077 0.07091346153846154 0.02403846153846154 0.06971153846153846
0 0.453125 0.021634615384615384 0.05048076923076923 0.038461538461538464
0 0.4387019230769231 0.1045673076923077 0.040865384615384616 0.06009615384615385
0 0.45913461538461536 0.13701923076923078 0.028846153846153848 0.038461538461538464
0 0.48197115384615385 0.1141826923076923 0.040865384615384616 0.05048076923076923
0 0.5132211538461539 0.12259615384615384 0.021634615384615384 0.03365384615384615
0 0.5396634615384616 0.14182692307692307 0.021634615384615384 0.038461538461538464
0 0.5588942307692307 0.16346153846153846 0.03125 0.04807692307692308
0 0.5288461538461539 0.171875 0.028846153846153848 0.03125
0 0.49158653846153844 0.17427884615384615 0.021634615384615384 0.026442307692307692
0 0.5408653846153846 0.20673076923076922 0.02403846153846154 0.028846153846153848
0 0.5709134615384616 0.1935096153846154 0.036057692307692304 0.03125
0 0.6009615384615384 0.19951923076923078 0.028846153846153848 0.04326923076923077
0 0.6225961538461539 0.2127403846153846 0.028846153846153848 0.05048076923076923
0 0.6526442307692307 0.22956730769230768 0.036057692307692304 0.05048076923076923
0 0.6778846153846154 0.24278846153846154 0.038461538461538464 0.052884615384615384
0 0.6478365384615384 0.2764423076923077 0.036057692307692304 0.04326923076923077
0 0.6165865384615384 0.27163461538461536 0.03125 0.04326923076923077
0 0.5913461538461539 0.23798076923076922 0.03365384615384615 0.04326923076923077
0 0.734375 0.3088942307692308 0.036057692307692304 0.055288461538461536
0 0.7620192307692307 0.3112980769230769 0.02403846153846154 0.026442307692307692
0 0.7944711538461539 0.31971153846153844 0.040865384615384616 0.04326923076923077
0 0.8305288461538461 0.3629807692307692 0.055288461538461536 0.052884615384615384
0 0.7860576923076923 0.3581730769230769 0.04326923076923077 0.0673076923076923
0 0.7415865384615384 0.34615384615384615 0.05048076923076923 0.0673076923076923
0 0.7596153846153846 0.38822115384615385 0.028846153846153848 0.05048076923076923
0 0.7067307692307693 0.3329326923076923 0.02403846153846154 0.05048076923076923
0 0.84375 0.4362980769230769 0.04326923076923077 0.05048076923076923
0 0.8798076923076923 0.44350961538461536 0.028846153846153848 0.06009615384615385
0 0.9170673076923077 0.44471153846153844 0.040865384615384616 0.052884615384615384
0 0.8810096153846154 0.47596153846153844 0.036057692307692304 0.038461538461538464
0 0.9170673076923077 0.4110576923076923 0.040865384615384616 0.038461538461538464
0 0.8882211538461539 0.39302884615384615 0.036057692307692304 0.05048076923076923
0 0.8521634615384616 0.3942307692307692 0.040865384615384616 0.038461538461538464
0 0.9423076923076923 0.29927884615384615 0.04807692307692308 0.0985576923076923
0 0.9627403846153846 0.375 0.06490384615384616 0.07692307692307693
0 0.9819711538461539 0.2980769230769231 0.036057692307692304 0.03365384615384615
0 0.9747596153846154 0.3317307692307692 0.04567307692307692 0.04326923076923077
0 0.9026442307692307 0.2704326923076923 0.026442307692307692 0.0889423076923077
0 0.8954326923076923 0.3004807692307692 0.03125 0.08173076923076923
0 0.8725961538461539 0.2956730769230769 0.028846153846153848 0.038461538461538464
0 0.8341346153846154 0.2548076923076923 0.10576923076923077 0.04326923076923077
0 0.8137019230769231 0.23076923076923078 0.10817307692307693 0.038461538461538464
0 0.7379807692307693 0.2127403846153846 0.07211538461538461 0.05048076923076923
0 0.7091346153846154 0.19591346153846154 0.057692307692307696 0.026442307692307692
0 0.8040865384615384 0.16346153846153846 0.06490384615384616 0.07211538461538461
0 0.8353365384615384 0.171875 0.036057692307692304 0.055288461538461536
0 0.75 0.15985576923076922 0.038461538461538464 0.06009615384615385
0 0.7283653846153846 0.1502403846153846 0.028846153846153848 0.055288461538461536
0 0.6814903846153846 0.15384615384615385 0.055288461538461536 0.08173076923076923
0 0.6418269230769231 0.1466346153846154 0.057692307692307696 0.038461538461538464
0 0.6346153846153846 0.11298076923076923 0.1201923076923077 0.04326923076923077
0 0.5877403846153846 0.057692307692307696 0.040865384615384616 0.07692307692307693
0 0.6310096153846154 0.08052884615384616 0.026442307692307692 0.021634615384615384
0 0.5661057692307693 0.08653846153846154 0.03125 0.09134615384615384
0 0.5420673076923077 0.07932692307692307 0.036057692307692304 0.04326923076923077
0 0.9158653846153846 0.18509615384615385 0.057692307692307696 0.07211538461538461
0 0.9567307692307693 0.1658653846153846 0.04807692307692308 0.04326923076923077
0 0.9783653846153846 0.1502403846153846 0.03365384615384615 0.055288461538461536
0 0.9302884615384616 0.1141826923076923 0.10096153846153846 0.06971153846153846
0 0.8605769230769231 0.1466346153846154 0.04326923076923077 0.08173076923076923
0 0.9098557692307693 0.07451923076923077 0.07451923076923077 0.07692307692307693
0 0.8641826923076923 0.06490384615384616 0.12740384615384615 0.04807692307692308
0 0.8329326923076923 0.10697115384615384 0.036057692307692304 0.021634615384615384
0 0.8016826923076923 0.12860576923076922 0.040865384615384616 0.03125
0 0.7800480769230769 0.08413461538461539 0.055288461538461536 0.052884615384615384
0 0.7728365384615384 0.040865384615384616 0.19951923076923078 0.07692307692307693
0 0.8125 0.013221153846153846 0.1778846153846154 0.021634615384615384
0 0.6598557692307693 0.020432692307692308 0.14182692307692307 0.021634615384615384
5 0.3269230769230769 0.06850961538461539 0.10576923076923077 0.13221153846153846
