0 0.7427884615384616 0.7247596153846154 0.28365384615384615 0.3485576923076923
0 0.8425480769230769 0.484375 0.12259615384615384 0.15144230769230768
0 0.9254807692307693 0.4699519230769231 0.0625 0.0889423076923077
0 0.9375 0.5264423076923077 0.10096153846153846 0.07692307692307693
0 0.9411057692307693 0.3894230769230769 0.10336538461538461 0.10576923076923077
0 0.8822115384615384 0.3485576923076923 0.1346153846153846 0.13942307692307693
0 0.71875 0.5024038461538461 0.125 0.10576923076923077
0 0.6225961538461539 0.48677884615384615 0.13942307692307693 0.15625
0 0.6911057692307693 0.27403846153846156 0.17548076923076922 0.1875
0 0.7379807692307693 0.29086538461538464 0.11057692307692307 0.20192307692307693
0 0.7860576923076923 0.26322115384615385 0.038461538461538464 0.09375
0 0.7271634615384616 0.15745192307692307 0.10336538461538461 0.15144230769230768
0 0.6634615384615384 0.12259615384615384 0.10576923076923077 0.10576923076923077
0 0.6237980769230769 0.29086538461538464 0.11778846153846154 0.18269230769230768
0 0.6394230769230769 0.37740384615384615 0.10096153846153846 0.052884615384615384
0 0.6826923076923077 0.40865384615384615 0.10576923076923077 0.07211538461538461
0 0.7427884615384616 0.38221153846153844 0.09134615384615384 0.16826923076923078
0 0.7860576923076923 0.3894230769230769 0.07692307692307693 0.20673076923076922
0 0.5649038461538461 0.3581730769230769 0.09615384615384616 0.10576923076923077
0 0.5480769230769231 0.29086538461538464 0.07211538461538461 0.0673076923076923
0 0.5721153846153846 0.21634615384615385 0.07692307692307693 0.0625
0 0.5528846153846154 0.17067307692307693 0.10576923076923077 0.11538461538461539
0 0.44711538461538464 0.21634615384615385 0.11057692307692307 0.10576923076923077
0 0.9110576923076923 0.9002403846153846 0.1778846153846154 0.20432692307692307
0 0.8040865384615384 0.9615384615384616 0.04567307692307692 0.08173076923076923
0 0.23076923076923078 0.7740384615384616 0.2548076923076923 0.3557692307692308
0 0.06610576923076923 0.6237980769230769 0.12740384615384615 0.44471153846153844
0 0.08173076923076923 0.8894230769230769 0.15865384615384615 0.22115384615384615
3 0.4387019230769231 0.6610576923076923 0.38221153846153844 0.6298076923076923
