0 0.5192307692307693 0.5901442307692307 0.41346153846153844 0.5841346153846154
0 0.7524038461538461 0.7896634615384616 0.1971153846153846 0.2620192307692308
0 0.7211538461538461 0.5697115384615384 0.4182692307692308 0.21153846153846154
0 0.6538461538461539 0.45913461538461536 0.3269230769230769 0.04807692307692308
0 0.6514423076923077 0.39903846153846156 0.4182692307692308 0.09134615384615384
0 0.5 0.7572115384615384 0.16826923076923078 0.3605769230769231
0 0.3389423076923077 0.49038461538461536 0.22115384615384615 0.9519230769230769
5 0.7259615384615384 0.1778846153846154 0.5480769230769231 0.35096153846153844
5 0.9302884615384616 0.43028846153846156 0.13942307692307693 0.12980769230769232
5 0.9639423076923077 0.7463942307692307 0.07211538461538461 0.5024038461538461
5 0.8870192307692307 0.8341346153846154 0.08653846153846154 0.3269230769230769
5 0.6586538461538461 0.9615384615384616 0.3701923076923077 0.07211538461538461
5 0.6153846153846154 0.8798076923076923 0.052884615384615384 0.09134615384615384
5 0.6875 0.9014423076923077 0.07692307692307693 0.038461538461538464
5 0.40384615384615385 0.8725961538461539 0.07692307692307693 0.25
5 0.4074519230769231 0.6754807692307693 0.036057692307692304 0.15384615384615385
5 0.23317307692307693 0.9759615384615384 0.2644230769230769 0.04326923076923077
5 0.1141826923076923 0.47836538461538464 0.22355769230769232 0.9519230769230769
