0 0.14302884615384615 0.03245192307692308 0.10817307692307693 0.055288461538461536
0 0.04807692307692308 0.016826923076923076 0.07692307692307693 0.02403846153846154
0 0.03365384615384615 0.039663461538461536 0.04807692307692308 0.05048076923076923
0 0.10096153846153846 0.078125 0.11057692307692307 0.07932692307692307
0 0.040865384615384616 0.12139423076923077 0.0673076923076923 0.07932692307692307
0 0.03485576923076923 0.20673076923076922 0.055288461538461536 0.07211538461538461
0 0.10096153846153846 0.17668269230769232 0.1201923076923077 0.07932692307692307
0 0.17908653846153846 0.14182692307692307 0.13221153846153846 0.10576923076923077
0 0.20072115384615385 0.0985576923076923 0.0985576923076923 0.09134615384615384
0 0.22115384615384615 0.23557692307692307 0.11538461538461539 0.07211538461538461
0 0.1466346153846154 0.2247596153846154 0.07692307692307693 0.05048076923076923
0 0.07211538461538461 0.25 0.11538461538461539 0.07211538461538461
0 0.10576923076923077 0.2980769230769231 0.11538461538461539 0.08173076923076923
0 0.04326923076923077 0.3401442307692308 0.07211538461538461 0.07932692307692307
0 0.06009615384615385 0.39663461538461536 0.07211538461538461 0.052884615384615384
0 0.0889423076923077 0.43149038461538464 0.08173076923076923 0.06490384615384616
0 0.13221153846153846 0.4567307692307692 0.07211538461538461 0.04326923076923077
0 0.20192307692307693 0.46875 0.07692307692307693 0.04807692307692308
0 0.234375 0.49278846153846156 0.055288461538461536 0.052884615384615384
0 0.1778846153846154 0.5060096153846154 0.08653846153846154 0.06490384615384616
0 0.24639423076923078 0.42788461538461536 0.09375 0.04326923076923077
0 0.24519230769230768 0.3894230769230769 0.08653846153846154 0.04807692307692308
0 0.17067307692307693 0.4206730769230769 0.08173076923076923 0.04326923076923077
0 0.17307692307692307 0.3798076923076923 0.08653846153846154 0.04326923076923077
0 0.13701923076923078 0.3605769230769231 0.08173076923076923 0.057692307692307696
0 0.20793269230769232 0.30288461538461536 0.09375 0.07211538461538461
0 0.2548076923076923 0.3401442307692308 0.08653846153846154 0.05048076923076923
0 0.3269230769230769 0.31490384615384615 0.0673076923076923 0.057692307692307696
0 0.28365384615384615 0.30528846153846156 0.0673076923076923 0.11057692307692307
0 0.30408653846153844 0.22716346153846154 0.055288461538461536 0.06490384615384616
0 0.32211538461538464 0.3701923076923077 0.08653846153846154 0.0625
0 0.3701923076923077 0.3605769230769231 0.03365384615384615 0.04326923076923077
0 0.359375 0.4182692307692308 0.0985576923076923 0.0625
0 0.30288461538461536 0.4639423076923077 0.11538461538461539 0.0673076923076923
0 0.3389423076923077 0.5072115384615384 0.07692307692307693 0.04326923076923077
0 0.4014423076923077 0.4831730769230769 0.08173076923076923 0.038461538461538464
0 0.3870192307692308 0.453125 0.0673076923076923 0.036057692307692304
0 0.28125 0.5168269230769231 0.038461538461538464 0.02403846153846154
0 0.2403846153846154 0.5288461538461539 0.03365384615384615 0.014423076923076924
0 0.2091346153846154 0.5480769230769231 0.04807692307692308 0.03365384615384615
0 0.36778846153846156 0.04567307692307692 0.10576923076923077 0.08173076923076923
0 0.47836538461538464 0.04807692307692308 0.10576923076923077 0.0673076923076923
0 0.5769230769230769 0.028846153846153848 0.10576923076923077 0.04807692307692308
0 0.59375 0.08173076923076923 0.11538461538461539 0.10096153846153846
0 0.49038461538461536 0.1141826923076923 0.11538461538461539 0.06490384615384616
0 0.39302884615384615 0.11778846153846154 0.0985576923076923 0.0625
0 0.5805288461538461 0.15384615384615385 0.0985576923076923 0.038461538461538464
0 0.5036057692307693 0.1778846153846154 0.0985576923076923 0.052884615384615384
0 0.4050480769230769 0.17548076923076922 0.0985576923076923 0.04807692307692308
0 0.43149038461538464 0.22596153846153846 0.0985576923076923 0.052884615384615384
0 0.5192307692307693 0.2283653846153846 0.08653846153846154 0.04807692307692308
0 0.5853365384615384 0.19951923076923078 0.0985576923076923 0.04326923076923077
0 0.5961538461538461 0.2283653846153846 0.08653846153846154 0.038461538461538464
0 0.6129807692307693 0.2644230769230769 0.07692307692307693 0.04326923076923077
0 0.6105769230769231 0.31009615384615385 0.07211538461538461 0.04807692307692308
0 0.6129807692307693 0.35336538461538464 0.07692307692307693 0.038461538461538464
0 0.6322115384615384 0.3918269230769231 0.07211538461538461 0.04807692307692308
0 0.6346153846153846 0.42427884615384615 0.0673076923076923 0.036057692307692304
0 0.6466346153846154 0.43990384615384615 0.0673076923076923 0.038461538461538464
0 0.6442307692307693 0.47115384615384615 0.07211538461538461 0.028846153846153848
0 0.6502403846153846 0.5048076923076923 0.055288461538461536 0.038461538461538464
0 0.5336538461538461 0.2692307692307692 0.08173076923076923 0.04807692307692308
0 0.5360576923076923 0.3137019230769231 0.07692307692307693 0.05048076923076923
0 0.5384615384615384 0.3557692307692308 0.08173076923076923 0.04807692307692308
0 0.5600961538461539 0.3918269230769231 0.08173076923076923 0.04326923076923077
0 0.5865384615384616 0.4182692307692308 0.04326923076923077 0.02403846153846154
0 0.5600961538461539 0.4338942307692308 0.08173076923076923 0.05048076923076923
0 0.578125 0.47115384615384615 0.06009615384615385 0.04326923076923077
0 0.5925480769230769 0.5 0.06009615384615385 0.03365384615384615
0 0.5985576923076923 0.53125 0.04807692307692308 0.03365384615384615
0 0.44591346153846156 0.27403846153846156 0.09375 0.038461538461538464
0 0.45913461538461536 0.30649038461538464 0.07692307692307693 0.036057692307692304
0 0.47115384615384615 0.34134615384615385 0.0673076923076923 0.03365384615384615
0 0.4807692307692308 0.3762019230769231 0.07692307692307693 0.036057692307692304
0 0.49158653846153844 0.40625 0.055288461538461536 0.03365384615384615
0 0.5036057692307693 0.43509615384615385 0.055288461538461536 0.02403846153846154
0 0.5132211538461539 0.46153846153846156 0.055288461538461536 0.038461538461538464
0 0.5276442307692307 0.4987980769230769 0.06009615384615385 0.036057692307692304
0 0.5528846153846154 0.5264423076923077 0.04326923076923077 0.02403846153846154
0 0.3581730769230769 0.5456730769230769 0.038461538461538464 0.03365384615384615
0 0.3269230769230769 0.5384615384615384 0.03365384615384615 0.019230769230769232
0 0.3076923076923077 0.5600961538461539 0.10576923076923077 0.057692307692307696
0 0.2860576923076923 0.5745192307692307 0.10576923076923077 0.0625
0 0.2932692307692308 0.5985576923076923 0.08653846153846154 0.0625
0 0.27403846153846156 0.6117788461538461 0.07211538461538461 0.05048076923076923
0 0.49759615384615385 0.6610576923076923 0.0673076923076923 0.052884615384615384
0 0.5288461538461539 0.7043269230769231 0.04807692307692308 0.052884615384615384
0 0.4831730769230769 0.7091346153846154 0.04807692307692308 0.04326923076923077
0 0.5204326923076923 0.7475961538461539 0.021634615384615384 0.019230769230769232
0 0.5697115384615384 0.7704326923076923 0.07692307692307693 0.05048076923076923
0 0.5480769230769231 0.7980769230769231 0.04326923076923077 0.02403846153846154
0 0.6322115384615384 0.8052884615384616 0.08173076923076923 0.0673076923076923
0 0.4831730769230769 0.7463942307692307 0.028846153846153848 0.036057692307692304
0 0.49759615384615385 0.7740384615384616 0.0673076923076923 0.057692307692307696
0 0.44471153846153844 0.7487980769230769 0.038461538461538464 0.05048076923076923
0 0.4567307692307692 0.625 0.04807692307692308 0.057692307692307696
0 0.4206730769230769 0.6995192307692307 0.08653846153846154 0.08653846153846154
0 0.3870192307692308 0.6358173076923077 0.07692307692307693 0.12740384615384615
0 0.33533653846153844 0.65625 0.06009615384615385 0.052884615384615384
0 0.4387019230769231 0.5564903846153846 0.06009615384615385 0.07932692307692307
0 0.3870192307692308 0.5480769230769231 0.03365384615384615 0.052884615384615384
0 0.390625 0.6177884615384616 0.06009615384615385 0.08173076923076923
0 0.6682692307692307 0.7283653846153846 0.16346153846153846 0.07692307692307693
0 0.8858173076923077 0.6766826923076923 0.13701923076923078 0.06490384615384616
0 0.8737980769230769 0.7307692307692307 0.13701923076923078 0.04326923076923077
0 0.8413461538461539 0.8028846153846154 0.08173076923076923 0.0673076923076923
0 0.9134615384615384 0.6298076923076923 0.08173076923076923 0.04326923076923077
0 0.9014423076923077 0.5973557692307693 0.04807692307692308 0.036057692307692304
0 0.9507211538461539 0.5673076923076923 0.06009615384615385 0.04326923076923077
0 0.9627403846153846 0.47115384615384615 0.07451923076923077 0.057692307692307696
0 0.9711538461538461 0.41346153846153844 0.057692307692307696 0.057692307692307696
0 0.984375 0.3581730769230769 0.03125 0.052884615384615384
0 0.546875 0.5625 0.055288461538461536 0.038461538461538464
0 0.5733173076923077 0.5841346153846154 0.055288461538461536 0.08173076923076923
0 0.6502403846153846 0.5600961538461539 0.021634615384615384 0.028846153846153848
0 0.7427884615384616 0.49278846153846156 0.028846153846153848 0.0673076923076923
0 0.8076923076923077 0.4567307692307692 0.038461538461538464 0.12980769230769232
0 0.7836538461538461 0.45913461538461536 0.04326923076923077 0.13942307692307693
0 0.8389423076923077 0.49278846153846156 0.0673076923076923 0.028846153846153848
0 0.8557692307692307 0.4338942307692308 0.04326923076923077 0.036057692307692304
0 0.7692307692307693 0.026442307692307692 0.07211538461538461 0.04807692307692308
0 0.7788461538461539 0.07451923076923077 0.07692307692307693 0.04807692307692308
0 0.7740384615384616 0.11298076923076923 0.04807692307692308 0.03365384615384615
0 0.7752403846153846 0.15384615384615385 0.06009615384615385 0.03365384615384615
0 0.7704326923076923 0.18509615384615385 0.06009615384615385 0.028846153846153848
0 0.7596153846153846 0.21875 0.04807692307692308 0.03365384615384615
0 0.7608173076923077 0.2536057692307692 0.055288461538461536 0.036057692307692304
0 0.8353365384615384 0.03125 0.06009615384615385 0.04807692307692308
0 0.8329326923076923 0.09254807692307693 0.055288461538461536 0.036057692307692304
0 0.8269230769230769 0.12740384615384615 0.04326923076923077 0.03365384615384615
0 0.8377403846153846 0.17548076923076922 0.055288461538461536 0.03365384615384615
0 0.8197115384615384 0.20673076923076922 0.04807692307692308 0.03365384615384615
0 0.8161057692307693 0.25 0.055288461538461536 0.04807692307692308
0 0.8125 0.28846153846153844 0.04807692307692308 0.02403846153846154
0 0.8894230769230769 0.054086538461538464 0.07211538461538461 0.05048076923076923
0 0.8846153846153846 0.11177884615384616 0.04807692307692308 0.036057692307692304
0 0.8930288461538461 0.1466346153846154 0.055288461538461536 0.03365384615384615
0 0.875 0.19230769230769232 0.04807692307692308 0.03365384615384615
0 0.875 0.22115384615384615 0.04807692307692308 0.02403846153846154
0 0.8882211538461539 0.24278846153846154 0.021634615384615384 0.019230769230769232
0 0.8605769230769231 0.2608173076923077 0.04326923076923077 0.036057692307692304
0 0.8701923076923077 0.2932692307692308 0.04326923076923077 0.028846153846153848
0 0.9086538461538461 0.25961538461538464 0.03365384615384615 0.038461538461538464
0 0.8966346153846154 0.009615384615384616 0.07211538461538461 0.009615384615384616
0 0.9555288461538461 0.028846153846153848 0.07451923076923077 0.04807692307692308
0 0.9819711538461539 0.039663461538461536 0.036057692307692304 0.06971153846153846
0 0.9819711538461539 0.08774038461538461 0.036057692307692304 0.036057692307692304
0 0.984375 0.11778846153846154 0.03125 0.02403846153846154
0 0.9242788461538461 0.08173076923076923 0.06009615384615385 0.04807692307692308
0 0.9338942307692307 0.1201923076923077 0.06009615384615385 0.038461538461538464
0 0.9735576923076923 0.14423076923076922 0.04807692307692308 0.028846153846153848
0 0.9783653846153846 0.17067307692307693 0.038461538461538464 0.02403846153846154
0 0.9639423076923077 0.19951923076923078 0.04326923076923077 0.02403846153846154
0 0.9314903846153846 0.17548076923076922 0.055288461538461536 0.0625
0 0.9278846153846154 0.22115384615384615 0.038461538461538464 0.038461538461538464
0 0.9254807692307693 0.30528846153846156 0.07692307692307693 0.0625
0 0.8954326923076923 0.3389423076923077 0.09375 0.0625
0 0.8461538461538461 0.35096153846153844 0.04807692307692308 0.04326923076923077
0 0.8557692307692307 0.3713942307692308 0.08653846153846154 0.021634615384615384
0 0.8557692307692307 0.39903846153846156 0.04326923076923077 0.038461538461538464
0 0.7992788461538461 0.31850961538461536 0.055288461538461536 0.036057692307692304
0 0.7932692307692307 0.34615384615384615 0.04326923076923077 0.028846153846153848
0 0.7884615384615384 0.3701923076923077 0.04326923076923077 0.019230769230769232
0 0.7560096153846154 0.30288461538461536 0.055288461538461536 0.057692307692307696
0 0.7512019230769231 0.3401442307692308 0.055288461538461536 0.021634615384615384
0 0.7475961538461539 0.3605769230769231 0.038461538461538464 0.019230769230769232
0 0.7475961538461539 0.37740384615384615 0.038461538461538464 0.019230769230769232
