0 0.4326923076923077 0.5036057692307693 0.40865384615384615 0.38221153846153844
0 0.6478365384615384 0.1346153846153846 0.3389423076923077 0.25961538461538464
0 0.8197115384615384 0.1310096153846154 0.11538461538461539 0.12740384615384615
0 0.7403846153846154 0.34375 0.1875 0.1778846153846154
0 0.7259615384615384 0.4639423076923077 0.23557692307692307 0.125
0 0.8701923076923077 0.4074519230769231 0.08173076923076923 0.15625
0 0.9230769230769231 0.5360576923076923 0.09134615384615384 0.09134615384615384
0 0.9350961538461539 0.2800480769230769 0.125 0.4831730769230769
0 0.8293269230769231 0.056490384615384616 0.20673076923076922 0.0985576923076923
0 0.6634615384615384 0.7307692307692307 0.6682692307692307 0.4951923076923077
0 0.8509615384615384 0.9807692307692307 0.2980769230769231 0.038461538461538464
0 0.4807692307692308 0.7475961538461539 0.32211538461538464 0.2980769230769231
0 0.6742788461538461 0.9302884615384616 0.2764423076923077 0.13942307692307693
0 0.3016826923076923 0.9026442307692307 0.21394230769230768 0.19471153846153846
0 0.4411057692307692 0.9158653846153846 0.25240384615384615 0.16826923076923078
0 0.5408653846153846 0.2548076923076923 0.14903846153846154 0.20673076923076922
0 0.3762019230769231 0.21875 0.22355769230769232 0.19230769230769232
0 0.3798076923076923 0.21875 0.20673076923076922 0.2692307692307692
0 0.3918269230769231 0.04567307692307692 0.20673076923076922 0.07692307692307693
0 0.33413461538461536 0.20432692307692307 0.15865384615384615 0.30288461538461536
0 0.17307692307692307 0.21995192307692307 0.1971153846153846 0.14182692307692307
0 0.14543269230769232 0.17427884615384615 0.2620192307692308 0.30528846153846156
0 0.17427884615384615 0.3581730769230769 0.13701923076923078 0.11057692307692307
0 0.14423076923076922 0.41346153846153844 0.1875 0.15865384615384615
0 0.18269230769230768 0.5649038461538461 0.08653846153846154 0.1346153846153846
0 0.14783653846153846 0.6225961538461539 0.13701923076923078 0.25961538461538464
0 0.13581730769230768 0.875 0.10336538461538461 0.1971153846153846
0 0.24278846153846154 0.7103365384615384 0.1971153846153846 0.19951923076923078
0 0.09615384615384616 0.8509615384615384 0.11057692307692307 0.19230769230769232
0 0.15504807692307693 0.9723557692307693 0.0889423076923077 0.055288461538461536
