0 0.41466346153846156 0.4855769230769231 0.5841346153846154 0.41346153846153844
0 0.21514423076923078 0.2548076923076923 0.2620192307692308 0.1971153846153846
0 0.4375 0.28365384615384615 0.21153846153846154 0.4182692307692308
0 0.5456730769230769 0.35096153846153844 0.04807692307692308 0.3269230769230769
0 0.6057692307692307 0.35336538461538464 0.09134615384615384 0.4182692307692308
0 0.25 0.5048076923076923 0.3605769230769231 0.16826923076923078
0 0.5168269230769231 0.6670673076923077 0.9519230769230769 0.22355769230769232
5 0.8257211538461539 0.2776442307692308 0.3485576923076923 0.5504807692307693
5 0.5769230769230769 0.07692307692307693 0.12980769230769232 0.13942307692307693
5 0.2608173076923077 0.04326923076923077 0.5024038461538461 0.07211538461538461
5 0.17307692307692307 0.1201923076923077 0.3269230769230769 0.08653846153846154
5 0.04326923076923077 0.3485576923076923 0.07211538461538461 0.3701923076923077
5 0.125 0.3894230769230769 0.09134615384615384 0.052884615384615384
5 0.10336538461538461 0.3173076923076923 0.038461538461538464 0.07692307692307693
5 0.1346153846153846 0.6009615384615384 0.25 0.07692307692307693
5 0.3317307692307692 0.5997596153846154 0.15384615384615385 0.036057692307692304
5 0.03125 0.7728365384615384 0.04326923076923077 0.2668269230769231
5 0.5264423076923077 0.8882211538461539 0.9519230769230769 0.22355769230769232
