0 0.18269230769230768 0.23677884615384615 0.20192307692307693 0.15144230769230768
0 0.22716346153846154 0.28846153846153844 0.4495192307692308 0.1201923076923077
0 0.2956730769230769 0.43149038461538464 0.46153846153846156 0.17548076923076922
0 0.7259615384615384 0.42788461538461536 0.34134615384615385 0.20673076923076922
0 0.8545673076923077 0.5721153846153846 0.2860576923076923 0.2932692307692308
0 0.5024038461538461 0.6213942307692307 0.47115384615384615 0.25721153846153844
0 0.11778846153846154 0.5841346153846154 0.23076923076923078 0.21153846153846154
0 0.35096153846153844 0.7884615384615384 0.4375 0.30288461538461536
0 0.7980769230769231 0.7884615384615384 0.39903846153846156 0.24519230769230768
0 0.9387019230769231 0.9134615384615384 0.11778846153846154 0.10096153846153846
0 0.6538461538461539 0.90625 0.3942307692307692 0.19230769230769232
0 0.3004807692307692 0.9254807692307693 0.3269230769230769 0.14903846153846154
0 0.09014423076923077 0.8293269230769231 0.17548076923076922 0.20673076923076922
