0 0.5432692307692307 0.6646634615384616 0.4951923076923077 0.45913461538461536
0 0.8100961538461539 0.8954326923076923 0.375 0.2091346153846154
0 0.40865384615384615 0.9266826923076923 0.44711538461538464 0.1466346153846154
0 0.19230769230769232 0.9122596153846154 0.22115384615384615 0.17548076923076922
0 0.20192307692307693 0.6009615384615384 0.36538461538461536 0.3173076923076923
0 0.10336538461538461 0.7451923076923077 0.20192307692307693 0.08653846153846154
0 0.038461538461538464 0.8245192307692307 0.07211538461538461 0.1875
0 0.08774038461538461 0.4423076923076923 0.17067307692307693 0.16826923076923078
0 0.07451923076923077 0.39783653846153844 0.14423076923076922 0.1466346153846154
0 0.4170673076923077 0.4807692307692308 0.3870192307692308 0.2403846153846154
0 0.8653846153846154 0.6646634615384616 0.2644230769230769 0.38221153846153844
0 0.8149038461538461 0.4807692307692308 0.36538461538461536 0.23557692307692307
0 0.5745192307692307 0.2704326923076923 0.35096153846153844 0.4014423076923077
0 0.7716346153846154 0.20673076923076922 0.27884615384615385 0.28846153846153844
0 0.8774038461538461 0.10216346153846154 0.24519230769230768 0.19471153846153846
0 0.9230769230769231 0.2956730769230769 0.14903846153846154 0.1971153846153846
0 0.4362980769230769 0.056490384615384616 0.3870192307692308 0.10336538461538461
0 0.1778846153846154 0.21875 0.23557692307692307 0.30288461538461536
