0 0.48197115384615385 0.3894230769230769 0.040865384615384616 0.1201923076923077
0 0.22355769230769232 0.7415865384615384 0.14423076923076922 0.2956730769230769
0 0.1875 0.9002403846153846 0.13942307692307693 0.19471153846153846
0 0.25600961538461536 0.9735576923076923 0.10336538461538461 0.04326923076923077
0 0.33413461538461536 0.8557692307692307 0.14423076923076922 0.28365384615384615
0 0.4423076923076923 0.96875 0.10576923076923077 0.057692307692307696
0 0.20072115384615385 0.5336538461538461 0.23317307692307693 0.14423076923076922
0 0.44471153846153844 0.3485576923076923 0.03365384615384615 0.10096153846153846
0 0.5 0.3485576923076923 0.02403846153846154 0.0625
0 0.46153846153846156 0.29447115384615385 0.038461538461538464 0.06971153846153846
0 0.4266826923076923 0.2548076923076923 0.040865384615384616 0.10096153846153846
0 0.38221153846153844 0.2283653846153846 0.052884615384615384 0.08653846153846154
0 0.35336538461538464 0.27884615384615385 0.04807692307692308 0.0625
0 0.4014423076923077 0.31009615384615385 0.04326923076923077 0.08653846153846154
0 0.3786057692307692 0.4014423076923077 0.040865384615384616 0.1201923076923077
0 0.3605769230769231 0.3449519230769231 0.04326923076923077 0.09375
0 0.33413461538461536 0.4026442307692308 0.04326923076923077 0.09375
0 0.3389423076923077 0.33653846153846156 0.019230769230769232 0.038461538461538464
0 0.4110576923076923 0.3954326923076923 0.028846153846153848 0.09375
0 0.4362980769230769 0.44591346153846156 0.040865384615384616 0.09375
0 0.47716346153846156 0.4651442307692308 0.040865384615384616 0.06971153846153846
0 0.43990384615384615 0.5336538461538461 0.057692307692307696 0.08173076923076923
0 0.3942307692307692 0.49038461538461536 0.052884615384615384 0.08173076923076923
0 0.3545673076923077 0.4879807692307692 0.03125 0.10096153846153846
0 0.3233173076923077 0.515625 0.040865384615384616 0.09375
0 0.3112980769230769 0.46153846153846156 0.03125 0.0625
0 0.3701923076923077 0.5432692307692307 0.03365384615384615 0.0625
0 0.390625 0.5697115384615384 0.021634615384615384 0.0625
0 0.41466346153846156 0.5745192307692307 0.03125 0.0625
0 0.4423076923076923 0.6165865384615384 0.04326923076923077 0.06971153846153846
0 0.46875 0.5228365384615384 0.02403846153846154 0.06971153846153846
0 0.3557692307692308 0.1310096153846154 0.07692307692307693 0.13221153846153846
0 0.35216346153846156 0.03485576923076923 0.09375 0.06009615384615385
0 0.41466346153846156 0.07932692307692307 0.06490384615384616 0.14903846153846154
0 0.4495192307692308 0.028846153846153848 0.09134615384615384 0.04807692307692308
0 0.46634615384615385 0.07572115384615384 0.038461538461538464 0.06971153846153846
0 0.5024038461538461 0.042067307692307696 0.057692307692307696 0.07451923076923077
0 0.03365384615384615 0.06971153846153846 0.0625 0.12980769230769232
0 0.06370192307692307 0.7139423076923077 0.11298076923076923 0.16346153846153846
0 0.06370192307692307 0.8617788461538461 0.07932692307692307 0.09375
0 0.056490384615384616 0.9519230769230769 0.05048076923076923 0.08653846153846154
0 0.018028846153846152 0.9507211538461539 0.026442307692307692 0.09375
0 0.03365384615384615 0.4495192307692308 0.057692307692307696 0.125
0 0.203125 0.4338942307692308 0.11298076923076923 0.10817307692307693
0 0.03365384615384615 0.31971153846153844 0.057692307692307696 0.16826923076923078
0 0.08533653846153846 0.53125 0.16105769230769232 0.2644230769230769
0 0.0733173076923077 0.7139423076923077 0.13701923076923078 0.16346153846153846
0 0.04927884615384615 0.9014423076923077 0.0889423076923077 0.1875
0 0.06971153846153846 0.2548076923076923 0.0625 0.22596153846153846
0 0.09254807692307693 0.2548076923076923 0.06009615384615385 0.1875
0 0.09014423076923077 0.28846153846153844 0.10817307692307693 0.18269230769230768
0 0.13581730769230768 0.32572115384615385 0.026442307692307692 0.23317307692307693
0 0.12980769230769232 0.34375 0.07211538461538461 0.25
0 0.10697115384615384 0.36538461538461536 0.03125 0.1201923076923077
0 0.15144230769230768 0.4254807692307692 0.057692307692307696 0.08653846153846154
0 0.1814903846153846 0.3389423076923077 0.016826923076923076 0.1201923076923077
0 0.15625 0.3401442307692308 0.019230769230769232 0.13221153846153846
0 0.1622596153846154 0.22355769230769232 0.12259615384615384 0.28846153846153844
0 0.1658653846153846 0.23677884615384615 0.16826923076923078 0.41586538461538464
0 0.25 0.08774038461538461 0.15865384615384615 0.17067307692307693
0 0.23317307692307693 0.08173076923076923 0.16826923076923078 0.1201923076923077
0 0.28846153846153844 0.13942307692307693 0.07211538461538461 0.10576923076923077
0 0.3016826923076923 0.22596153846153846 0.04567307692307692 0.04326923076923077
0 0.23197115384615385 0.13942307692307693 0.10817307692307693 0.24519230769230768
0 0.24759615384615385 0.21153846153846154 0.12980769230769232 0.3269230769230769
0 0.21875 0.22115384615384615 0.16826923076923078 0.32211538461538464
0 0.17067307692307693 0.042067307692307696 0.18269230769230768 0.07451923076923077
0 0.25841346153846156 0.3088942307692308 0.03125 0.19471153846153846
0 0.22716346153846154 0.359375 0.040865384615384616 0.2091346153846154
