0 0.06009615384615385 0.14903846153846154 0.08173076923076923 0.09134615384615384
0 0.026442307692307692 0.1971153846153846 0.04807692307692308 0.1201923076923077
0 0.040865384615384616 0.25961538461538464 0.052884615384615384 0.0625
0 0.13221153846153846 0.3293269230769231 0.16346153846153846 0.11538461538461539
0 0.14302884615384615 0.27403846153846156 0.15144230769230768 0.09134615384615384
0 0.125 0.22355769230769232 0.1346153846153846 0.052884615384615384
0 0.15745192307692307 0.18389423076923078 0.15625 0.08413461538461539
0 0.1658653846153846 0.09375 0.13942307692307693 0.12980769230769232
0 0.10817307692307693 0.06009615384615385 0.10096153846153846 0.09134615384615384
0 0.17548076923076922 0.02403846153846154 0.11057692307692307 0.038461538461538464
0 0.03485576923076923 0.07932692307692307 0.06490384615384616 0.125
0 0.07091346153846154 0.7463942307692307 0.11298076923076923 0.13701923076923078
0 0.08413461538461539 0.8569711538461539 0.04326923076923077 0.040865384615384616
0 0.07932692307692307 0.8810096153846154 0.052884615384615384 0.04567307692307692
0 0.1201923076923077 0.8605769230769231 0.04807692307692308 0.03365384615384615
0 0.09375 0.8245192307692307 0.052884615384615384 0.03365384615384615
0 0.13221153846153846 0.8293269230769231 0.03365384615384615 0.028846153846153848
0 0.1141826923076923 0.7908653846153846 0.026442307692307692 0.02403846153846154
0 0.14543269230769232 0.8100961538461539 0.026442307692307692 0.02403846153846154
0 0.14423076923076922 0.9591346153846154 0.09615384615384616 0.08173076923076923
0 0.2668269230769231 0.9122596153846154 0.20673076923076922 0.1658653846153846
0 0.3389423076923077 0.9314903846153846 0.18269230769230768 0.13701923076923078
0 0.4230769230769231 0.9735576923076923 0.08173076923076923 0.052884615384615384
0 0.5504807692307693 0.9230769230769231 0.23076923076923078 0.15384615384615385
0 0.4879807692307692 0.8389423076923077 0.23076923076923078 0.14423076923076922
0 0.44471153846153844 0.7956730769230769 0.23076923076923078 0.12980769230769232
0 0.6923076923076923 0.9759615384615384 0.08173076923076923 0.04807692307692308
0 0.7379807692307693 0.9903846153846154 0.03365384615384615 0.019230769230769232
0 0.8257211538461539 0.9495192307692307 0.28125 0.10096153846153846
0 0.9903846153846154 0.8461538461538461 0.014423076923076924 0.2980769230769231
0 0.9495192307692307 0.828125 0.09615384615384616 0.2668269230769231
0 0.8605769230769231 0.8112980769230769 0.10096153846153846 0.27163461538461536
0 0.7980769230769231 0.7956730769230769 0.08653846153846154 0.2980769230769231
0 0.7391826923076923 0.7872596153846154 0.10817307692307693 0.25721153846153844
0 0.6766826923076923 0.7692307692307693 0.11298076923076923 0.2692307692307692
0 0.6754807692307693 0.7043269230769231 0.125 0.22596153846153846
0 0.6298076923076923 0.6766826923076923 0.12980769230769232 0.29086538461538464
0 0.71875 0.5625 0.04807692307692308 0.0625
0 0.7055288461538461 0.6201923076923077 0.06490384615384616 0.052884615384615384
0 0.7728365384615384 0.6310096153846154 0.06971153846153846 0.06971153846153846
0 0.8197115384615384 0.6322115384615384 0.07692307692307693 0.038461538461538464
0 0.8701923076923077 0.625 0.057692307692307696 0.052884615384615384
0 0.9002403846153846 0.6490384615384616 0.06490384615384616 0.057692307692307696
0 0.9471153846153846 0.6911057692307693 0.057692307692307696 0.036057692307692304
0 0.8485576923076923 0.5925480769230769 0.10096153846153846 0.055288461538461536
0 0.7920673076923077 0.5625 0.10817307692307693 0.10096153846153846
0 0.7331730769230769 0.4951923076923077 0.1201923076923077 0.08173076923076923
0 0.6418269230769231 0.5288461538461539 0.08653846153846154 0.16346153846153846
0 0.6021634615384616 0.5012019230769231 0.15144230769230768 0.18028846153846154
0 0.7115384615384616 0.43149038461538464 0.1201923076923077 0.08413461538461539
0 0.9651442307692307 0.35336538461538464 0.06490384615384616 0.2548076923076923
0 0.9134615384615384 0.30288461538461536 0.16826923076923078 0.34134615384615385
0 0.984375 0.11778846153846154 0.026442307692307692 0.052884615384615384
0 0.8353365384615384 0.2668269230769231 0.23798076923076922 0.3269230769230769
0 0.9278846153846154 0.0829326923076923 0.1201923076923077 0.08413461538461539
0 0.8317307692307693 0.09375 0.08173076923076923 0.07211538461538461
0 0.7752403846153846 0.13221153846153846 0.06490384615384616 0.0673076923076923
0 0.7596153846153846 0.19471153846153846 0.03365384615384615 0.052884615384615384
0 0.7572115384615384 0.09375 0.04807692307692308 0.052884615384615384
0 0.7956730769230769 0.051682692307692304 0.08173076923076923 0.06971153846153846
0 0.8317307692307693 0.02283653846153846 0.09134615384615384 0.036057692307692304
0 0.8930288461538461 0.03365384615384615 0.08413461538461539 0.057692307692307696
0 0.6947115384615384 0.36538461538461536 0.052884615384615384 0.07692307692307693
0 0.6225961538461539 0.37740384615384615 0.09134615384615384 0.07211538461538461
0 0.5697115384615384 0.3894230769230769 0.04326923076923077 0.08173076923076923
0 0.6045673076923077 0.3293269230769231 0.11298076923076923 0.0625
0 0.5024038461538461 0.4026442307692308 0.08173076923076923 0.08413461538461539
0 0.515625 0.45913461538461536 0.10817307692307693 0.08653846153846154
0 0.4362980769230769 0.4855769230769231 0.06490384615384616 0.057692307692307696
0 0.3894230769230769 0.5168269230769231 0.057692307692307696 0.0625
0 0.42908653846153844 0.53125 0.06490384615384616 0.052884615384615384
0 0.45072115384615385 0.5769230769230769 0.15144230769230768 0.13942307692307693
0 0.5060096153846154 0.6526442307692307 0.10817307692307693 0.11778846153846154
0 0.5240384615384616 0.6778846153846154 0.1346153846153846 0.10576923076923077
0 0.40625 0.6875 0.14423076923076922 0.1346153846153846
0 0.2980769230769231 0.8125 0.057692307692307696 0.038461538461538464
0 0.25721153846153844 0.796875 0.09615384615384616 0.04567307692307692
0 0.2283653846153846 0.75 0.125 0.03365384615384615
0 0.2548076923076923 0.7331730769230769 0.057692307692307696 0.03365384615384615
0 0.22235576923076922 0.7163461538461539 0.06971153846153846 0.038461538461538464
0 0.28846153846153844 0.6670673076923077 0.09615384615384616 0.08413461538461539
0 0.31850961538461536 0.7043269230769231 0.06971153846153846 0.0625
0 0.30528846153846156 0.7560096153846154 0.052884615384615384 0.06971153846153846
0 0.3641826923076923 0.6310096153846154 0.10817307692307693 0.11778846153846154
0 0.36538461538461536 0.5757211538461539 0.09615384615384616 0.06971153846153846
0 0.32211538461538464 0.5132211538461539 0.1201923076923077 0.13221153846153846
0 0.3629807692307692 0.5096153846153846 0.09134615384615384 0.10096153846153846
0 0.43990384615384615 0.40625 0.13942307692307693 0.11057692307692307
0 0.4483173076923077 0.3629807692307692 0.15625 0.09615384615384616
0 0.43028846153846156 0.3245192307692308 0.04326923076923077 0.03365384615384615
0 0.5012019230769231 0.2932692307692308 0.06490384615384616 0.0673076923076923
0 0.5504807692307693 0.2980769230769231 0.038461538461538464 0.0673076923076923
0 0.5336538461538461 0.25240384615384615 0.052884615384615384 0.07211538461538461
0 0.5841346153846154 0.21634615384615385 0.038461538461538464 0.052884615384615384
0 0.5516826923076923 0.2620192307692308 0.11298076923076923 0.1201923076923077
0 0.5865384615384616 0.26322115384615385 0.1201923076923077 0.11778846153846154
0 0.6322115384615384 0.27403846153846156 0.04807692307692308 0.04326923076923077
0 0.24278846153846154 0.5240384615384616 0.1346153846153846 0.15384615384615385
0 0.21875 0.59375 0.03365384615384615 0.15384615384615385
0 0.23798076923076922 0.6069711538461539 0.04807692307692308 0.1658653846153846
0 0.26322115384615385 0.6286057692307693 0.06490384615384616 0.13221153846153846
0 0.31850961538461536 0.45552884615384615 0.026442307692307692 0.021634615384615384
0 0.3701923076923077 0.375 0.07692307692307693 0.12980769230769232
0 0.36899038461538464 0.4230769230769231 0.026442307692307692 0.052884615384615384
0 0.47836538461538464 0.19471153846153846 0.03365384615384615 0.052884615384615384
0 0.4567307692307692 0.25961538461538464 0.04326923076923077 0.11538461538461539
0 0.5084134615384616 0.18990384615384615 0.026442307692307692 0.04326923076923077
0 0.5396634615384616 0.17427884615384615 0.026442307692307692 0.040865384615384616
0 0.5600961538461539 0.19471153846153846 0.052884615384615384 0.057692307692307696
0 0.11298076923076923 0.7632211538461539 0.014423076923076924 0.021634615384615384
0 0.13701923076923078 0.7740384615384616 0.03365384615384615 0.02403846153846154
0 0.17067307692307693 0.7620192307692307 0.04326923076923077 0.03365384615384615
0 0.11057692307692307 0.7379807692307693 0.03365384615384615 0.028846153846153848
0 0.14903846153846154 0.7307692307692307 0.03365384615384615 0.028846153846153848
0 0.1778846153846154 0.71875 0.014423076923076924 0.019230769230769232
0 0.14423076923076922 0.6995192307692307 0.04326923076923077 0.03365384615384615
0 0.17548076923076922 0.6983173076923077 0.03365384615384615 0.021634615384615384
0 0.14543269230769232 0.671875 0.026442307692307692 0.021634615384615384
0 0.18990384615384615 0.6778846153846154 0.038461538461538464 0.02403846153846154
0 0.0889423076923077 0.6658653846153846 0.07692307692307693 0.08173076923076923
0 0.16826923076923078 0.6466346153846154 0.057692307692307696 0.028846153846153848
0 0.10096153846153846 0.5432692307692307 0.12980769230769232 0.15384615384615385
0 0.14423076923076922 0.44711538461538464 0.052884615384615384 0.04807692307692308
0 0.17067307692307693 0.4387019230769231 0.052884615384615384 0.040865384615384616
0 0.18028846153846154 0.4855769230769231 0.08653846153846154 0.0625
0 0.1875 0.5216346153846154 0.04326923076923077 0.038461538461538464
0 0.16826923076923078 0.546875 0.038461538461538464 0.021634615384615384
0 0.15865384615384615 0.5625 0.03365384615384615 0.02403846153846154
0 0.16826923076923078 0.5985576923076923 0.04807692307692308 0.038461538461538464
0 0.17307692307692307 0.6177884615384616 0.04807692307692308 0.03365384615384615
0 0.18389423076923078 0.6418269230769231 0.026442307692307692 0.014423076923076924
0 0.2403846153846154 0.46875 0.08653846153846154 0.07692307692307693
0 0.36778846153846156 0.38100961538461536 0.057692307692307696 0.13221153846153846
0 0.35216346153846156 0.32572115384615385 0.026442307692307692 0.055288461538461536
0 0.3545673076923077 0.05048076923076923 0.021634615384615384 0.028846153846153848
0 0.36538461538461536 0.07932692307692307 0.009615384615384616 0.02403846153846154
0 0.3629807692307692 0.10096153846153846 0.014423076923076924 0.019230769230769232
0 0.35336538461538464 0.11538461538461539 0.009615384615384616 0.009615384615384616
0 0.3629807692307692 0.016826923076923076 0.014423076923076924 0.02403846153846154
0 0.40384615384615385 0.02283653846153846 0.057692307692307696 0.036057692307692304
0 0.40625 0.04807692307692308 0.04807692307692308 0.03365384615384615
0 0.41346153846153844 0.07451923076923077 0.052884615384615384 0.03365384615384615
0 0.4182692307692308 0.1141826923076923 0.07692307692307693 0.06971153846153846
0 0.40625 0.15144230769230768 0.038461538461538464 0.03365384615384615
0 0.4182692307692308 0.1778846153846154 0.052884615384615384 0.04807692307692308
0 0.4014423076923077 0.21153846153846154 0.038461538461538464 0.04807692307692308
0 0.3798076923076923 0.24639423076923078 0.038461538461538464 0.040865384615384616
0 0.3737980769230769 0.2932692307692308 0.026442307692307692 0.052884615384615384
0 0.39663461538461536 0.28725961538461536 0.03365384615384615 0.040865384615384616
0 0.42788461538461536 0.29086538461538464 0.014423076923076924 0.038461538461538464
0 0.41225961538461536 0.24278846153846154 0.026442307692307692 0.038461538461538464
0 0.42788461538461536 0.25 0.014423076923076924 0.02403846153846154
0 0.42908653846153844 0.20673076923076922 0.021634615384615384 0.02403846153846154
0 0.4495192307692308 0.18028846153846154 0.014423076923076924 0.028846153846153848
0 0.4483173076923077 0.14903846153846154 0.026442307692307692 0.038461538461538464
0 0.46153846153846156 0.10576923076923077 0.04326923076923077 0.04326923076923077
0 0.4879807692307692 0.13822115384615385 0.038461538461538464 0.040865384615384616
0 0.5 0.15384615384615385 0.03365384615384615 0.028846153846153848
0 0.5432692307692307 0.14182692307692307 0.04326923076923077 0.028846153846153848
0 0.5192307692307693 0.11778846153846154 0.057692307692307696 0.03365384615384615
0 0.49278846153846156 0.07692307692307693 0.04807692307692308 0.04326923076923077
0 0.5072115384615384 0.09254807692307693 0.038461538461538464 0.040865384615384616
0 0.47836538461538464 0.06009615384615385 0.052884615384615384 0.04807692307692308
0 0.4543269230769231 0.040865384615384616 0.04807692307692308 0.038461538461538464
0 0.4579326923076923 0.018028846153846152 0.04567307692307692 0.026442307692307692
