0 0.10096153846153846 0.8822115384615384 0.1875 0.23076923076923078
0 0.05048076923076923 0.6586538461538461 0.08653846153846154 0.35096153846153844
0 0.03245192307692308 0.4050480769230769 0.05048076923076923 0.18028846153846154
0 0.06850961538461539 0.5504807692307693 0.09375 0.16346153846153846
0 0.12259615384615384 0.4206730769230769 0.12980769230769232 0.32211538461538464
0 0.08173076923076923 0.28365384615384615 0.15384615384615385 0.19230769230769232
0 0.0889423076923077 0.17427884615384615 0.12980769230769232 0.13701923076923078
0 0.057692307692307696 0.0625 0.10096153846153846 0.1201923076923077
0 0.019230769230769232 0.15985576923076922 0.02403846153846154 0.10336538461538461
0 0.18990384615384615 0.25 0.08173076923076923 0.1201923076923077
0 0.20673076923076922 0.10697115384615384 0.17307692307692307 0.2091346153846154
0 0.125 0.057692307692307696 0.038461538461538464 0.11057692307692307
0 0.2956730769230769 0.15625 0.052884615384615384 0.1201923076923077
0 0.2956730769230769 0.04326923076923077 0.07211538461538461 0.08173076923076923
0 0.3858173076923077 0.10096153846153846 0.17067307692307693 0.1971153846153846
0 0.37259615384615385 0.25600961538461536 0.11538461538461539 0.18028846153846154
0 0.31009615384615385 0.3581730769230769 0.21634615384615385 0.3173076923076923
0 0.23798076923076922 0.5336538461538461 0.15384615384615385 0.17307692307692307
0 0.20432692307692307 0.40625 0.03365384615384615 0.07692307692307693
0 0.39903846153846156 0.46153846153846156 0.0625 0.11057692307692307
0 0.4639423076923077 0.6213942307692307 0.21634615384615385 0.2956730769230769
0 0.3713942307692308 0.7980769230769231 0.40625 0.3894230769230769
0 0.4206730769230769 0.9206730769230769 0.1778846153846154 0.1201923076923077
0 0.38221153846153844 0.90625 0.22115384615384615 0.09134615384615384
0 0.3858173076923077 0.9639423076923077 0.19951923076923078 0.0673076923076923
0 0.17307692307692307 0.9266826923076923 0.2548076923076923 0.14182692307692307
0 0.6382211538461539 0.71875 0.14182692307692307 0.1201923076923077
0 0.5504807692307693 0.8161057692307693 0.07211538461538461 0.14182692307692307
0 0.5048076923076923 0.46153846153846156 0.1778846153846154 0.2403846153846154
0 0.4639423076923077 0.26322115384615385 0.07211538461538461 0.22355769230769232
0 0.5324519230769231 0.23557692307692307 0.12259615384615384 0.28846153846153844
0 0.5685096153846154 0.3004807692307692 0.06490384615384616 0.11538461538461539
0 0.6165865384615384 0.0985576923076923 0.15625 0.19230769230769232
0 0.5168269230769231 0.054086538461538464 0.11538461538461539 0.10336538461538461
0 0.45552884615384615 0.027644230769230768 0.06009615384615385 0.05048076923076923
0 0.7427884615384616 0.13942307692307693 0.11057692307692307 0.17307692307692307
0 0.6610576923076923 0.40384615384615385 0.19230769230769232 0.5625
0 0.7668269230769231 0.43028846153846156 0.17307692307692307 0.2403846153846154
0 0.7584134615384616 0.6442307692307693 0.2283653846153846 0.20192307692307693
0 0.8725961538461539 0.8413461538461539 0.25961538461538464 0.23557692307692307
0 0.65625 0.8497596153846154 0.21634615384615385 0.2956730769230769
0 0.6887019230769231 0.9675480769230769 0.14182692307692307 0.06009615384615385
0 0.9014423076923077 0.8942307692307693 0.18269230769230768 0.20673076923076922
0 0.8028846153846154 0.9206730769230769 0.11057692307692307 0.15384615384615385
0 0.9302884615384616 0.734375 0.13942307692307693 0.06971153846153846
0 0.9350961538461539 0.5877403846153846 0.12980769230769232 0.25721153846153844
0 0.8605769230769231 0.5048076923076923 0.07692307692307693 0.16346153846153846
0 0.9158653846153846 0.34375 0.16826923076923078 0.25
0 0.8197115384615384 0.30528846153846156 0.0625 0.09134615384615384
0 0.7836538461538461 0.23677884615384615 0.0625 0.14182692307692307
0 0.9050480769230769 0.20673076923076922 0.18990384615384615 0.23557692307692307
0 0.8701923076923077 0.11298076923076923 0.11057692307692307 0.11057692307692307
0 0.9615384615384616 0.06009615384615385 0.07692307692307693 0.11538461538461539
0 0.8173076923076923 0.0625 0.2692307692307692 0.1201923076923077
0 0.5024038461538461 0.5012019230769231 0.9951923076923077 0.9975961538461539
