0 0.5973557692307693 0.14423076923076922 0.4831730769230769 0.27403846153846156
0 0.19471153846153846 0.0829326923076923 0.375 0.15144230769230768
0 0.15865384615384615 0.23317307692307693 0.30288461538461536 0.3173076923076923
0 0.054086538461538464 0.43509615384615385 0.09375 0.21153846153846154
0 0.14903846153846154 0.7079326923076923 0.27884615384615385 0.3389423076923077
0 0.2980769230769231 0.5721153846153846 0.30288461538461536 0.23557692307692307
0 0.4170673076923077 0.3485576923076923 0.4014423076923077 0.24519230769230768
0 0.6454326923076923 0.5240384615384616 0.5168269230769231 0.3125
0 0.42788461538461536 0.8461538461538461 0.46634615384615385 0.3125
0 0.8173076923076923 0.7764423076923077 0.36538461538461536 0.2644230769230769
0 0.6598557692307693 0.9591346153846154 0.19471153846153846 0.08173076923076923
0 0.5360576923076923 0.6814903846153846 0.22115384615384615 0.07932692307692307
0 0.9459134615384616 0.6430288461538461 0.10817307692307693 0.18509615384615385
0 0.875 0.5805288461538461 0.14903846153846154 0.12259615384615384
0 0.9326923076923077 0.41586538461538464 0.1346153846153846 0.20673076923076922
0 0.890625 0.25240384615384615 0.21875 0.15865384615384615
0 0.7127403846153846 0.3125 0.2091346153846154 0.09134615384615384
0 0.9326923076923077 0.06009615384615385 0.1346153846153846 0.11057692307692307
