0 0.5637019230769231 0.5625 0.31009615384615385 0.4423076923076923
3 0.2091346153846154 0.49759615384615385 0.41346153846153844 0.9903846153846154
3 0.7091346153846154 0.8882211538461539 0.5769230769230769 0.21875
3 0.8581730769230769 0.390625 0.27884615384615385 0.7764423076923077
3 0.5697115384615384 0.1778846153846154 0.3076923076923077 0.35096153846153844
3 0.6875 0.3762019230769231 0.0625 0.06971153846153846
3 0.7043269230769231 0.4423076923076923 0.028846153846153848 0.04807692307692308
3 0.6971153846153846 0.7403846153846154 0.04326923076923077 0.07692307692307693
3 0.7055288461538461 0.6766826923076923 0.026442307692307692 0.05048076923076923
3 0.6622596153846154 0.7572115384615384 0.036057692307692304 0.04326923076923077
3 0.4519230769230769 0.7427884615384616 0.07692307692307693 0.07211538461538461
3 0.5096153846153846 0.7596153846153846 0.03365384615384615 0.028846153846153848
3 0.4254807692307692 0.671875 0.019230769230769232 0.05048076923076923
3 0.4254807692307692 0.3762019230769231 0.03365384615384615 0.06971153846153846
3 0.45913461538461536 0.3605769230769231 0.02403846153846154 0.038461538461538464
3 0.4182692307692308 0.43990384615384615 0.019230769230769232 0.03365384615384615
