0 0.11298076923076923 0.11298076923076923 0.20673076923076922 0.21153846153846154
0 0.32572115384615385 0.13221153846153846 0.21875 0.1346153846153846
0 0.2932692307692308 0.039663461538461536 0.16346153846153846 0.06490384615384616
0 0.19951923076923078 0.040865384615384616 0.07692307692307693 0.0673076923076923
0 0.453125 0.052884615384615384 0.18028846153846154 0.09134615384615384
0 0.5697115384615384 0.06490384615384616 0.11538461538461539 0.09615384615384616
0 0.6021634615384616 0.019230769230769232 0.13701923076923078 0.02403846153846154
0 0.7139423076923077 0.14182692307692307 0.20673076923076922 0.15865384615384615
0 0.6466346153846154 0.07692307692307693 0.11057692307692307 0.08173076923076923
0 0.7259615384615384 0.03125 0.15865384615384615 0.04807692307692308
0 0.7788461538461539 0.08052884615384616 0.16346153846153846 0.11298076923076923
0 0.9302884615384616 0.020432692307692308 0.13942307692307693 0.026442307692307692
0 0.7980769230769231 0.19110576923076922 0.08173076923076923 0.0985576923076923
0 0.9519230769230769 0.234375 0.09615384615384616 0.12259615384615384
0 0.9110576923076923 0.3641826923076923 0.1778846153846154 0.15144230769230768
0 0.78125 0.296875 0.19230769230769232 0.12740384615384615
0 0.65625 0.23317307692307693 0.15865384615384615 0.09134615384615384
0 0.4855769230769231 0.25721153846153844 0.16826923076923078 0.11057692307692307
0 0.5144230769230769 0.15384615384615385 0.19230769230769232 0.1201923076923077
0 0.3245192307692308 0.23557692307692307 0.1971153846153846 0.10096153846153846
0 0.15865384615384615 0.23557692307692307 0.16826923076923078 0.09615384615384616
0 0.040865384615384616 0.2403846153846154 0.0673076923076923 0.052884615384615384
0 0.1346153846153846 0.31490384615384615 0.1875 0.1201923076923077
0 0.026442307692307692 0.3137019230769231 0.038461538461538464 0.11298076923076923
0 0.23317307692307693 0.3245192307692308 0.0673076923076923 0.07692307692307693
0 0.3245192307692308 0.32211538461538464 0.16346153846153846 0.0673076923076923
0 0.43028846153846156 0.3581730769230769 0.17307692307692307 0.11057692307692307
0 0.5961538461538461 0.3269230769230769 0.20192307692307693 0.11538461538461539
0 0.6634615384615384 0.36177884615384615 0.11057692307692307 0.08413461538461539
0 0.7548076923076923 0.33653846153846156 0.11538461538461539 0.0625
0 0.7572115384615384 0.4387019230769231 0.16346153846153846 0.12740384615384615
0 0.65625 0.4387019230769231 0.07211538461538461 0.06490384615384616
0 0.5108173076923077 0.43509615384615385 0.21875 0.1201923076923077
0 0.27884615384615385 0.4254807692307692 0.21153846153846154 0.16826923076923078
0 0.109375 0.40625 0.18028846153846154 0.11057692307692307
0 0.040865384615384616 0.43990384615384615 0.0673076923076923 0.08653846153846154
0 0.13701923076923078 0.4963942307692308 0.14903846153846154 0.0985576923076923
0 0.30528846153846156 0.5841346153846154 0.15865384615384615 0.13942307692307693
0 0.375 0.5240384615384616 0.20673076923076922 0.12980769230769232
0 0.4951923076923077 0.5300480769230769 0.07692307692307693 0.06490384615384616
0 0.6033653846153846 0.5120192307692307 0.16346153846153846 0.11538461538461539
0 0.7331730769230769 0.5336538461538461 0.11538461538461539 0.057692307692307696
0 0.8653846153846154 0.49759615384615385 0.16346153846153846 0.16826923076923078
0 0.8954326923076923 0.5745192307692307 0.18028846153846154 0.16826923076923078
0 0.9867788461538461 0.5853365384615384 0.026442307692307692 0.0985576923076923
0 0.9903846153846154 0.4723557692307692 0.019230769230769232 0.08413461538461539
0 0.9627403846153846 0.6862980769230769 0.07451923076923077 0.11298076923076923
0 0.8653846153846154 0.7067307692307693 0.12980769230769232 0.1201923076923077
0 0.7211538461538461 0.6730769230769231 0.21153846153846154 0.125
0 0.7151442307692307 0.5961538461538461 0.18028846153846154 0.11057692307692307
0 0.5120192307692307 0.6334134615384616 0.25 0.15625
0 0.38461538461538464 0.6334134615384616 0.07692307692307693 0.08413461538461539
0 0.28125 0.7019230769230769 0.15384615384615385 0.11057692307692307
0 0.12620192307692307 0.6790865384615384 0.18028846153846154 0.13701923076923078
0 0.07211538461538461 0.5649038461538461 0.125 0.14903846153846154
0 0.026442307692307692 0.6947115384615384 0.038461538461538464 0.10576923076923077
0 0.09375 0.8004807692307693 0.16826923076923078 0.125
0 0.1778846153846154 0.7512019230769231 0.0673076923076923 0.05048076923076923
0 0.12620192307692307 0.9290865384615384 0.18028846153846154 0.13221153846153846
0 0.036057692307692304 0.8810096153846154 0.052884615384615384 0.08413461538461539
0 0.16466346153846154 0.9867788461538461 0.1658653846153846 0.026442307692307692
0 0.28125 0.9387019230769231 0.16346153846153846 0.12259615384615384
0 0.27524038461538464 0.7692307692307693 0.14182692307692307 0.08173076923076923
0 0.39663461538461536 0.8100961538461539 0.15384615384615385 0.09615384615384616
0 0.44471153846153844 0.7319711538461539 0.16346153846153846 0.11298076923076923
0 0.4254807692307692 0.9038461538461539 0.19230769230769232 0.11057692307692307
0 0.6057692307692307 0.7920673076923077 0.20192307692307693 0.13221153846153846
0 0.47836538461538464 0.8149038461538461 0.0673076923076923 0.07211538461538461
0 0.5841346153846154 0.8810096153846154 0.15865384615384615 0.06971153846153846
0 0.5300480769230769 0.9555288461538461 0.11778846153846154 0.0889423076923077
0 0.4230769230769231 0.9867788461538461 0.11057692307692307 0.026442307692307692
0 0.43028846153846156 0.9627403846153846 0.11057692307692307 0.036057692307692304
0 0.6586538461538461 0.9759615384615384 0.14423076923076922 0.04807692307692308
0 0.6730769230769231 0.9387019230769231 0.20192307692307693 0.0889423076923077
0 0.7115384615384616 0.8894230769230769 0.15865384615384615 0.04807692307692308
0 0.8774038461538461 0.8461538461538461 0.25 0.16826923076923078
0 0.78125 0.7704326923076923 0.09134615384615384 0.10336538461538461
0 0.6838942307692307 0.7836538461538461 0.10336538461538461 0.125
0 0.9519230769230769 0.8353365384615384 0.09615384615384616 0.20432692307692307
0 0.9555288461538461 0.9627403846153846 0.0889423076923077 0.07932692307692307
0 0.8317307692307693 0.9483173076923077 0.22115384615384615 0.10336538461538461
