0 0.7896634615384616 0.7451923076923077 0.16105769230769232 0.22596153846153846
0 0.8557692307692307 0.5324519230769231 0.13942307692307693 0.18990384615384615
0 0.8653846153846154 0.39663461538461536 0.10096153846153846 0.125
0 0.8557692307692307 0.2548076923076923 0.11538461538461539 0.16826923076923078
0 0.6826923076923077 0.04927884615384615 0.07692307692307693 0.08413461538461539
0 0.7548076923076923 0.054086538461538464 0.057692307692307696 0.07451923076923077
0 0.7367788461538461 0.06971153846153846 0.2668269230769231 0.1346153846153846
0 0.7860576923076923 0.1346153846153846 0.21153846153846154 0.25961538461538464
0 0.6706730769230769 0.15625 0.0673076923076923 0.11057692307692307
0 0.6790865384615384 0.3629807692307692 0.2860576923076923 0.3317307692307692
0 0.7067307692307693 0.578125 0.13942307692307693 0.07932692307692307
0 0.6682692307692307 0.7043269230769231 0.09134615384615384 0.125
0 0.6514423076923077 0.6045673076923077 0.07692307692307693 0.07451923076923077
0 0.49278846153846156 0.6586538461538461 0.25 0.3125
0 0.5841346153846154 0.8533653846153846 0.02403846153846154 0.028846153846153848
0 0.49759615384615385 0.8389423076923077 0.03365384615384615 0.028846153846153848
0 0.31009615384615385 0.7728365384615384 0.2692307692307692 0.23317307692307693
0 0.3557692307692308 0.8533653846153846 0.02403846153846154 0.028846153846153848
0 0.375 0.8341346153846154 0.019230769230769232 0.019230769230769232
0 0.36177884615384615 0.6009615384615384 0.10817307692307693 0.16826923076923078
0 0.3629807692307692 0.40024038461538464 0.3269230769230769 0.3581730769230769
0 0.15625 0.5576923076923077 0.15384615384615385 0.21634615384615385
0 0.24879807692307693 0.20432692307692307 0.2860576923076923 0.3125
0 0.5048076923076923 0.16947115384615385 0.2692307692307692 0.3293269230769231
0 0.3581730769230769 0.05889423076923077 0.14903846153846154 0.10817307692307693
0 0.21634615384615385 0.04567307692307692 0.15865384615384615 0.08173076923076923
0 0.10216346153846154 0.17307692307692307 0.06009615384615385 0.18269230769230768
0 0.06370192307692307 0.3473557692307692 0.11778846153846154 0.17067307692307693
0 0.13701923076923078 0.3942307692307692 0.14903846153846154 0.11057692307692307
