0 0.9230769230769231 0.8870192307692307 0.15384615384615385 0.22115384615384615
0 0.8786057692307693 0.7403846153846154 0.1466346153846154 0.20673076923076922
0 0.9423076923076923 0.4651442307692308 0.11538461538461539 0.3245192307692308
0 0.9579326923076923 0.6442307692307693 0.07932692307692307 0.14903846153846154
0 0.9759615384615384 0.7391826923076923 0.04807692307692308 0.09375
0 0.8497596153846154 0.3485576923076923 0.1466346153846154 0.14423076923076922
0 0.9423076923076923 0.27283653846153844 0.11538461538461539 0.11778846153846154
0 0.9134615384615384 0.11899038461538461 0.17307692307692307 0.23317307692307693
0 0.7764423076923077 0.17548076923076922 0.14903846153846154 0.27403846153846156
0 0.7199519230769231 0.5336538461538461 0.31490384615384615 0.47596153846153844
0 0.7548076923076923 0.8233173076923077 0.19230769230769232 0.17548076923076922
0 0.7536057692307693 0.8786057692307693 0.21394230769230768 0.23798076923076922
0 0.6298076923076923 0.859375 0.10576923076923077 0.11298076923076923
0 0.5588942307692307 0.7572115384615384 0.22355769230769232 0.2932692307692308
0 0.5444711538461539 0.53125 0.0889423076923077 0.15865384615384615
0 0.46274038461538464 0.5360576923076923 0.06971153846153846 0.1201923076923077
0 0.546875 0.31490384615384615 0.10817307692307693 0.14903846153846154
0 0.5721153846153846 0.24158653846153846 0.1346153846153846 0.18990384615384615
0 0.4411057692307692 0.13701923076923078 0.11298076923076923 0.09134615384615384
0 0.5853365384615384 0.1935096153846154 0.23798076923076922 0.38221153846153844
0 0.31009615384615385 0.0985576923076923 0.3076923076923077 0.19230769230769232
0 0.38822115384615385 0.25961538461538464 0.23798076923076922 0.40384615384615385
0 0.4074519230769231 0.22716346153846154 0.12740384615384615 0.0889423076923077
0 0.4483173076923077 0.2848557692307692 0.0889423076923077 0.10817307692307693
0 0.43509615384615385 0.4495192307692308 0.052884615384615384 0.07692307692307693
0 0.5348557692307693 0.9098557692307693 0.1658653846153846 0.17548076923076922
0 0.39302884615384615 0.8894230769230769 0.1466346153846154 0.21634615384615385
0 0.35216346153846156 0.8317307692307693 0.21394230769230768 0.23557692307692307
0 0.29447115384615385 0.9302884615384616 0.14182692307692307 0.1346153846153846
0 0.11177884615384616 0.7271634615384616 0.1466346153846154 0.0985576923076923
0 0.15625 0.7992788461538461 0.19230769230769232 0.11778846153846154
0 0.13822115384615385 0.8954326923076923 0.27163461538461536 0.2091346153846154
0 0.027644230769230768 0.7908653846153846 0.05048076923076923 0.052884615384615384
0 0.04326923076923077 0.5492788461538461 0.08173076923076923 0.4831730769230769
0 0.0985576923076923 0.46634615384615385 0.09615384615384616 0.3605769230769231
0 0.13701923076923078 0.27524038461538464 0.15865384615384615 0.24759615384615385
0 0.2644230769230769 0.5228365384615384 0.3557692307692308 0.4014423076923077
0 0.2668269230769231 0.3125 0.15865384615384615 0.1346153846153846
0 0.08173076923076923 0.1141826923076923 0.11057692307692307 0.10817307692307693
0 0.16466346153846154 0.13822115384615385 0.06971153846153846 0.10336538461538461
0 0.03245192307692308 0.23076923076923078 0.05048076923076923 0.14423076923076922
0 0.0985576923076923 0.028846153846153848 0.09134615384615384 0.052884615384615384
0 0.1466346153846154 0.038461538461538464 0.07692307692307693 0.07211538461538461
0 0.5012019230769231 0.5012019230769231 0.9975961538461539 0.9975961538461539
