0 0.8497596153846154 0.14783653846153846 0.2956730769230769 0.24759615384615385
0 0.6983173076923077 0.042067307692307696 0.37259615384615385 0.06971153846153846
0 0.47596153846153844 0.08413461538461539 0.3317307692307692 0.15384615384615385
0 0.27403846153846156 0.016826923076923076 0.15384615384615385 0.019230769230769232
0 0.12740384615384615 0.05048076923076923 0.22596153846153846 0.09134615384615384
0 0.19230769230769232 0.11778846153846154 0.25 0.1778846153846154
0 0.296875 0.20673076923076922 0.3485576923076923 0.20192307692307693
0 0.6274038461538461 0.2548076923076923 0.38461538461538464 0.20673076923076922
0 0.6706730769230769 0.1141826923076923 0.15384615384615385 0.09375
0 0.8701923076923077 0.3016826923076923 0.125 0.08413461538461539
0 0.9110576923076923 0.375 0.17307692307692307 0.23557692307692307
0 0.6634615384615384 0.4326923076923077 0.40865384615384615 0.21153846153846154
0 0.3701923076923077 0.30649038461538464 0.28365384615384615 0.17067307692307693
0 0.4519230769230769 0.43990384615384615 0.25961538461538464 0.19230769230769232
0 0.1658653846153846 0.4026442307692308 0.3125 0.17067307692307693
0 0.06129807692307692 0.3125 0.11778846153846154 0.07692307692307693
0 0.19831730769230768 0.2980769230769231 0.1658653846153846 0.08173076923076923
0 0.14423076923076922 0.5072115384615384 0.10576923076923077 0.038461538461538464
0 0.33533653846153844 0.5456730769230769 0.2956730769230769 0.14903846153846154
0 0.5949519230769231 0.6177884615384616 0.31971153846153844 0.19230769230769232
0 0.8617788461538461 0.6322115384615384 0.27163461538461536 0.22115384615384615
0 0.8701923076923077 0.5024038461538461 0.2548076923076923 0.09615384615384616
0 0.7788461538461539 0.7091346153846154 0.15384615384615385 0.0673076923076923
0 0.6322115384615384 0.8100961538461539 0.3605769230769231 0.1971153846153846
0 0.9002403846153846 0.8137019230769231 0.19471153846153846 0.17067307692307693
0 0.4230769230769231 0.8653846153846154 0.28365384615384615 0.17307692307692307
0 0.2848557692307692 0.7596153846153846 0.24278846153846154 0.11538461538461539
0 0.22115384615384615 0.6875 0.3076923076923077 0.16826923076923078
0 0.13221153846153846 0.5721153846153846 0.12980769230769232 0.125
0 0.2920673076923077 0.9711538461538461 0.18028846153846154 0.057692307692307696
0 0.5336538461538461 0.9519230769230769 0.3317307692307692 0.09615384615384616
0 0.7992788461538461 0.9290865384615384 0.30528846153846156 0.14182692307692307
0 0.9663461538461539 0.9375 0.057692307692307696 0.11057692307692307
