0 0.8413461538461539 0.7115384615384616 0.3173076923076923 0.5721153846153846
0 0.6009615384615384 0.4254807692307692 0.2644230769230769 0.5240384615384616
0 0.4423076923076923 0.8173076923076923 0.2548076923076923 0.3557692307692308
0 0.33413461538461536 0.5036057692307693 0.22596153846153846 0.43990384615384615
0 0.4206730769230769 0.17548076923076922 0.2403846153846154 0.34615384615384615
0 0.23557692307692307 0.19230769230769232 0.14423076923076922 0.3701923076923077
0 0.8257211538461539 0.15865384615384615 0.3245192307692308 0.3076923076923077
2 0.6129807692307693 0.8161057692307693 0.2644230769230769 0.3629807692307692
2 0.8341346153846154 0.9651442307692307 0.2644230769230769 0.06490384615384616
2 0.8269230769230769 0.16346153846153846 0.3076923076923077 0.32211538461538464
2 0.5949519230769231 0.11658653846153846 0.17067307692307693 0.22355769230769232
2 0.4579326923076923 0.17548076923076922 0.16105769230769232 0.3317307692307692
2 0.2956730769230769 0.08173076923076923 0.0625 0.15384615384615385
2 0.27884615384615385 0.7620192307692307 0.14903846153846154 0.23076923076923078
2 0.4014423076923077 0.5276442307692307 0.07211538461538461 0.31009615384615385
2 0.24759615384615385 0.4026442307692308 0.1875 0.18990384615384615
2 0.2860576923076923 0.08173076923076923 0.04807692307692308 0.15384615384615385
2 0.13822115384615385 0.08173076923076923 0.15144230769230768 0.15384615384615385
