0 0.2403846153846154 0.15264423076923078 0.21634615384615385 0.29086538461538464
0 0.07451923076923077 0.2608173076923077 0.1346153846153846 0.5024038461538461
0 0.12620192307692307 0.16346153846153846 0.11778846153846154 0.3125
0 0.23677884615384615 0.4567307692307692 0.21875 0.3269230769230769
0 0.1346153846153846 0.6298076923076923 0.2548076923076923 0.2692307692307692
0 0.12740384615384615 0.8497596153846154 0.2403846153846154 0.21875
0 0.328125 0.7524038461538461 0.25240384615384615 0.40384615384615385
0 0.4206730769230769 0.5360576923076923 0.15384615384615385 0.27884615384615385
0 0.4735576923076923 0.43990384615384615 0.20673076923076922 0.25
0 0.45913461538461536 0.17548076923076922 0.21634615384615385 0.3317307692307692
0 0.36658653846153844 0.25961538461538464 0.10336538461538461 0.1875
0 0.6742788461538461 0.2247596153846154 0.25240384615384615 0.37740384615384615
0 0.7139423076923077 0.5360576923076923 0.35096153846153844 0.2692307692307692
0 0.5456730769230769 0.7596153846153846 0.21153846153846154 0.40865384615384615
0 0.7043269230769231 0.7271634615384616 0.15865384615384615 0.18028846153846154
0 0.6622596153846154 0.8846153846153846 0.12740384615384615 0.15865384615384615
0 0.8581730769230769 0.8858173076923077 0.28365384615384615 0.2283653846153846
0 0.8786057692307693 0.7055288461538461 0.24278846153846154 0.27163461538461536
0 0.9759615384615384 0.8894230769230769 0.052884615384615384 0.08653846153846154
0 0.9387019230769231 0.4266826923076923 0.12259615384615384 0.2956730769230769
0 0.875 0.25600961538461536 0.23076923076923078 0.36778846153846156
0 0.7331730769230769 0.08413461538461539 0.1875 0.15384615384615385
0 0.5865384615384616 0.08653846153846154 0.1201923076923077 0.15865384615384615
0 0.9158653846153846 0.14783653846153846 0.16826923076923078 0.28125
