0 0.8377403846153846 0.4951923076923077 0.21394230769230768 0.44711538461538464
0 0.7788461538461539 0.8317307692307693 0.125 0.11057692307692307
0 0.6658653846153846 0.9002403846153846 0.35096153846153844 0.13221153846153846
0 0.6286057692307693 0.7992788461538461 0.18028846153846154 0.19471153846153846
0 0.4795673076923077 0.8629807692307693 0.09375 0.15384615384615385
0 0.3858173076923077 0.8762019230769231 0.11778846153846154 0.18028846153846154
0 0.1875 0.8810096153846154 0.2548076923076923 0.19951923076923078
0 0.14423076923076922 0.5913461538461539 0.11057692307692307 0.11538461538461539
0 0.25841346153846156 0.6057692307692307 0.13701923076923078 0.11057692307692307
0 0.3894230769230769 0.5889423076923077 0.125 0.12980769230769232
0 0.37259615384615385 0.44471153846153844 0.14423076923076922 0.22115384615384615
0 0.48197115384615385 0.5144230769230769 0.07451923076923077 0.11538461538461539
0 0.4699519230769231 0.5576923076923077 0.04567307692307692 0.04807692307692308
0 0.47475961538461536 0.6045673076923077 0.04567307692307692 0.07932692307692307
0 0.2536057692307692 0.5108173076923077 0.10336538461538461 0.0889423076923077
0 0.3016826923076923 0.3894230769230769 0.04567307692307692 0.057692307692307696
0 0.17067307692307693 0.5108173076923077 0.04326923076923077 0.036057692307692304
0 0.14903846153846154 0.49038461538461536 0.038461538461538464 0.057692307692307696
0 0.15865384615384615 0.4338942307692308 0.052884615384615384 0.06490384615384616
0 0.11538461538461539 0.47596153846153844 0.028846153846153848 0.04326923076923077
0 0.10576923076923077 0.4266826923076923 0.03365384615384615 0.04567307692307692
0 0.08533653846153846 0.5240384615384616 0.04567307692307692 0.0625
0 0.0889423076923077 0.5829326923076923 0.02403846153846154 0.03125
0 0.08774038461538461 0.6045673076923077 0.026442307692307692 0.026442307692307692
0 0.125 0.5288461538461539 0.04326923076923077 0.0625
0 0.14543269230769232 0.3473557692307692 0.04567307692307692 0.06971153846153846
0 0.15384615384615385 0.2860576923076923 0.02403846153846154 0.04326923076923077
0 0.18509615384615385 0.296875 0.04326923076923077 0.07451923076923077
0 0.1814903846153846 0.3870192307692308 0.10336538461538461 0.15865384615384615
0 0.23317307692307693 0.35216346153846156 0.08173076923076923 0.14182692307692307
0 0.29086538461538464 0.27884615384615385 0.08653846153846154 0.10096153846153846
0 0.2848557692307692 0.22716346153846154 0.11298076923076923 0.07932692307692307
0 0.3076923076923077 0.21514423076923078 0.10576923076923077 0.0889423076923077
0 0.1935096153846154 0.21033653846153846 0.09375 0.14182692307692307
0 0.375 0.27524038461538464 0.07211538461538461 0.0889423076923077
0 0.29447115384615385 0.2764423076923077 0.07932692307692307 0.09615384615384616
0 0.40384615384615385 0.3545673076923077 0.03365384615384615 0.03125
0 0.47596153846153844 0.4110576923076923 0.04807692307692308 0.057692307692307696
0 0.4338942307692308 0.3942307692307692 0.026442307692307692 0.038461538461538464
0 0.47596153846153844 0.35336538461538464 0.04807692307692308 0.057692307692307696
0 0.44350961538461536 0.33653846153846156 0.036057692307692304 0.0673076923076923
0 0.42788461538461536 0.29927884615384615 0.03365384615384615 0.04567307692307692
0 0.45552884615384615 0.26802884615384615 0.0985576923076923 0.0985576923076923
0 0.5853365384615384 0.3293269230769231 0.15144230769230768 0.16826923076923078
1 0.6983173076923077 0.24759615384615385 0.07932692307692307 0.20673076923076922
1 0.703125 0.45913461538461536 0.07932692307692307 0.21634615384615385
1 0.6237980769230769 0.4567307692307692 0.09375 0.22115384615384615
