0 0.8137019230769231 0.5793269230769231 0.37259615384615385 0.30288461538461536
0 0.5240384615384616 0.4543269230769231 0.40384615384615385 0.18269230769230768
0 0.8677884615384616 0.41466346153846156 0.2644230769230769 0.18509615384615385
0 0.8533653846153846 0.28125 0.2932692307692308 0.125
0 0.47115384615384615 0.6490384615384616 0.3125 0.19230769230769232
0 0.21153846153846154 0.7764423076923077 0.3125 0.25
0 0.04927884615384615 0.7716346153846154 0.07932692307692307 0.1778846153846154
0 0.11658653846153846 0.9314903846153846 0.21875 0.13701923076923078
0 0.35216346153846156 0.9242788461538461 0.30528846153846156 0.15144230769230768
0 0.5336538461538461 0.8028846153846154 0.32211538461538464 0.17307692307692307
0 0.7788461538461539 0.7644230769230769 0.40384615384615385 0.17307692307692307
0 0.8317307692307693 0.8605769230769231 0.25 0.1346153846153846
0 0.6105769230769231 0.9278846153846154 0.2644230769230769 0.14423076923076922
