0 0.8990384615384616 0.1346153846153846 0.20192307692307693 0.25
0 0.9591346153846154 0.042067307692307696 0.08173076923076923 0.06490384615384616
0 0.7524038461538461 0.07211538461538461 0.08173076923076923 0.125
0 0.8197115384615384 0.08413461538461539 0.052884615384615384 0.14903846153846154
0 0.7932692307692307 0.21995192307692307 0.038461538461538464 0.0889423076923077
0 0.8413461538461539 0.1466346153846154 0.028846153846153848 0.14423076923076922
0 0.8701923076923077 0.33052884615384615 0.052884615384615384 0.23798076923076922
0 0.8894230769230769 0.23798076923076922 0.04807692307692308 0.10096153846153846
0 0.7836538461538461 0.3858173076923077 0.15865384615384615 0.16105769230769232
0 0.6826923076923077 0.16706730769230768 0.20673076923076922 0.31490384615384615
0 0.6490384615384616 0.1971153846153846 0.2644230769230769 0.375
0 0.8004807692307693 0.32211538461538464 0.10096153846153846 0.125
0 0.8353365384615384 0.44591346153846156 0.06971153846153846 0.13701923076923078
0 0.8233173076923077 0.6730769230769231 0.11298076923076923 0.14903846153846154
0 0.8834134615384616 0.6105769230769231 0.026442307692307692 0.09615384615384616
0 0.9182692307692307 0.5144230769230769 0.057692307692307696 0.08173076923076923
0 0.9591346153846154 0.5096153846153846 0.08173076923076923 0.1778846153846154
0 0.7788461538461539 0.5889423076923077 0.08173076923076923 0.10096153846153846
0 0.9182692307692307 0.6923076923076923 0.04326923076923077 0.14423076923076922
0 0.09735576923076923 0.5600961538461539 0.1466346153846154 0.23076923076923078
0 0.2932692307692308 0.8365384615384616 0.0673076923076923 0.16826923076923078
0 0.11057692307692307 0.6670673076923077 0.07211538461538461 0.13701923076923078
0 0.040865384615384616 0.5673076923076923 0.07692307692307693 0.15384615384615385
0 0.014423076923076924 0.2980769230769231 0.02403846153846154 0.2692307692307692
0 0.07692307692307693 0.23798076923076922 0.09134615384615384 0.22115384615384615
0 0.18990384615384615 0.2776442307692308 0.125 0.31009615384615385
0 0.11057692307692307 0.11298076923076923 0.12980769230769232 0.20673076923076922
0 0.037259615384615384 0.09615384615384616 0.06971153846153846 0.17307692307692307
0 0.30528846153846156 0.21153846153846154 0.2403846153846154 0.40384615384615385
0 0.4639423076923077 0.6129807692307693 0.6057692307692307 0.7548076923076923
0 0.46634615384615385 0.15384615384615385 0.1201923076923077 0.2932692307692308
