0 0.09615384615384616 0.9495192307692307 0.1875 0.10096153846153846
0 0.3088942307692308 0.9362980769230769 0.35336538461538464 0.12740384615384615
0 0.7367788461538461 0.9182692307692307 0.5216346153846154 0.16826923076923078
0 0.8389423076923077 0.8149038461538461 0.16826923076923078 0.15865384615384615
0 0.9314903846153846 0.9819711538461539 0.13221153846153846 0.036057692307692304
0 0.5612980769230769 0.8028846153846154 0.4735576923076923 0.34615384615384615
0 0.7788461538461539 0.5192307692307693 0.4375 0.3317307692307692
0 0.8774038461538461 0.71875 0.2403846153846154 0.21634615384615385
0 0.28966346153846156 0.5336538461538461 0.47836538461538464 0.3125
0 0.2776442307692308 0.32091346153846156 0.13701923076923078 0.11298076923076923
0 0.44711538461538464 0.2620192307692308 0.3317307692307692 0.2692307692307692
0 0.43028846153846156 0.12139423076923077 0.04326923076923077 0.026442307692307692
0 0.5576923076923077 0.13942307692307693 0.038461538461538464 0.02403846153846154
0 0.5709134615384616 0.1201923076923077 0.021634615384615384 0.014423076923076924
0 0.5288461538461539 0.0889423076923077 0.052884615384615384 0.028846153846153848
0 0.6899038461538461 0.08774038461538461 0.038461538461538464 0.026442307692307692
0 0.37259615384615385 0.0673076923076923 0.04326923076923077 0.02403846153846154
0 0.057692307692307696 0.4170673076923077 0.11057692307692307 0.20432692307692307
0 0.9399038461538461 0.33653846153846156 0.11538461538461539 0.15384615384615385
0 0.8269230769230769 0.15865384615384615 0.20673076923076922 0.1971153846153846
0 0.6730769230769231 0.19831730769230768 0.1201923076923077 0.13221153846153846
0 0.6682692307692307 0.29447115384615385 0.10096153846153846 0.0985576923076923
0 0.7740384615384616 0.3173076923076923 0.17307692307692307 0.08173076923076923
0 0.1658653846153846 0.7740384615384616 0.3269230769230769 0.32211538461538464
