0 0.59375 0.8665865384615384 0.23557692307692307 0.2620192307692308
0 0.75 0.7620192307692307 0.22115384615384615 0.3269230769230769
0 0.8846153846153846 0.6418269230769231 0.21634615384615385 0.3076923076923077
0 0.9855769230769231 0.6153846153846154 0.02403846153846154 0.20673076923076922
0 0.9230769230769231 0.4375 0.15384615384615385 0.23557692307692307
0 0.9783653846153846 0.20192307692307693 0.04326923076923077 0.21153846153846154
0 0.8533653846153846 0.19951923076923078 0.1971153846153846 0.3076923076923077
0 0.9254807692307693 0.06610576923076923 0.14903846153846154 0.12740384615384615
0 0.7620192307692307 0.44591346153846156 0.15865384615384615 0.2620192307692308
0 0.6394230769230769 0.5444711538461539 0.1971153846153846 0.2956730769230769
0 0.5096153846153846 0.44471153846153844 0.15865384615384615 0.2403846153846154
0 0.44471153846153844 0.6430288461538461 0.19230769230769232 0.2620192307692308
0 0.35096153846153844 0.84375 0.21634615384615385 0.3076923076923077
0 0.46153846153846156 0.9867788461538461 0.08173076923076923 0.021634615384615384
0 0.24759615384615385 0.9783653846153846 0.1346153846153846 0.038461538461538464
0 0.12620192307692307 0.8581730769230769 0.21875 0.27884615384615385
0 0.2403846153846154 0.6778846153846154 0.18269230769230768 0.28846153846153844
0 0.06971153846153846 0.7163461538461539 0.1346153846153846 0.28846153846153844
0 0.08774038461538461 0.4206730769230769 0.17067307692307693 0.28846153846153844
0 0.19471153846153846 0.2980769230769231 0.15865384615384615 0.2403846153846154
0 0.055288461538461536 0.20192307692307693 0.10576923076923077 0.20192307692307693
0 0.3245192307692308 0.21394230769230768 0.1778846153846154 0.27884615384615385
0 0.31971153846153844 0.47836538461538464 0.1875 0.27403846153846156
0 0.4495192307692308 0.2800480769230769 0.125 0.22355769230769232
0 0.5913461538461539 0.30528846153846156 0.16346153846153846 0.21153846153846154
0 0.5865384615384616 0.1658653846153846 0.1778846153846154 0.1875
0 0.7596153846153846 0.1778846153846154 0.15384615384615385 0.25
0 0.8112980769230769 0.046875 0.1658653846153846 0.0889423076923077
0 0.6526442307692307 0.0625 0.17067307692307693 0.1201923076923077
0 0.49038461538461536 0.08173076923076923 0.15384615384615385 0.15865384615384615
0 0.3425480769230769 0.05048076923076923 0.14182692307692307 0.09134615384615384
