0 0.9230769230769231 0.9050480769230769 0.14903846153846154 0.14182692307692307
0 0.9134615384615384 0.9855769230769231 0.16826923076923078 0.028846153846153848
0 0.7644230769230769 0.9158653846153846 0.20192307692307693 0.13942307692307693
0 0.65625 0.9855769230769231 0.1778846153846154 0.028846153846153848
0 0.28365384615384615 0.9254807692307693 0.34615384615384615 0.14903846153846154
0 0.3317307692307692 0.9122596153846154 0.44711538461538464 0.17548076923076922
0 0.36177884615384615 0.8930288461538461 0.5120192307692307 0.21394230769230768
0 0.17067307692307693 0.7752403846153846 0.11538461538461539 0.055288461538461536
0 0.6526442307692307 0.9338942307692307 0.10336538461538461 0.06971153846153846
0 0.5913461538461539 0.8605769230769231 0.16826923076923078 0.10096153846153846
0 0.7019230769230769 0.8377403846153846 0.09615384615384616 0.055288461538461536
0 0.8353365384615384 0.7896634615384616 0.2764423076923077 0.13221153846153846
0 0.9747596153846154 0.7740384615384616 0.04567307692307692 0.07211538461538461
0 0.8774038461538461 0.6838942307692307 0.18269230769230768 0.12740384615384615
0 0.9459134615384616 0.6298076923076923 0.10336538461538461 0.19230769230769232
0 0.9423076923076923 0.47596153846153844 0.11057692307692307 0.15384615384615385
0 0.8341346153846154 0.34375 0.14423076923076922 0.5913461538461539
0 0.7980769230769231 0.31009615384615385 0.38461538461538464 0.2692307692307692
0 0.6778846153846154 0.21634615384615385 0.23557692307692307 0.2548076923076923
0 0.8100961538461539 0.23076923076923078 0.375 0.28846153846153844
0 0.8341346153846154 0.1971153846153846 0.3269230769230769 0.25961538461538464
0 0.8966346153846154 0.15384615384615385 0.20192307692307693 0.19230769230769232
0 0.9314903846153846 0.052884615384615384 0.13221153846153846 0.10096153846153846
0 0.7884615384615384 0.6778846153846154 0.21153846153846154 0.1346153846153846
0 0.6610576923076923 0.7668269230769231 0.15384615384615385 0.09134615384615384
0 0.5841346153846154 0.7475961538461539 0.18269230769230768 0.13942307692307693
0 0.45913461538461536 0.7752403846153846 0.14423076923076922 0.10336538461538461
0 0.3485576923076923 0.7932692307692307 0.11538461538461539 0.057692307692307696
0 0.3473557692307692 0.7355769230769231 0.10336538461538461 0.052884615384615384
0 0.39302884615384615 0.6935096153846154 0.10336538461538461 0.040865384615384616
0 0.4831730769230769 0.7019230769230769 0.08653846153846154 0.03365384615384615
0 0.2403846153846154 0.7439903846153846 0.11057692307692307 0.06971153846153846
0 0.3076923076923077 0.6947115384615384 0.08173076923076923 0.052884615384615384
0 0.23317307692307693 0.6838942307692307 0.09134615384615384 0.04567307692307692
0 0.16105769230769232 0.7127403846153846 0.08653846153846154 0.06971153846153846
0 0.1658653846153846 0.75 0.038461538461538464 0.02403846153846154
0 0.18990384615384615 0.6502403846153846 0.09615384615384616 0.055288461538461536
0 0.30528846153846156 0.6394230769230769 0.08653846153846154 0.057692307692307696
0 0.22115384615384615 0.6322115384615384 0.09134615384615384 0.04326923076923077
0 0.22596153846153846 0.5769230769230769 0.11538461538461539 0.0673076923076923
0 0.23798076923076922 0.5288461538461539 0.0673076923076923 0.038461538461538464
0 0.3425480769230769 0.5516826923076923 0.16105769230769232 0.10336538461538461
0 0.44350961538461536 0.6201923076923077 0.18990384615384615 0.13942307692307693
0 0.6153846153846154 0.6177884615384616 0.20192307692307693 0.1346153846153846
0 0.7740384615384616 0.5769230769230769 0.08173076923076923 0.052884615384615384
0 0.7307692307692307 0.5913461538461539 0.052884615384615384 0.02403846153846154
0 0.8269230769230769 0.5673076923076923 0.038461538461538464 0.038461538461538464
0 0.7740384615384616 0.53125 0.09134615384615384 0.052884615384615384
0 0.2091346153846154 0.43149038461538464 0.34615384615384615 0.17548076923076922
0 0.19230769230769232 0.515625 0.057692307692307696 0.055288461538461536
0 0.3016826923076923 0.34375 0.16105769230769232 0.17307692307692307
0 0.6382211538461539 0.48677884615384615 0.07451923076923077 0.040865384615384616
0 0.6995192307692307 0.5096153846153846 0.0673076923076923 0.04807692307692308
0 0.7668269230769231 0.4855769230769231 0.057692307692307696 0.03365384615384615
0 0.7908653846153846 0.45552884615384615 0.0673076923076923 0.040865384615384616
0 0.6057692307692307 0.5288461538461539 0.09134615384615384 0.04326923076923077
0 0.5336538461538461 0.5144230769230769 0.052884615384615384 0.038461538461538464
0 0.4831730769230769 0.49278846153846156 0.0625 0.04807692307692308
0 0.47596153846153844 0.46033653846153844 0.0625 0.03125
0 0.5024038461538461 0.43509615384615385 0.08173076923076923 0.038461538461538464
0 0.5252403846153846 0.41346153846153844 0.04567307692307692 0.03365384615384615
0 0.5637019230769231 0.3942307692307692 0.07451923076923077 0.04326923076923077
0 0.5841346153846154 0.4254807692307692 0.08173076923076923 0.052884615384615384
0 0.5600961538461539 0.47115384615384615 0.0673076923076923 0.04807692307692308
0 0.6514423076923077 0.44350961538461536 0.09134615384615384 0.040865384615384616
0 0.6442307692307693 0.39903846153846156 0.08653846153846154 0.03365384615384615
0 0.7163461538461539 0.4098557692307692 0.057692307692307696 0.040865384615384616
0 0.6754807692307693 0.36778846153846156 0.08173076923076923 0.04326923076923077
0 0.6514423076923077 0.33653846153846156 0.0673076923076923 0.04326923076923077
0 0.5913461538461539 0.35096153846153844 0.08653846153846154 0.04807692307692308
0 0.6802884615384616 0.2764423076923077 0.08173076923076923 0.04326923076923077
0 0.7139423076923077 0.32211538461538464 0.052884615384615384 0.04326923076923077
0 0.39903846153846156 0.43509615384615385 0.0673076923076923 0.03365384615384615
0 0.36538461538461536 0.40384615384615385 0.0673076923076923 0.03365384615384615
0 0.4254807692307692 0.40625 0.052884615384615384 0.03365384615384615
0 0.39663461538461536 0.36538461538461536 0.052884615384615384 0.04807692307692308
0 0.4495192307692308 0.3701923076923077 0.0625 0.052884615384615384
0 0.4375 0.32091346153846156 0.0625 0.03125
0 0.38341346153846156 0.31850961538461536 0.04567307692307692 0.03125
0 0.3557692307692308 0.28846153846153844 0.028846153846153848 0.02403846153846154
0 0.40024038461538464 0.28846153846153844 0.04567307692307692 0.028846153846153848
0 0.4519230769230769 0.2848557692307692 0.0673076923076923 0.040865384615384616
0 0.40625 0.2536057692307692 0.0673076923076923 0.040865384615384616
0 0.4639423076923077 0.24158653846153846 0.057692307692307696 0.040865384615384616
0 0.5144230769230769 0.27163461538461536 0.057692307692307696 0.03365384615384615
0 0.5384615384615384 0.3125 0.0673076923076923 0.038461538461538464
0 0.5024038461538461 0.33653846153846156 0.0673076923076923 0.057692307692307696
0 0.5817307692307693 0.28365384615384615 0.0625 0.038461538461538464
0 0.5336538461538461 0.24278846153846154 0.0625 0.038461538461538464
0 0.6009615384615384 0.24158653846153846 0.0673076923076923 0.040865384615384616
0 0.10336538461538461 0.5348557692307693 0.20192307692307693 0.18990384615384615
0 0.07211538461538461 0.7475961538461539 0.13942307692307693 0.25
0 0.10576923076923077 0.90625 0.20673076923076922 0.1875
0 0.24759615384615385 0.9855769230769231 0.11057692307692307 0.028846153846153848
0 0.06009615384615385 0.3894230769230769 0.11538461538461539 0.125
0 0.03125 0.49278846153846156 0.057692307692307696 0.11057692307692307
0 0.08653846153846154 0.26802884615384615 0.16826923076923078 0.13221153846153846
0 0.21634615384615385 0.3293269230769231 0.17307692307692307 0.10096153846153846
0 0.31009615384615385 0.2692307692307692 0.09615384615384616 0.0673076923076923
0 0.15264423076923078 0.22956730769230768 0.21875 0.11778846153846154
0 0.13221153846153846 0.09375 0.25961538461538464 0.1778846153846154
0 0.27403846153846156 0.037259615384615384 0.1778846153846154 0.06490384615384616
0 0.3245192307692308 0.15625 0.23076923076923078 0.18269230769230768
0 0.4375 0.04567307692307692 0.18269230769230768 0.08173076923076923
0 0.5144230769230769 0.10096153846153846 0.23076923076923078 0.1346153846153846
0 0.5288461538461539 0.18990384615384615 0.20192307692307693 0.07211538461538461
0 0.6995192307692307 0.04567307692307692 0.3269230769230769 0.08173076923076923
