0 0.9399038461538461 0.21634615384615385 0.09134615384615384 0.057692307692307696
0 0.9399038461538461 0.3004807692307692 0.09134615384615384 0.1201923076923077
0 0.9471153846153846 0.46634615384615385 0.08173076923076923 0.125
0 0.9302884615384616 0.421875 0.04807692307692308 0.07932692307692307
0 0.9615384615384616 0.3870192307692308 0.052884615384615384 0.04326923076923077
0 0.90625 0.37740384615384615 0.057692307692307696 0.0625
0 0.8990384615384616 0.43990384615384615 0.04326923076923077 0.07211538461538461
0 0.8509615384615384 0.47115384615384615 0.07692307692307693 0.10576923076923077
0 0.8966346153846154 0.5192307692307693 0.03365384615384615 0.07211538461538461
0 0.8701923076923077 0.5757211538461539 0.08173076923076923 0.08413461538461539
0 0.8930288461538461 0.6478365384615384 0.06009615384615385 0.07932692307692307
0 0.90625 0.7091346153846154 0.0625 0.0625
0 0.9519230769230769 0.6153846153846154 0.07211538461538461 0.15384615384615385
0 0.9639423076923077 0.7259615384615384 0.04326923076923077 0.057692307692307696
0 0.9254807692307693 0.8485576923076923 0.11538461538461539 0.23557692307692307
0 0.8052884615384616 0.7716346153846154 0.16346153846153846 0.21153846153846154
0 0.8677884615384616 0.6971153846153846 0.052884615384615384 0.0625
0 0.8365384615384616 0.6430288461538461 0.052884615384615384 0.06971153846153846
0 0.7944711538461539 0.6394230769230769 0.06009615384615385 0.052884615384615384
0 0.7668269230769231 0.5661057692307693 0.11538461538461539 0.13701923076923078
0 0.7980769230769231 0.4651442307692308 0.057692307692307696 0.06490384615384616
0 0.7211538461538461 0.46153846153846156 0.11057692307692307 0.22115384615384615
0 0.8569711538461539 0.36778846153846156 0.04567307692307692 0.057692307692307696
0 0.8377403846153846 0.27884615384615385 0.0985576923076923 0.17307692307692307
0 0.7644230769230769 0.24879807692307693 0.125 0.13221153846153846
0 0.640625 0.4855769230769231 0.0985576923076923 0.1201923076923077
0 0.6274038461538461 0.6009615384615384 0.04807692307692308 0.04807692307692308
0 0.6574519230769231 0.640625 0.09375 0.18990384615384615
0 0.7247596153846154 0.6742788461538461 0.07932692307692307 0.0889423076923077
0 0.5480769230769231 0.8004807692307693 0.21634615384615385 0.1201923076923077
0 0.703125 0.7752403846153846 0.09375 0.14182692307692307
0 0.7475961538461539 0.8485576923076923 0.038461538461538464 0.038461538461538464
0 0.8353365384615384 0.8882211538461539 0.07932692307692307 0.08413461538461539
0 0.7848557692307693 0.9230769230769231 0.19951923076923078 0.07211538461538461
0 0.6850961538461539 0.9471153846153846 0.07692307692307693 0.04807692307692308
0 0.5805288461538461 0.9014423076923077 0.14182692307692307 0.15384615384615385
0 0.46875 0.8822115384615384 0.125 0.16826923076923078
0 0.47596153846153844 0.9699519230769231 0.04807692307692308 0.026442307692307692
0 0.2980769230769231 0.8341346153846154 0.2980769230769231 0.3173076923076923
0 0.08653846153846154 0.8509615384615384 0.07692307692307693 0.09615384615384616
0 0.08413461538461539 0.9230769230769231 0.04807692307692308 0.0625
0 0.12740384615384615 0.8677884615384616 0.038461538461538464 0.057692307692307696
0 0.1310096153846154 0.7139423076923077 0.1658653846153846 0.09615384615384616
0 0.15625 0.7740384615384616 0.0625 0.04807692307692308
0 0.12259615384615384 0.6177884615384616 0.15865384615384615 0.16826923076923078
0 0.24158653846153846 0.6117788461538461 0.1658653846153846 0.14182692307692307
0 0.19110576923076922 0.35216346153846156 0.2956730769230769 0.3629807692307692
0 0.20432692307692307 0.22355769230769232 0.15384615384615385 0.10576923076923077
0 0.10096153846153846 0.28365384615384615 0.10576923076923077 0.18269230769230768
0 0.38221153846153844 0.421875 0.0625 0.07932692307692307
0 0.2764423076923077 0.5745192307692307 0.08653846153846154 0.1201923076923077
0 0.11298076923076923 0.49759615384615385 0.08173076923076923 0.09615384615384616
0 0.3737980769230769 0.21394230769230768 0.08413461538461539 0.09615384615384616
0 0.5360576923076923 0.2860576923076923 0.38461538461538464 0.22115384615384615
0 0.6009615384615384 0.4230769230769231 0.04807692307692308 0.0625
0 0.6334134615384616 0.3786057692307692 0.06009615384615385 0.07932692307692307
0 0.6802884615384616 0.43990384615384615 0.04807692307692308 0.0625
0 0.5721153846153846 0.46153846153846156 0.0625 0.125
0 0.5600961538461539 0.5492788461538461 0.07211538461538461 0.08413461538461539
0 0.5757211538461539 0.6081730769230769 0.07932692307692307 0.11538461538461539
0 0.5492788461538461 0.7235576923076923 0.15144230769230768 0.14903846153846154
0 0.5697115384615384 0.8100961538461539 0.15865384615384615 0.10096153846153846
0 0.6225961538461539 0.7163461538461539 0.052884615384615384 0.057692307692307696
