0 0.22355769230769232 0.41346153846153844 0.42788461538461536 0.4807692307692308
0 0.30408653846153844 0.484375 0.5889423076923077 0.4831730769230769
0 0.34134615384615385 0.5456730769230769 0.6682692307692307 0.49038461538461536
0 0.3894230769230769 0.6983173076923077 0.5721153846153846 0.3629807692307692
0 0.515625 0.7163461538461539 0.4639423076923077 0.41346153846153844
0 0.7379807692307693 0.6838942307692307 0.24519230769230768 0.39663461538461536
0 0.8317307692307693 0.5973557692307693 0.33653846153846156 0.4495192307692308
0 0.5360576923076923 0.9086538461538461 0.4951923076923077 0.11057692307692307
0 0.890625 0.8786057692307693 0.21875 0.10336538461538461
0 0.8377403846153846 0.9459134615384616 0.3293269230769231 0.10817307692307693
0 0.7620192307692307 0.14182692307692307 0.4807692307692308 0.27403846153846156
