0 0.3137019230769231 0.14302884615384615 0.17067307692307693 0.12740384615384615
0 0.5216346153846154 0.10817307692307693 0.14903846153846154 0.1346153846153846
0 0.9206730769230769 0.21754807692307693 0.15865384615384615 0.17067307692307693
0 0.8641826923076923 0.13701923076923078 0.10336538461538461 0.11538461538461539
0 0.7680288461538461 0.16826923076923078 0.18028846153846154 0.14903846153846154
0 0.5997596153846154 0.21634615384615385 0.17548076923076922 0.14903846153846154
0 0.6418269230769231 0.12860576923076922 0.08173076923076923 0.05048076923076923
0 0.42427884615384615 0.20673076923076922 0.18028846153846154 0.08653846153846154
0 0.41586538461538464 0.2644230769230769 0.16346153846153846 0.13942307692307693
0 0.31490384615384615 0.33413461538461536 0.15865384615384615 0.14423076923076922
0 0.4807692307692308 0.3629807692307692 0.15865384615384615 0.12980769230769232
0 0.5528846153846154 0.4230769230769231 0.09615384615384616 0.08173076923076923
0 0.5288461538461539 0.27403846153846156 0.08173076923076923 0.08173076923076923
0 0.71875 0.2764423076923077 0.09134615384615384 0.09134615384615384
0 0.6490384615384616 0.35336538461538464 0.19230769230769232 0.14423076923076922
0 0.8028846153846154 0.45072115384615385 0.23557692307692307 0.1466346153846154
0 0.6213942307692307 0.5288461538461539 0.25721153846153844 0.14903846153846154
0 0.39663461538461536 0.47115384615384615 0.21153846153846154 0.16346153846153846
0 0.42788461538461536 0.6237980769230769 0.27403846153846156 0.1466346153846154
0 0.25721153846153844 0.6177884615384616 0.12980769230769232 0.13942307692307693
0 0.18269230769230768 0.5096153846153846 0.1971153846153846 0.1201923076923077
0 0.18028846153846154 0.171875 0.34615384615384615 0.2283653846153846
0 0.03125 0.31009615384615385 0.04807692307692308 0.1201923076923077
0 0.055288461538461536 0.22115384615384615 0.09134615384615384 0.0673076923076923
0 0.125 0.4074519230769231 0.23076923076923078 0.38221153846153844
0 0.10576923076923077 0.6346153846153846 0.1346153846153846 0.1346153846153846
0 0.15625 0.6754807692307693 0.07692307692307693 0.125
0 0.3798076923076923 0.7463942307692307 0.1346153846153846 0.0889423076923077
0 0.3245192307692308 0.7115384615384616 0.07692307692307693 0.07211538461538461
0 0.2283653846153846 0.8004807692307693 0.22115384615384615 0.14423076923076922
0 0.23918269230769232 0.6971153846153846 0.10336538461538461 0.0625
0 0.09495192307692307 0.7451923076923077 0.10336538461538461 0.07211538461538461
0 0.0985576923076923 0.8341346153846154 0.1201923076923077 0.11057692307692307
0 0.23076923076923078 0.8725961538461539 0.14423076923076922 0.057692307692307696
0 0.38341346153846156 0.8209134615384616 0.10336538461538461 0.06971153846153846
0 0.4807692307692308 0.7872596153846154 0.13942307692307693 0.10817307692307693
0 0.49158653846153844 0.8533653846153846 0.11298076923076923 0.08173076923076923
0 0.5997596153846154 0.9038461538461539 0.10336538461538461 0.11057692307692307
0 0.5216346153846154 0.9423076923076923 0.1201923076923077 0.11057692307692307
0 0.4014423076923077 0.90625 0.1201923076923077 0.11538461538461539
0 0.31490384615384615 0.8822115384615384 0.057692307692307696 0.057692307692307696
0 0.2644230769230769 0.9483173076923077 0.16346153846153846 0.10336538461538461
0 0.14903846153846154 0.9375 0.1201923076923077 0.11538461538461539
0 0.4014423076923077 0.9663461538461539 0.1201923076923077 0.04326923076923077
0 0.8665865384615384 0.6045673076923077 0.25240384615384615 0.24278846153846154
0 0.8557692307692307 0.35096153846153844 0.20192307692307693 0.23076923076923078
0 0.8509615384615384 0.6802884615384616 0.2980769230769231 0.23557692307692307
0 0.8076923076923077 0.6947115384615384 0.27884615384615385 0.19230769230769232
0 0.8689903846153846 0.7644230769230769 0.17548076923076922 0.125
0 0.7992788461538461 0.7451923076923077 0.3870192307692308 0.28846153846153844
0 0.7740384615384616 0.78125 0.36538461538461536 0.25961538461538464
0 0.5865384615384616 0.6201923076923077 0.0625 0.0625
0 0.8798076923076923 0.9074519230769231 0.16346153846153846 0.10817307692307693
0 0.7091346153846154 0.7776442307692307 0.3605769230769231 0.20432692307692307
0 0.6971153846153846 0.8341346153846154 0.44711538461538464 0.28846153846153844
0 0.7331730769230769 0.8978365384615384 0.15865384615384615 0.12740384615384615
0 0.6490384615384616 0.8533653846153846 0.20192307692307693 0.16346153846153846
