0 0.734375 0.8713942307692307 0.07932692307692307 0.11778846153846154
0 0.7800480769230769 0.7776442307692307 0.07932692307692307 0.0985576923076923
0 0.7884615384615384 0.8653846153846154 0.04326923076923077 0.0673076923076923
0 0.7896634615384616 0.9459134615384616 0.06971153846153846 0.09375
0 0.7560096153846154 0.9615384615384616 0.06971153846153846 0.07211538461538461
0 0.6766826923076923 0.953125 0.0889423076923077 0.0889423076923077
0 0.6899038461538461 0.9170673076923077 0.0625 0.04567307692307692
0 0.6646634615384616 0.8245192307692307 0.07451923076923077 0.09615384615384616
0 0.7007211538461539 0.7860576923076923 0.05048076923076923 0.0625
0 0.734375 0.7788461538461539 0.036057692307692304 0.0673076923076923
0 0.6334134615384616 0.7548076923076923 0.07932692307692307 0.09134615384615384
0 0.6069711538461539 0.8317307692307693 0.040865384615384616 0.052884615384615384
0 0.6129807692307693 0.9146634615384616 0.07692307692307693 0.10336538461538461
0 0.6117788461538461 0.9819711538461539 0.05048076923076923 0.03125
0 0.5408653846153846 0.953125 0.08173076923076923 0.0889423076923077
0 0.5396634615384616 0.8834134615384616 0.06971153846153846 0.09375
0 0.5444711538461539 0.8293269230769231 0.07932692307692307 0.07692307692307693
0 0.5637019230769231 0.7524038461538461 0.07451923076923077 0.09615384615384616
0 0.7067307692307693 0.7055288461538461 0.07692307692307693 0.10817307692307693
0 0.6706730769230769 0.6057692307692307 0.0625 0.08173076923076923
0 0.6454326923076923 0.6610576923076923 0.040865384615384616 0.07692307692307693
0 0.5348557692307693 0.7295673076923077 0.06009615384615385 0.10336538461538461
0 0.5288461538461539 0.5853365384615384 0.0673076923076923 0.08413461538461539
0 0.5444711538461539 0.6646634615384616 0.18990384615384615 0.10817307692307693
0 0.5625 0.5697115384615384 0.13942307692307693 0.15384615384615385
0 0.8052884615384616 0.6622596153846154 0.38461538461538464 0.4543269230769231
0 0.9771634615384616 0.7283653846153846 0.040865384615384616 0.07692307692307693
0 0.9759615384615384 0.8173076923076923 0.04807692307692308 0.0625
0 0.9290865384615384 0.78125 0.06971153846153846 0.14423076923076922
0 0.4170673076923077 0.9639423076923077 0.14182692307692307 0.0673076923076923
0 0.07572115384615384 0.9639423076923077 0.1466346153846154 0.0673076923076923
0 0.25721153846153844 0.7956730769230769 0.07692307692307693 0.08173076923076923
0 0.33533653846153844 0.8112980769230769 0.06971153846153846 0.040865384615384616
0 0.41947115384615385 0.8137019230769231 0.09375 0.0985576923076923
0 0.36778846153846156 0.7728365384615384 0.0673076923076923 0.0889423076923077
0 0.2980769230769231 0.7463942307692307 0.07211538461538461 0.10336538461538461
0 0.3485576923076923 0.6670673076923077 0.08173076923076923 0.12259615384615384
0 0.41586538461538464 0.71875 0.08653846153846154 0.09134615384615384
0 0.4230769230769231 0.6442307692307693 0.07692307692307693 0.0673076923076923
0 0.37259615384615385 0.5817307692307693 0.125 0.1201923076923077
0 0.40024038461538464 0.5216346153846154 0.1466346153846154 0.13942307692307693
0 0.3245192307692308 0.5769230769230769 0.07692307692307693 0.0673076923076923
0 0.2668269230769231 0.5588942307692307 0.07211538461538461 0.10336538461538461
0 0.2860576923076923 0.6274038461538461 0.07692307692307693 0.1346153846153846
0 0.21634615384615385 0.7487980769230769 0.1201923076923077 0.18028846153846154
0 0.18389423076923078 0.7836538461538461 0.06009615384615385 0.12980769230769232
0 0.15625 0.7115384615384616 0.057692307692307696 0.08653846153846154
0 0.1875 0.6622596153846154 0.09134615384615384 0.10336538461538461
0 0.19230769230769232 0.5769230769230769 0.11538461538461539 0.07692307692307693
0 0.11057692307692307 0.6057692307692307 0.13942307692307693 0.20673076923076922
0 0.0625 0.5805288461538461 0.0673076923076923 0.10336538461538461
0 0.040865384615384616 0.7055288461538461 0.07692307692307693 0.11778846153846154
0 0.1141826923076923 0.7692307692307693 0.09375 0.14903846153846154
0 0.046875 0.7932692307692307 0.07932692307692307 0.09615384615384616
0 0.03125 0.12620192307692307 0.057692307692307696 0.23798076923076922
0 0.11658653846153846 0.14182692307692307 0.07932692307692307 0.08173076923076923
0 0.16105769230769232 0.1778846153846154 0.0625 0.07211538461538461
0 0.18389423076923078 0.22115384615384615 0.06009615384615385 0.0673076923076923
0 0.21995192307692307 0.25961538461538464 0.06490384615384616 0.08173076923076923
0 0.25961538461538464 0.29086538461538464 0.04326923076923077 0.0625
0 0.2127403846153846 0.30649038461538464 0.036057692307692304 0.03125
0 0.16346153846153846 0.27884615384615385 0.057692307692307696 0.07692307692307693
0 0.13341346153846154 0.24158653846153846 0.04567307692307692 0.04567307692307692
0 0.0985576923076923 0.20552884615384615 0.052884615384615384 0.055288461538461536
0 0.11658653846153846 0.2932692307692308 0.06490384615384616 0.04807692307692308
0 0.06971153846153846 0.2764423076923077 0.0673076923076923 0.07211538461538461
0 0.4411057692307692 0.08774038461538461 0.1658653846153846 0.17067307692307693
0 0.4110576923076923 0.22716346153846154 0.1201923076923077 0.16105769230769232
0 0.31490384615384615 0.24278846153846154 0.125 0.14903846153846154
0 0.34375 0.09495192307692307 0.11057692307692307 0.15625
0 0.24158653846153846 0.14783653846153846 0.10817307692307693 0.17548076923076922
0 0.6081730769230769 0.08774038461538461 0.09134615384615384 0.0985576923076923
0 0.6742788461538461 0.19110576923076922 0.06971153846153846 0.12740384615384615
0 0.6694711538461539 0.27884615384615385 0.0889423076923077 0.07692307692307693
0 0.6165865384615384 0.18028846153846154 0.06009615384615385 0.07692307692307693
0 0.5588942307692307 0.15745192307692307 0.06009615384615385 0.12259615384615384
0 0.5793269230769231 0.234375 0.10096153846153846 0.1658653846153846
0 0.6237980769230769 0.2704326923076923 0.055288461538461536 0.09375
0 0.7536057692307693 0.28125 0.0889423076923077 0.08173076923076923
0 0.8173076923076923 0.28125 0.07692307692307693 0.08173076923076923
0 0.7800480769230769 0.22956730769230768 0.06490384615384616 0.06009615384615385
0 0.75 0.18870192307692307 0.08173076923076923 0.10336538461538461
0 0.7475961538461539 0.09014423076923077 0.07692307692307693 0.11298076923076923
0 0.6814903846153846 0.10336538461538461 0.055288461538461536 0.057692307692307696
0 0.8617788461538461 0.09735576923076923 0.0889423076923077 0.10817307692307693
0 0.9182692307692307 0.1778846153846154 0.11538461538461539 0.125
0 0.9098557692307693 0.26802884615384615 0.10817307692307693 0.0985576923076923
0 0.8377403846153846 0.203125 0.06490384615384616 0.09375
0 0.8052884615384616 0.14783653846153846 0.057692307692307696 0.10336538461538461
