0 0.9375 0.7980769230769231 0.125 0.1875
0 0.5396634615384616 0.8197115384615384 0.31971153846153844 0.1971153846153846
0 0.7019230769230769 0.8088942307692307 0.13942307692307693 0.2091346153846154
0 0.7199519230769231 0.6622596153846154 0.24278846153846154 0.25240384615384615
0 0.8245192307692307 0.8197115384615384 0.125 0.125
0 0.39903846153846156 0.7295673076923077 0.1778846153846154 0.15625
0 0.34615384615384615 0.7091346153846154 0.23076923076923078 0.2403846153846154
0 0.1310096153846154 0.5132211538461539 0.20432692307692307 0.18509615384615385
0 0.1971153846153846 0.5757211538461539 0.18269230769230768 0.16105769230769232
0 0.41947115384615385 0.359375 0.3870192307692308 0.2668269230769231
0 0.29086538461538464 0.3401442307692308 0.07211538461538461 0.0985576923076923
0 0.38221153846153844 0.17307692307692307 0.24519230769230768 0.17307692307692307
0 0.1502403846153846 0.1935096153846154 0.0889423076923077 0.06971153846153846
0 0.5901442307692307 0.24158653846153846 0.15144230769230768 0.09375
0 0.6838942307692307 0.13341346153846154 0.0889423076923077 0.09375
0 0.8954326923076923 0.1935096153846154 0.20432692307692307 0.0985576923076923
0 0.9110576923076923 0.3557692307692308 0.17307692307692307 0.2548076923076923
0 0.7439903846153846 0.3161057692307692 0.08413461538461539 0.13701923076923078
0 0.7848557692307693 0.3954326923076923 0.0985576923076923 0.07451923076923077
0 0.53125 0.6153846153846154 0.27403846153846156 0.23076923076923078
0 0.5396634615384616 0.3557692307692308 0.6947115384615384 0.44711538461538464
0 0.8930288461538461 0.1466346153846154 0.10336538461538461 0.07692307692307693
0 0.8365384615384616 0.49158653846153844 0.28846153846153844 0.2860576923076923
0 0.5132211538461539 0.49158653846153844 0.96875 0.84375
