0 0.18990384615384615 0.8930288461538461 0.16826923076923078 0.21394230769230768
0 0.6009615384615384 0.84375 0.6778846153846154 0.3125
0 0.9362980769230769 0.8810096153846154 0.12740384615384615 0.23798076923076922
0 0.8605769230769231 0.6129807692307693 0.27884615384615385 0.2932692307692308
0 0.5168269230769231 0.5168269230769231 0.4855769230769231 0.3701923076923077
0 0.19230769230769232 0.5600961538461539 0.18269230769230768 0.3605769230769231
0 0.21875 0.7283653846153846 0.24519230769230768 0.15384615384615385
0 0.20432692307692307 0.33653846153846156 0.20192307692307693 0.21634615384615385
0 0.40625 0.16826923076923078 0.4951923076923077 0.3269230769230769
0 0.7896634615384616 0.2860576923076923 0.4206730769230769 0.38461538461538464
0 0.6646634615384616 0.06610576923076923 0.43509615384615385 0.12740384615384615
0 0.9411057692307693 0.046875 0.11778846153846154 0.0889423076923077
0 0.16105769230769232 0.025240384615384616 0.11057692307692307 0.04567307692307692
0 0.12740384615384615 0.14182692307692307 0.0625 0.1875
0 0.5492788461538461 0.5024038461538461 0.9014423076923077 1.0
