0 0.9242788461538461 0.15144230769230768 0.1466346153846154 0.1778846153846154
0 0.9158653846153846 0.04567307692307692 0.16346153846153846 0.08173076923076923
0 0.7764423076923077 0.109375 0.21634615384615385 0.15144230769230768
0 0.71875 0.0829326923076923 0.2548076923076923 0.15144230769230768
0 0.5168269230769231 0.15144230769230768 0.21634615384615385 0.18269230769230768
0 0.5036057692307693 0.03365384615384615 0.2091346153846154 0.057692307692307696
0 0.3701923076923077 0.12139423076923077 0.20192307692307693 0.13701923076923078
0 0.3245192307692308 0.056490384615384616 0.20192307692307693 0.0985576923076923
0 0.9134615384615384 0.30288461538461536 0.16826923076923078 0.14423076923076922
0 0.8221153846153846 0.21875 0.15865384615384615 0.07211538461538461
0 0.7259615384615384 0.3161057692307692 0.22596153846153846 0.15144230769230768
0 0.7067307692307693 0.2091346153846154 0.23076923076923078 0.09615384615384616
0 0.5745192307692307 0.26802884615384615 0.10096153846153846 0.04567307692307692
0 0.41586538461538464 0.25961538461538464 0.21634615384615385 0.1346153846153846
0 0.3245192307692308 0.20432692307692307 0.125 0.08173076923076923
0 0.17908653846153846 0.10096153846153846 0.18028846153846154 0.1201923076923077
0 0.17548076923076922 0.026442307692307692 0.10576923076923077 0.038461538461538464
0 0.07932692307692307 0.051682692307692304 0.15384615384615385 0.09375
0 0.04807692307692308 0.17548076923076922 0.09134615384615384 0.15384615384615385
0 0.14423076923076922 0.20552884615384615 0.21634615384615385 0.13701923076923078
0 0.21995192307692307 0.30288461538461536 0.17548076923076922 0.12980769230769232
0 0.125 0.3557692307692308 0.15384615384615385 0.08653846153846154
0 0.07091346153846154 0.33774038461538464 0.13701923076923078 0.16105769230769232
0 0.09615384615384616 0.4362980769230769 0.16346153846153846 0.10817307692307693
0 0.3137019230769231 0.3701923076923077 0.27163461538461536 0.12980769230769232
0 0.5360576923076923 0.3918269230769231 0.28846153846153844 0.19230769230769232
0 0.7572115384615384 0.40384615384615385 0.12980769230769232 0.04807692307692308
0 0.8677884615384616 0.46875 0.25961538461538464 0.1971153846153846
0 0.8846153846153846 0.6730769230769231 0.22596153846153846 0.20192307692307693
0 0.7596153846153846 0.609375 0.21634615384615385 0.13701923076923078
0 0.6778846153846154 0.5096153846153846 0.22115384615384615 0.16346153846153846
0 0.5360576923076923 0.5408653846153846 0.1201923076923077 0.10096153846153846
0 0.33653846153846156 0.49759615384615385 0.35096153846153844 0.1971153846153846
0 0.17548076923076922 0.4807692307692308 0.09615384615384616 0.1346153846153846
0 0.10697115384615384 0.5600961538461539 0.2091346153846154 0.13942307692307693
0 0.7944711538461539 0.7620192307692307 0.30528846153846156 0.18269230769230768
0 0.9314903846153846 0.9170673076923077 0.13221153846153846 0.1658653846153846
0 0.96875 0.8004807692307693 0.057692307692307696 0.0673076923076923
0 0.9483173076923077 0.9471153846153846 0.0985576923076923 0.10576923076923077
0 0.8329326923076923 0.9435096153846154 0.13701923076923078 0.11298076923076923
0 0.8473557692307693 0.8966346153846154 0.14182692307692307 0.11538461538461539
0 0.7379807692307693 0.9675480769230769 0.08173076923076923 0.06490384615384616
0 0.6586538461538461 0.9338942307692307 0.2548076923076923 0.13221153846153846
0 0.41466346153846156 0.8846153846153846 0.27163461538461536 0.16826923076923078
0 0.5192307692307693 0.7536057692307693 0.2644230769230769 0.17548076923076922
0 0.5625 0.6394230769230769 0.21634615384615385 0.09615384615384616
0 0.42908653846153844 0.6009615384615384 0.14182692307692307 0.0673076923076923
0 0.24759615384615385 0.5985576923076923 0.09615384615384616 0.07211538461538461
0 0.31971153846153844 0.6899038461538461 0.28365384615384615 0.18269230769230768
0 0.3425480769230769 0.8004807692307693 0.11298076923076923 0.04807692307692308
0 0.24759615384615385 0.9278846153846154 0.08653846153846154 0.07211538461538461
0 0.3173076923076923 0.9723557692307693 0.19230769230769232 0.055288461538461536
0 0.47475961538461536 0.9819711538461539 0.13221153846153846 0.036057692307692304
0 0.6418269230769231 0.8521634615384616 0.15865384615384615 0.08413461538461539
0 0.18629807692307693 0.9867788461538461 0.0985576923076923 0.026442307692307692
0 0.1045673076923077 0.9375 0.20432692307692307 0.125
0 0.16105769230769232 0.8028846153846154 0.23557692307692307 0.18269230769230768
0 0.12379807692307693 0.6790865384615384 0.14182692307692307 0.12259615384615384
0 0.05048076923076923 0.75 0.09615384615384616 0.2403846153846154
