0 0.7379807692307693 0.5697115384615384 0.0673076923076923 0.07692307692307693
0 0.9182692307692307 0.7872596153846154 0.0673076923076923 0.11778846153846154
0 0.7439903846153846 0.7487980769230769 0.036057692307692304 0.09375
0 0.7451923076923077 0.6550480769230769 0.07692307692307693 0.09375
0 0.6670673076923077 0.5697115384615384 0.07451923076923077 0.07692307692307693
0 0.6346153846153846 0.5072115384615384 0.052884615384615384 0.07692307692307693
0 0.6370192307692307 0.4375 0.04807692307692308 0.052884615384615384
0 0.6742788461538461 0.6550480769230769 0.06490384615384616 0.09375
0 0.6478365384615384 0.7091346153846154 0.036057692307692304 0.057692307692307696
0 0.6766826923076923 0.8040865384615384 0.055288461538461536 0.16105769230769232
0 0.6262019230769231 0.6322115384615384 0.06490384615384616 0.08653846153846154
0 0.5997596153846154 0.21754807692307693 0.04567307692307692 0.0985576923076923
0 0.5588942307692307 0.19591346153846154 0.03125 0.09375
0 0.4951923076923077 0.1814903846153846 0.04326923076923077 0.055288461538461536
0 0.4675480769230769 0.07211538461538461 0.04567307692307692 0.08653846153846154
0 0.48677884615384615 0.3076923076923077 0.05048076923076923 0.0625
0 0.5060096153846154 0.3449519230769231 0.026442307692307692 0.040865384615384616
0 0.5252403846153846 0.38341346153846156 0.05048076923076923 0.055288461538461536
0 0.5600961538461539 0.47475961538461536 0.03365384615384615 0.09375
0 0.5144230769230769 0.4326923076923077 0.04807692307692308 0.07211538461538461
0 0.47475961538461536 0.375 0.04567307692307692 0.0625
0 0.43990384615384615 0.4266826923076923 0.038461538461538464 0.08413461538461539
0 0.4639423076923077 0.453125 0.04807692307692308 0.10336538461538461
0 0.4639423076923077 0.5336538461538461 0.04807692307692308 0.0673076923076923
0 0.49038461538461536 0.5649038461538461 0.04807692307692308 0.07692307692307693
0 0.5228365384615384 0.5180288461538461 0.06490384615384616 0.0889423076923077
0 0.5240384615384616 0.6237980769230769 0.052884615384615384 0.09375
0 0.46875 0.6141826923076923 0.057692307692307696 0.09375
0 0.3112980769230769 0.30528846153846156 0.05048076923076923 0.08653846153846154
0 0.30649038461538464 0.21634615384615385 0.040865384615384616 0.0625
0 0.25600961538461536 0.13221153846153846 0.04567307692307692 0.08173076923076923
0 0.2247596153846154 0.17908653846153846 0.04567307692307692 0.08413461538461539
0 0.2668269230769231 0.22235576923076922 0.038461538461538464 0.04567307692307692
0 0.2668269230769231 0.2668269230769231 0.038461538461538464 0.0625
0 0.2512019230769231 0.3269230769230769 0.04567307692307692 0.0673076923076923
0 0.296875 0.39903846153846156 0.055288461538461536 0.07692307692307693
0 0.30649038461538464 0.46875 0.040865384615384616 0.08173076923076923
0 0.2800480769230769 0.5384615384615384 0.036057692307692304 0.08653846153846154
0 0.2512019230769231 0.5372596153846154 0.03125 0.09375
0 0.25 0.4098557692307692 0.04807692307692308 0.0985576923076923
0 0.18269230769230768 0.33533653846153844 0.038461538461538464 0.10336538461538461
0 0.19951923076923078 0.27163461538461536 0.04326923076923077 0.07211538461538461
