0 0.0889423076923077 0.06009615384615385 0.15865384615384615 0.10576923076923077
0 0.234375 0.054086538461538464 0.13221153846153846 0.09375
0 0.40384615384615385 0.046875 0.1201923076923077 0.07932692307692307
0 0.36177884615384615 0.06490384615384616 0.06009615384615385 0.04326923076923077
0 0.5661057692307693 0.04567307692307692 0.17067307692307693 0.07692307692307693
0 0.4519230769230769 0.07572115384615384 0.07211538461538461 0.036057692307692304
0 0.38221153846153844 0.10096153846153846 0.0673076923076923 0.028846153846153848
0 0.32211538461538464 0.08533653846153846 0.04326923076923077 0.05048076923076923
0 0.27403846153846156 0.09375 0.028846153846153848 0.028846153846153848
0 0.30288461538461536 0.14302884615384615 0.04807692307692308 0.036057692307692304
0 0.1971153846153846 0.15384615384615385 0.18269230769230768 0.09615384615384616
0 0.15745192307692307 0.22115384615384615 0.17548076923076922 0.1201923076923077
0 0.6850961538461539 0.026442307692307692 0.0673076923076923 0.038461538461538464
0 0.8317307692307693 0.06490384615384616 0.3173076923076923 0.11538461538461539
0 0.6658653846153846 0.08413461538461539 0.08173076923076923 0.0673076923076923
0 0.5985576923076923 0.10096153846153846 0.08173076923076923 0.057692307692307696
0 0.6514423076923077 0.12980769230769232 0.07692307692307693 0.04326923076923077
0 0.5985576923076923 0.17548076923076922 0.07211538461538461 0.10096153846153846
0 0.5817307692307693 0.19110576923076922 0.038461538461538464 0.036057692307692304
0 0.5120192307692307 0.21995192307692307 0.15865384615384615 0.12259615384615384
0 0.4423076923076923 0.13581730769230768 0.07692307692307693 0.06490384615384616
0 0.5168269230769231 0.11057692307692307 0.07211538461538461 0.0625
0 0.39663461538461536 0.1466346153846154 0.08173076923076923 0.052884615384615384
0 0.40384615384615385 0.19230769230769232 0.0673076923076923 0.04807692307692308
0 0.3269230769230769 0.16105769230769232 0.07692307692307693 0.11057692307692307
0 0.7235576923076923 0.18269230769230768 0.23076923076923078 0.15865384615384615
0 0.8509615384615384 0.16105769230769232 0.08173076923076923 0.07692307692307693
0 0.90625 0.15865384615384615 0.11538461538461539 0.12980769230769232
0 0.8786057692307693 0.2548076923076923 0.09375 0.07692307692307693
0 0.9519230769230769 0.25 0.04807692307692308 0.038461538461538464
0 0.9651442307692307 0.25961538461538464 0.06971153846153846 0.038461538461538464
0 0.9975961538461539 0.22235576923076922 0.009615384615384616 0.036057692307692304
0 0.9290865384615384 0.12139423076923077 0.14182692307692307 0.23317307692307693
0 0.75 0.265625 0.0673076923076923 0.05048076923076923
0 0.7992788461538461 0.23677884615384615 0.055288461538461536 0.036057692307692304
0 0.7259615384615384 0.2776442307692308 0.15865384615384615 0.09375
0 0.6129807692307693 0.26322115384615385 0.07692307692307693 0.05048076923076923
0 0.5805288461538461 0.3269230769230769 0.2091346153846154 0.10096153846153846
0 0.6646634615384616 0.3557692307692308 0.06009615384615385 0.04326923076923077
0 0.5552884615384616 0.3485576923076923 0.04807692307692308 0.038461538461538464
0 0.5637019230769231 0.40384615384615385 0.0985576923076923 0.07211538461538461
0 0.47836538461538464 0.40865384615384615 0.10576923076923077 0.0673076923076923
0 0.4230769230769231 0.34134615384615385 0.125 0.09134615384615384
0 0.36899038461538464 0.3016826923076923 0.06009615384615385 0.036057692307692304
0 0.3605769230769231 0.375 0.0673076923076923 0.04326923076923077
0 0.3245192307692308 0.34134615384615385 0.07211538461538461 0.04326923076923077
0 0.4014423076923077 0.41346153846153844 0.11538461538461539 0.057692307692307696
0 0.23076923076923078 0.34975961538461536 0.10576923076923077 0.07932692307692307
0 0.7596153846153846 0.40384615384615385 0.11538461538461539 0.14423076923076922
0 0.7067307692307693 0.4879807692307692 0.04326923076923077 0.038461538461538464
0 0.7391826923076923 0.49278846153846156 0.021634615384615384 0.03365384615384615
0 0.7259615384615384 0.5144230769230769 0.028846153846153848 0.02403846153846154
0 0.875 0.39663461538461536 0.20192307692307693 0.12980769230769232
0 0.7920673076923077 0.30528846153846156 0.13701923076923078 0.07692307692307693
0 0.8317307692307693 0.5 0.16346153846153846 0.10096153846153846
0 0.8004807692307693 0.6430288461538461 0.35096153846153844 0.25240384615384615
0 0.9543269230769231 0.5721153846153846 0.07692307692307693 0.09615384615384616
0 0.9591346153846154 0.5096153846153846 0.08653846153846154 0.08173076923076923
0 0.9591346153846154 0.4579326923076923 0.08173076923076923 0.040865384615384616
0 0.9819711538461539 0.40384615384615385 0.036057692307692304 0.08173076923076923
0 0.9399038461538461 0.29927884615384615 0.125 0.12259615384615384
0 0.984375 0.6213942307692307 0.03125 0.09375
0 0.9350961538461539 0.7788461538461539 0.12980769230769232 0.2403846153846154
0 0.8605769230769231 0.890625 0.27884615384615385 0.21875
0 0.7716346153846154 0.9230769230769231 0.21153846153846154 0.15384615384615385
0 0.7427884615384616 0.9879807692307693 0.17307692307692307 0.02403846153846154
0 0.5300480769230769 0.9663461538461539 0.24278846153846154 0.0673076923076923
0 0.6454326923076923 0.9014423076923077 0.2860576923076923 0.12980769230769232
0 0.8028846153846154 0.8954326923076923 0.14903846153846154 0.11298076923076923
0 0.5961538461538461 0.7764423076923077 0.1201923076923077 0.10576923076923077
0 0.5396634615384616 0.8293269230769231 0.13701923076923078 0.057692307692307696
0 0.47596153846153844 0.7307692307692307 0.1201923076923077 0.13942307692307693
0 0.5348557692307693 0.6923076923076923 0.17548076923076922 0.12980769230769232
0 0.6682692307692307 0.7800480769230769 0.1201923076923077 0.13701923076923078
0 0.7512019230769231 0.7872596153846154 0.0985576923076923 0.08413461538461539
0 0.29086538461538464 0.7596153846153846 0.3798076923076923 0.2980769230769231
0 0.13701923076923078 0.7199519230769231 0.15865384615384615 0.13221153846153846
0 0.27163461538461536 0.7908653846153846 0.08653846153846154 0.057692307692307696
0 0.265625 0.8737980769230769 0.25240384615384615 0.18028846153846154
0 0.052884615384615384 0.8557692307692307 0.08653846153846154 0.09134615384615384
0 0.02403846153846154 0.6935096153846154 0.03365384615384615 0.09375
0 0.14543269230769232 0.5817307692307693 0.0985576923076923 0.07211538461538461
0 0.39663461538461536 0.25841346153846156 0.22596153846153846 0.09375
0 0.15625 0.35096153846153844 0.2980769230769231 0.5096153846153846
0 0.052884615384615384 0.5637019230769231 0.08653846153846154 0.19471153846153846
0 0.45072115384615385 0.9879807692307693 0.07451923076923077 0.02403846153846154
0 0.1875 0.9723557692307693 0.36538461538461536 0.055288461538461536
0 0.1201923076923077 0.90625 0.22596153846153846 0.1201923076923077
