0 0.828125 0.7415865384615384 0.2620192307692308 0.33413461538461536
0 0.6009615384615384 0.5540865384615384 0.2548076923076923 0.3293269230769231
0 0.7920673076923077 0.5048076923076923 0.1658653846153846 0.19230769230769232
0 0.5612980769230769 0.8473557692307693 0.24278846153846154 0.25721153846153844
0 0.3870192307692308 0.6826923076923077 0.21153846153846154 0.2692307692307692
0 0.421875 0.4795673076923077 0.12740384615384615 0.18028846153846154
0 0.2800480769230769 0.515625 0.16105769230769232 0.23317307692307693
0 0.203125 0.6694711538461539 0.17067307692307693 0.25240384615384615
0 0.5649038461538461 0.3557692307692308 0.1201923076923077 0.12980769230769232
0 0.7127403846153846 0.3269230769230769 0.2091346153846154 0.21634615384615385
0 0.8365384615384616 0.38341346153846156 0.0625 0.09375
0 0.35336538461538464 0.35336538461538464 0.3076923076923077 0.22596153846153846
0 0.23557692307692307 0.21875 0.10576923076923077 0.14423076923076922
0 0.30528846153846156 0.16466346153846154 0.10096153846153846 0.16105769230769232
0 0.3894230769230769 0.12379807692307693 0.07692307692307693 0.11778846153846154
0 0.41346153846153844 0.2776442307692308 0.09615384615384616 0.11778846153846154
0 0.5036057692307693 0.23677884615384615 0.0889423076923077 0.12740384615384615
0 0.6057692307692307 0.23317307692307693 0.11538461538461539 0.14903846153846154
0 0.6298076923076923 0.1658653846153846 0.07211538461538461 0.0673076923076923
0 0.5685096153846154 0.14182692307692307 0.07932692307692307 0.09134615384615384
0 0.49038461538461536 0.12379807692307693 0.0673076923076923 0.0889423076923077
0 0.4338942307692308 0.0625 0.0889423076923077 0.0673076923076923
0 0.12620192307692307 0.21754807692307693 0.16105769230769232 0.17067307692307693
0 0.5637019230769231 0.1622596153846154 0.7620192307692307 0.31971153846153844
0 0.6947115384615384 0.11057692307692307 0.2932692307692308 0.20673076923076922
0 0.33533653846153844 0.4182692307692308 0.6658653846153846 0.75
