0 0.9399038461538461 0.7632211538461539 0.03365384615384615 0.1466346153846154
0 0.953125 0.8329326923076923 0.04567307692307692 0.1466346153846154
0 0.9831730769230769 0.8341346153846154 0.009615384615384616 0.09615384615384616
0 0.9026442307692307 0.7680288461538461 0.040865384615384616 0.17548076923076922
0 0.9278846153846154 0.8942307692307693 0.04807692307692308 0.16346153846153846
0 0.9615384615384616 0.9519230769230769 0.038461538461538464 0.08653846153846154
0 0.9915865384615384 0.9326923076923077 0.016826923076923076 0.08653846153846154
0 0.8954326923076923 0.9375 0.03125 0.09615384615384616
0 0.7235576923076923 0.1814903846153846 0.13942307692307693 0.3581730769230769
0 0.734375 0.4110576923076923 0.07932692307692307 0.17307692307692307
0 0.7475961538461539 0.5588942307692307 0.09615384615384616 0.3485576923076923
0 0.7824519230769231 0.75 0.06971153846153846 0.24519230769230768
0 0.7800480769230769 0.9170673076923077 0.06490384615384616 0.15625
0 0.7067307692307693 0.8762019230769231 0.08173076923076923 0.23317307692307693
0 0.7283653846153846 0.7764423076923077 0.0625 0.13942307692307693
0 0.6610576923076923 0.5985576923076923 0.07692307692307693 0.32211538461538464
0 0.6045673076923077 0.7463942307692307 0.07932692307692307 0.2860576923076923
0 0.6514423076923077 0.8329326923076923 0.052884615384615384 0.23317307692307693
0 0.65625 0.9543269230769231 0.03365384615384615 0.07692307692307693
0 0.6045673076923077 0.49759615384615385 0.08413461538461539 0.24519230769230768
0 0.6418269230769231 0.22355769230769232 0.052884615384615384 0.42788461538461536
0 0.6742788461538461 0.328125 0.03125 0.23317307692307693
0 0.5913461538461539 0.24158653846153846 0.09615384615384616 0.37259615384615385
0 0.5384615384615384 0.037259615384615384 0.08653846153846154 0.06971153846153846
0 0.4963942307692308 0.15865384615384615 0.09375 0.3125
0 0.5144230769230769 0.4519230769230769 0.09615384615384616 0.32211538461538464
0 0.5048076923076923 0.7584134615384616 0.11057692307692307 0.38221153846153844
0 0.4891826923076923 0.9735576923076923 0.04567307692307692 0.04326923076923077
0 0.5733173076923077 0.9326923076923077 0.09375 0.1201923076923077
0 0.4014423076923077 0.7776442307692307 0.11057692307692307 0.43509615384615385
0 0.4110576923076923 0.2980769230769231 0.09615384615384616 0.5913461538461539
0 0.38100961538461536 0.30288461538461536 0.07451923076923077 0.6009615384615384
0 0.27283653846153844 0.6105769230769231 0.06971153846153846 0.5913461538461539
0 0.2608173076923077 0.9194711538461539 0.0889423076923077 0.1466346153846154
0 0.15745192307692307 0.9627403846153846 0.05048076923076923 0.06009615384615385
0 0.17067307692307693 0.8557692307692307 0.09615384615384616 0.27884615384615385
0 0.19951923076923078 0.6646634615384616 0.07692307692307693 0.2091346153846154
0 0.10697115384615384 0.7475961538461539 0.08413461538461539 0.32211538461538464
0 0.09014423076923077 0.9387019230769231 0.04567307692307692 0.11298076923076923
0 0.04807692307692308 0.9326923076923077 0.038461538461538464 0.10576923076923077
0 0.26802884615384615 0.2980769230769231 0.0889423076923077 0.4519230769230769
0 0.2644230769230769 0.12860576923076922 0.08653846153846154 0.25240384615384615
0 0.019230769230769232 0.20673076923076922 0.03365384615384615 0.40865384615384615
0 0.018028846153846152 0.45552884615384615 0.03125 0.31490384615384615
0 0.1346153846153846 0.010817307692307692 0.1971153846153846 0.016826923076923076
0 0.8762019230769231 0.3762019230769231 0.12740384615384615 0.7475961538461539
0 0.9663461538461539 0.20673076923076922 0.0673076923076923 0.40865384615384615
0 0.90625 0.055288461538461536 0.052884615384615384 0.10576923076923077
4 0.8305288461538461 0.4987980769230769 0.10336538461538461 0.9927884615384616
4 0.3245192307692308 0.4987980769230769 0.028846153846153848 0.9927884615384616
4 0.3701923076923077 0.9759615384615384 0.09615384615384616 0.03365384615384615
