0 0.5564903846153846 0.07451923076923077 0.05048076923076923 0.052884615384615384
0 0.6237980769230769 0.125 0.04567307692307692 0.0673076923076923
0 0.6274038461538461 0.18269230769230768 0.04807692307692308 0.052884615384615384
0 0.6706730769230769 0.21514423076923078 0.038461538461538464 0.10336538461538461
0 0.7223557692307693 0.19110576923076922 0.06490384615384616 0.055288461538461536
0 0.7295673076923077 0.21634615384615385 0.03125 0.07692307692307693
0 0.7992788461538461 0.20072115384615385 0.05048076923076923 0.055288461538461536
0 0.8353365384615384 0.23677884615384615 0.05048076923076923 0.0889423076923077
0 0.8617788461538461 0.30408653846153844 0.06490384615384616 0.0985576923076923
0 0.8978365384615384 0.38221153846153844 0.06009615384615385 0.0673076923076923
0 0.42427884615384615 0.11057692307692307 0.06971153846153846 0.08173076923076923
0 0.4651442307692308 0.1310096153846154 0.09375 0.10336538461538461
0 0.5084134615384616 0.15504807692307693 0.055288461538461536 0.10817307692307693
0 0.36899038461538464 0.12860576923076922 0.055288461538461536 0.11778846153846154
0 0.7415865384615384 0.5432692307692307 0.07451923076923077 0.09134615384615384
0 0.8737980769230769 0.5985576923076923 0.05048076923076923 0.0673076923076923
0 0.45552884615384615 0.734375 0.040865384615384616 0.05048076923076923
0 0.5721153846153846 0.7524038461538461 0.10576923076923077 0.1201923076923077
0 0.6742788461538461 0.7331730769230769 0.06971153846153846 0.13942307692307693
0 0.7235576923076923 0.7908653846153846 0.09615384615384616 0.09134615384615384
0 0.7331730769230769 0.8509615384615384 0.1778846153846154 0.14903846153846154
0 0.24759615384615385 0.7524038461538461 0.07211538461538461 0.19230769230769232
0 0.3173076923076923 0.8353365384615384 0.08173076923076923 0.12740384615384615
0 0.375 0.75 0.11057692307692307 0.14423076923076922
0 0.41346153846153844 0.8197115384615384 0.08173076923076923 0.15865384615384615
0 0.4699519230769231 0.8317307692307693 0.06971153846153846 0.125
0 0.4963942307692308 0.8774038461538461 0.06971153846153846 0.13942307692307693
0 0.10576923076923077 0.6298076923076923 0.09615384615384616 0.13942307692307693
0 0.1814903846153846 0.7223557692307693 0.06490384615384616 0.17067307692307693
0 0.5540865384615384 0.20552884615384615 0.71875 0.30528846153846156
0 0.5324519230769231 0.48677884615384615 0.7956730769230769 0.3389423076923077
0 0.5084134615384616 0.6514423076923077 0.9110576923076923 0.4326923076923077
