0 0.7776442307692307 0.7512019230769231 0.30528846153846156 0.31490384615384615
0 0.96875 0.8485576923076923 0.0625 0.1201923076923077
0 0.921875 0.7512019230769231 0.15625 0.31490384615384615
0 0.5480769230769231 0.8064903846153846 0.16346153846153846 0.19471153846153846
0 0.3641826923076923 0.7908653846153846 0.25721153846153844 0.23557692307692307
0 0.13341346153846154 0.8377403846153846 0.23798076923076922 0.14182692307692307
0 0.7572115384615384 0.5360576923076923 0.1875 0.25
0 0.9182692307692307 0.453125 0.15865384615384615 0.3245192307692308
0 0.7668269230769231 0.2403846153846154 0.25961538461538464 0.35096153846153844
0 0.8497596153846154 0.12860576923076922 0.2283653846153846 0.25240384615384615
0 0.5504807692307693 0.5276442307692307 0.28846153846153844 0.37740384615384615
0 0.5432692307692307 0.29086538461538464 0.27403846153846156 0.2932692307692308
0 0.6177884615384616 0.07572115384615384 0.28846153846153844 0.1466346153846154
0 0.37259615384615385 0.11538461538461539 0.20192307692307693 0.22596153846153846
0 0.29447115384615385 0.35096153846153844 0.24759615384615385 0.3076923076923077
0 0.32211538461538464 0.6334134615384616 0.1971153846153846 0.25721153846153844
0 0.12620192307692307 0.6069711538461539 0.24759615384615385 0.31971153846153844
0 0.015625 0.7536057692307693 0.026442307692307692 0.19471153846153846
0 0.11057692307692307 0.4423076923076923 0.21634615384615385 0.2932692307692308
0 0.22716346153846154 0.3004807692307692 0.0985576923076923 0.10576923076923077
0 0.19831730769230768 0.13942307692307693 0.2283653846153846 0.27403846153846156
0 0.08774038461538461 0.20673076923076922 0.17067307692307693 0.40865384615384615
0 0.5012019230769231 0.45913461538461536 0.9975961538461539 0.9134615384615384
