0 0.49158653846153844 0.31490384615384615 0.25240384615384615 0.3269230769230769
0 0.5913461538461539 0.41346153846153844 0.18269230769230768 0.28365384615384615
0 0.5276442307692307 0.5697115384615384 0.15625 0.23557692307692307
0 0.40024038461538464 0.7115384615384616 0.14182692307692307 0.15865384615384615
0 0.421875 0.8100961538461539 0.28125 0.32211538461538464
0 0.3317307692307692 0.3173076923076923 0.23076923076923078 0.23557692307692307
0 0.3605769230769231 0.49038461538461536 0.052884615384615384 0.11057692307692307
0 0.40865384615384615 0.5240384615384616 0.04807692307692308 0.08173076923076923
0 0.5144230769230769 0.8040865384615384 0.20673076923076922 0.25721153846153844
0 0.5348557692307693 0.8365384615384616 0.15625 0.21153846153846154
0 0.5600961538461539 0.8774038461538461 0.14903846153846154 0.2403846153846154
0 0.5829326923076923 0.8990384615384616 0.12740384615384615 0.1971153846153846
0 0.5721153846153846 0.9783653846153846 0.038461538461538464 0.038461538461538464
0 0.6442307692307693 0.9038461538461539 0.04807692307692308 0.07692307692307693
0 0.6478365384615384 0.9735576923076923 0.05048076923076923 0.04807692307692308
0 0.6875 0.9423076923076923 0.04807692307692308 0.07692307692307693
0 0.7019230769230769 0.8822115384615384 0.057692307692307696 0.07692307692307693
0 0.6586538461538461 0.84375 0.04326923076923077 0.0673076923076923
0 0.7692307692307693 0.9110576923076923 0.0625 0.07692307692307693
0 0.7427884615384616 0.9639423076923077 0.052884615384615384 0.0673076923076923
0 0.8064903846153846 0.9567307692307693 0.06490384615384616 0.08173076923076923
0 0.875 0.8810096153846154 0.08173076923076923 0.18028846153846154
0 0.8774038461538461 0.9891826923076923 0.07692307692307693 0.016826923076923076
0 0.9483173076923077 0.9098557692307693 0.10336538461538461 0.17548076923076922
0 0.40625 0.1658653846153846 0.057692307692307696 0.0673076923076923
0 0.47115384615384615 0.14182692307692307 0.04326923076923077 0.08173076923076923
0 0.4423076923076923 0.0985576923076923 0.04807692307692308 0.08173076923076923
0 0.3918269230769231 0.03365384615384615 0.052884615384615384 0.057692307692307696
0 0.4495192307692308 0.03125 0.038461538461538464 0.052884615384615384
0 0.47836538461538464 0.057692307692307696 0.028846153846153848 0.07692307692307693
0 0.7620192307692307 0.27283653846153844 0.28846153846153844 0.37740384615384615
0 0.7620192307692307 0.6622596153846154 0.28846153846153844 0.4206730769230769
0 0.9459134615384616 0.7331730769230769 0.10817307692307693 0.25
0 0.9519230769230769 0.41466346153846156 0.09615384615384616 0.36778846153846156
0 0.8822115384615384 0.1201923076923077 0.23557692307692307 0.23076923076923078
0 0.6286057692307693 0.09735576923076923 0.2860576923076923 0.18509615384615385
