0 0.4375 0.5769230769230769 0.19230769230769232 0.24519230769230768
0 0.6045673076923077 0.671875 0.17548076923076922 0.21394230769230768
0 0.7704326923076923 0.5432692307692307 0.19471153846153846 0.24519230769230768
0 0.8846153846153846 0.3858173076923077 0.15865384615384615 0.2091346153846154
0 0.6021634615384616 0.4423076923076923 0.19471153846153846 0.23557692307692307
0 0.7331730769230769 0.33653846153846156 0.14903846153846154 0.1778846153846154
0 0.7403846153846154 0.16826923076923078 0.14423076923076922 0.16826923076923078
0 0.5913461538461539 0.21754807692307693 0.1778846153846154 0.21875
0 0.43028846153846156 0.3317307692307692 0.20192307692307693 0.25961538461538464
0 0.4326923076923077 0.1466346153846154 0.18269230769230768 0.12980769230769232
0 0.2548076923076923 0.20432692307692307 0.21153846153846154 0.24519230769230768
0 0.12740384615384615 0.36899038461538464 0.17307692307692307 0.21394230769230768
0 0.27884615384615385 0.47115384615384615 0.1778846153846154 0.2403846153846154
0 0.12259615384615384 0.6033653846153846 0.19230769230769232 0.2548076923076923
0 0.2932692307692308 0.7091346153846154 0.19230769230769232 0.2403846153846154
0 0.46033653846153844 0.8016826923076923 0.17548076923076922 0.22355769230769232
0 0.6334134615384616 0.8918269230769231 0.2091346153846154 0.21634615384615385
0 0.7560096153846154 0.7524038461538461 0.15144230769230768 0.17307692307692307
0 0.32211538461538464 0.9134615384615384 0.15865384615384615 0.1778846153846154
0 0.15625 0.8569711538461539 0.1778846153846154 0.21394230769230768
0 0.47596153846153844 0.9555288461538461 0.21634615384615385 0.0889423076923077
