0 0.5649038461538461 0.18990384615384615 0.07692307692307693 0.11057692307692307
0 0.24639423076923078 0.8858173076923077 0.07451923076923077 0.13701923076923078
0 0.2548076923076923 0.7644230769230769 0.057692307692307696 0.09134615384615384
0 0.3137019230769231 0.8100961538461539 0.08413461538461539 0.125
0 0.3858173076923077 0.8173076923076923 0.06971153846153846 0.08653846153846154
0 0.3762019230769231 0.7379807692307693 0.0985576923076923 0.08173076923076923
0 0.3798076923076923 0.6586538461538461 0.09134615384615384 0.11057692307692307
0 0.296875 0.6622596153846154 0.06490384615384616 0.10336538461538461
0 0.24519230769230768 0.6778846153846154 0.03365384615384615 0.07211538461538461
0 0.20793269230769232 0.6610576923076923 0.055288461538461536 0.09134615384615384
0 0.17427884615384615 0.6971153846153846 0.05048076923076923 0.08653846153846154
0 0.15144230769230768 0.5997596153846154 0.08173076923076923 0.10817307692307693
0 0.21875 0.5709134615384616 0.052884615384615384 0.0985576923076923
0 0.1658653846153846 0.4855769230769231 0.09615384615384616 0.125
0 0.1622596153846154 0.3701923076923077 0.08413461538461539 0.1201923076923077
0 0.22115384615384615 0.32572115384615385 0.08173076923076923 0.14182692307692307
0 0.24639423076923078 0.38221153846153844 0.07451923076923077 0.15865384615384615
0 0.2860576923076923 0.40625 0.08173076923076923 0.12980769230769232
0 0.3004807692307692 0.31009615384615385 0.0625 0.08653846153846154
0 0.3581730769230769 0.3713942307692308 0.08653846153846154 0.13701923076923078
0 0.4326923076923077 0.28725961538461536 0.08173076923076923 0.14182692307692307
0 0.36658653846153844 0.26322115384615385 0.07451923076923077 0.10336538461538461
0 0.4110576923076923 0.5576923076923077 0.09134615384615384 0.125
0 0.33413461538461536 0.5576923076923077 0.08653846153846154 0.125
0 0.27524038461538464 0.5408653846153846 0.05048076923076923 0.11538461538461539
0 0.3293269230769231 0.4651442307692308 0.07211538461538461 0.06009615384615385
0 0.45913461538461536 0.6634615384615384 0.0673076923076923 0.1201923076923077
0 0.4579326923076923 0.5817307692307693 0.05048076923076923 0.07692307692307693
0 0.4879807692307692 0.49278846153846156 0.09134615384615384 0.11538461538461539
0 0.5048076923076923 0.37259615384615385 0.08653846153846154 0.125
0 0.4735576923076923 0.2932692307692308 0.02403846153846154 0.08653846153846154
0 0.42908653846153844 0.43028846153846156 0.08413461538461539 0.12980769230769232
