0 0.8581730769230769 0.8112980769230769 0.28365384615384615 0.37259615384615385
0 0.8581730769230769 0.5673076923076923 0.23557692307692307 0.23076923076923078
0 0.75 0.3713942307692308 0.25961538461538464 0.23317307692307693
0 0.6033653846153846 0.6322115384615384 0.3269230769230769 0.4326923076923077
0 0.5396634615384616 0.9122596153846154 0.31490384615384615 0.17067307692307693
0 0.3245192307692308 0.7668269230769231 0.28365384615384615 0.3605769230769231
0 0.3762019230769231 0.5132211538461539 0.1658653846153846 0.2283653846153846
0 0.3629807692307692 0.4074519230769231 0.28365384615384615 0.25240384615384615
0 0.5625 0.36778846153846156 0.16346153846153846 0.16346153846153846
0 0.19831730769230768 0.5336538461538461 0.20432692307692307 0.28846153846153844
0 0.10336538461538461 0.7475961538461539 0.19230769230769232 0.33653846153846156
0 0.6081730769230769 0.21995192307692307 0.15865384615384615 0.18509615384615385
0 0.6346153846153846 0.2091346153846154 0.1201923076923077 0.1971153846153846
0 0.49038461538461536 0.23197115384615385 0.10576923076923077 0.18028846153846154
0 0.5192307692307693 0.15865384615384615 0.0625 0.07211538461538461
0 0.3870192307692308 0.2860576923076923 0.10576923076923077 0.14423076923076922
0 0.9098557692307693 0.41225961538461536 0.09375 0.0985576923076923
0 0.0889423076923077 0.3918269230769231 0.15865384615384615 0.21153846153846154
0 0.18629807692307693 0.21995192307692307 0.12740384615384615 0.17548076923076922
0 0.25 0.15144230769230768 0.13942307692307693 0.20673076923076922
0 0.35096153846153844 0.09975961538461539 0.10096153846153846 0.12259615384615384
0 0.4723557692307692 0.078125 0.12740384615384615 0.10817307692307693
0 0.3016826923076923 0.3581730769230769 0.5985576923076923 0.7115384615384616
