0 0.8581730769230769 0.18990384615384615 0.24519230769230768 0.2644230769230769
0 0.9675480769230769 0.1466346153846154 0.06490384615384616 0.1875
0 0.9483173076923077 0.03125 0.10336538461538461 0.052884615384615384
0 0.8016826923076923 0.037259615384615384 0.2620192307692308 0.06490384615384616
0 0.6394230769230769 0.1045673076923077 0.20673076923076922 0.17067307692307693
0 0.7199519230769231 0.27163461538461536 0.10817307692307693 0.1875
0 0.484375 0.12980769230769232 0.09375 0.1201923076923077
0 0.3004807692307692 0.09975961538461539 0.25961538461538464 0.18990384615384615
0 0.43509615384615385 0.042067307692307696 0.10576923076923077 0.07451923076923077
0 0.5721153846153846 0.03365384615384615 0.21634615384615385 0.057692307692307696
0 0.38461538461538464 0.1658653846153846 0.1778846153846154 0.20192307692307693
0 0.3016826923076923 0.29447115384615385 0.18509615384615385 0.17548076923076922
0 0.4891826923076923 0.2668269230769231 0.19951923076923078 0.1875
0 0.6237980769230769 0.1875 0.18509615384615385 0.20192307692307693
0 0.6730769230769231 0.3161057692307692 0.15865384615384615 0.0985576923076923
0 0.71875 0.41947115384615385 0.23557692307692307 0.2091346153846154
0 0.9086538461538461 0.5853365384615384 0.15384615384615385 0.25240384615384615
0 0.7427884615384616 0.6165865384615384 0.21634615384615385 0.28125
0 0.8173076923076923 0.8197115384615384 0.23076923076923078 0.3125
0 0.5985576923076923 0.8629807692307693 0.22115384615384615 0.2692307692307692
0 0.625 0.6646634615384616 0.057692307692307696 0.17067307692307693
0 0.5865384615384616 0.5480769230769231 0.15384615384615385 0.2980769230769231
0 0.5745192307692307 0.34375 0.09615384615384616 0.15384615384615385
0 0.46033653846153844 0.4831730769230769 0.18509615384615385 0.25961538461538464
0 0.4495192307692308 0.7427884615384616 0.2692307692307692 0.27884615384615385
0 0.24519230769230768 0.6923076923076923 0.2403846153846154 0.27884615384615385
0 0.3629807692307692 0.5432692307692307 0.09134615384615384 0.25961538461538464
0 0.29927884615384615 0.43149038461538464 0.18509615384615385 0.2764423076923077
0 0.12740384615384615 0.5108173076923077 0.1778846153846154 0.3245192307692308
