0 0.09975961538461539 0.09375 0.18028846153846154 0.17307692307692307
0 0.21153846153846154 0.11658653846153846 0.12980769230769232 0.12740384615384615
0 0.1201923076923077 0.22596153846153846 0.125 0.125
0 0.0625 0.28725961538461536 0.052884615384615384 0.06490384615384616
0 0.17307692307692307 0.3076923076923077 0.07692307692307693 0.038461538461538464
0 0.1201923076923077 0.3004807692307692 0.04807692307692308 0.04326923076923077
0 0.26322115384615385 0.49278846153846156 0.06009615384615385 0.16346153846153846
0 0.21394230769230768 0.43990384615384615 0.08173076923076923 0.17307692307692307
0 0.15144230769230768 0.5096153846153846 0.08653846153846154 0.12980769230769232
0 0.08173076923076923 0.5877403846153846 0.09134615384615384 0.24278846153846154
0 0.03365384615384615 0.37259615384615385 0.04807692307692308 0.3894230769230769
0 0.21875 0.6201923076923077 0.16826923076923078 0.09615384615384616
0 0.21394230769230768 0.7043269230769231 0.16826923076923078 0.125
0 0.2764423076923077 0.5240384615384616 0.052884615384615384 0.08653846153846154
0 0.2512019230769231 0.47836538461538464 0.06009615384615385 0.10576923076923077
0 0.3449519230769231 0.2548076923076923 0.22355769230769232 0.0625
0 0.38341346153846156 0.1875 0.13701923076923078 0.22596153846153846
0 0.46274038461538464 0.0985576923076923 0.14182692307692307 0.18269230769230768
0 0.6310096153846154 0.1778846153846154 0.14182692307692307 0.15865384615384615
0 0.5733173076923077 0.14182692307692307 0.10336538461538461 0.10096153846153846
0 0.6117788461538461 0.08774038461538461 0.10336538461538461 0.05048076923076923
0 0.5817307692307693 0.040865384615384616 0.052884615384615384 0.052884615384615384
0 0.5985576923076923 0.22596153846153846 0.052884615384615384 0.038461538461538464
0 0.5432692307692307 0.20192307692307693 0.04326923076923077 0.04807692307692308
0 0.4831730769230769 0.1971153846153846 0.052884615384615384 0.052884615384615384
0 0.5096153846153846 0.23918269230769232 0.07211538461538461 0.036057692307692304
0 0.5721153846153846 0.2860576923076923 0.04326923076923077 0.04326923076923077
0 0.5745192307692307 0.24519230769230768 0.04807692307692308 0.052884615384615384
0 0.6153846153846154 0.25961538461538464 0.052884615384615384 0.038461538461538464
0 0.6286057692307693 0.3016826923076923 0.06009615384615385 0.05048076923076923
0 0.5841346153846154 0.31971153846153844 0.038461538461538464 0.014423076923076924
0 0.5793269230769231 0.3449519230769231 0.028846153846153848 0.036057692307692304
0 0.5132211538461539 0.29086538461538464 0.06009615384615385 0.04326923076923077
0 0.5336538461538461 0.33653846153846156 0.07692307692307693 0.057692307692307696
0 0.47836538461538464 0.35216346153846156 0.0673076923076923 0.05048076923076923
0 0.453125 0.3004807692307692 0.06009615384615385 0.04326923076923077
0 0.10096153846153846 0.7836538461538461 0.12980769230769232 0.10096153846153846
0 0.06009615384615385 0.7415865384615384 0.04807692307692308 0.036057692307692304
0 0.04567307692307692 0.78125 0.052884615384615384 0.04326923076923077
0 0.19230769230769232 0.8125 0.038461538461538464 0.052884615384615384
0 0.16466346153846154 0.8810096153846154 0.13701923076923078 0.0985576923076923
0 0.07932692307692307 0.9026442307692307 0.14423076923076922 0.19471153846153846
0 0.18990384615384615 0.9603365384615384 0.07692307692307693 0.055288461538461536
0 0.2848557692307692 0.9350961538461539 0.22355769230769232 0.12980769230769232
0 0.4567307692307692 0.8822115384615384 0.3269230769230769 0.23557692307692307
0 0.5600961538461539 0.7692307692307693 0.07692307692307693 0.07692307692307693
0 0.47596153846153844 0.7091346153846154 0.11538461538461539 0.07692307692307693
0 0.27283653846153844 0.7235576923076923 0.22355769230769232 0.15865384615384615
0 0.39903846153846156 0.5084134615384616 0.20192307692307693 0.24759615384615385
0 0.3545673076923077 0.3317307692307692 0.18028846153846154 0.09134615384615384
0 0.3918269230769231 0.3737980769230769 0.04326923076923077 0.036057692307692304
0 0.25721153846153844 0.12740384615384615 0.15865384615384615 0.22596153846153846
0 0.46153846153846156 0.5396634615384616 0.08653846153846154 0.0985576923076923
0 0.59375 0.96875 0.0625 0.0625
0 0.5733173076923077 0.6634615384615384 0.10336538461538461 0.1201923076923077
0 0.5985576923076923 0.5492788461538461 0.1201923076923077 0.11298076923076923
0 0.5576923076923077 0.49278846153846156 0.08173076923076923 0.04807692307692308
0 0.5300480769230769 0.43509615384615385 0.13701923076923078 0.0673076923076923
0 0.49759615384615385 0.47596153846153844 0.07211538461538461 0.09615384615384616
0 0.6153846153846154 0.3894230769230769 0.08653846153846154 0.04326923076923077
0 0.6658653846153846 0.40865384615384615 0.08173076923076923 0.0625
0 0.71875 0.4110576923076923 0.07692307692307693 0.0625
0 0.6778846153846154 0.3004807692307692 0.08173076923076923 0.07211538461538461
0 0.6634615384615384 0.25841346153846156 0.07692307692307693 0.036057692307692304
0 0.7403846153846154 0.2620192307692308 0.08653846153846154 0.038461538461538464
0 0.7451923076923077 0.203125 0.08653846153846154 0.06490384615384616
0 0.7548076923076923 0.14783653846153846 0.09134615384615384 0.05048076923076923
0 0.7992788461538461 0.1201923076923077 0.06009615384615385 0.052884615384615384
0 0.8004807692307693 0.06490384615384616 0.0673076923076923 0.057692307692307696
0 0.7103365384615384 0.078125 0.22355769230769232 0.14182692307692307
0 0.7463942307692307 0.9350961538461539 0.2620192307692308 0.12980769230769232
0 0.7067307692307693 0.9278846153846154 0.08653846153846154 0.052884615384615384
0 0.7139423076923077 0.8834134615384616 0.07692307692307693 0.05048076923076923
0 0.7896634615384616 0.8425480769230769 0.14182692307692307 0.10336538461538461
0 0.75 0.7007211538461539 0.20192307692307693 0.20432692307692307
0 0.6466346153846154 0.7860576923076923 0.1201923076923077 0.09134615384615384
0 0.6850961538461539 0.8473557692307693 0.0673076923076923 0.036057692307692304
0 0.6346153846153846 0.8401442307692307 0.038461538461538464 0.036057692307692304
0 0.6322115384615384 0.7151442307692307 0.08653846153846154 0.06490384615384616
0 0.6802884615384616 0.6658653846153846 0.03365384615384615 0.028846153846153848
0 0.6454326923076923 0.6730769230769231 0.06009615384615385 0.02403846153846154
0 0.6622596153846154 0.6274038461538461 0.10336538461538461 0.04326923076923077
0 0.6971153846153846 0.6081730769230769 0.052884615384615384 0.03365384615384615
0 0.6550480769230769 0.5841346153846154 0.06009615384615385 0.04326923076923077
0 0.6826923076923077 0.5288461538461539 0.07211538461538461 0.0673076923076923
0 0.6610576923076923 0.47115384615384615 0.16826923076923078 0.07211538461538461
0 0.6598557692307693 0.3473557692307692 0.14182692307692307 0.05048076923076923
0 0.7548076923076923 0.31009615384615385 0.08173076923076923 0.04807692307692308
0 0.8918269230769231 0.6742788461538461 0.08173076923076923 0.06971153846153846
0 0.8966346153846154 0.6201923076923077 0.07211538461538461 0.04807692307692308
0 0.8233173076923077 0.6009615384615384 0.0985576923076923 0.0673076923076923
0 0.8581730769230769 0.5576923076923077 0.09134615384615384 0.052884615384615384
0 0.8954326923076923 0.734375 0.06009615384615385 0.05048076923076923
0 0.8822115384615384 0.7956730769230769 0.0673076923076923 0.057692307692307696
0 0.9158653846153846 0.6682692307692307 0.11057692307692307 0.28365384615384615
0 0.9759615384615384 0.6766826923076923 0.052884615384615384 0.08413461538461539
0 0.9507211538461539 0.8365384615384616 0.06009615384615385 0.07211538461538461
0 0.9266826923076923 0.8942307692307693 0.1466346153846154 0.11538461538461539
0 0.9447115384615384 0.9759615384615384 0.09134615384615384 0.052884615384615384
0 0.9975961538461539 0.84375 0.009615384615384616 0.04326923076923077
0 0.9867788461538461 0.7728365384615384 0.026442307692307692 0.07451923076923077
0 0.9903846153846154 0.6237980769230769 0.019230769230769232 0.026442307692307692
0 0.9759615384615384 0.5949519230769231 0.04807692307692308 0.05048076923076923
0 0.9663461538461539 0.5336538461538461 0.04807692307692308 0.057692307692307696
0 0.7259615384615384 0.5348557692307693 0.08173076923076923 0.08413461538461539
0 0.7439903846153846 0.5733173076923077 0.06009615384615385 0.05048076923076923
0 0.6935096153846154 0.53125 0.06009615384615385 0.052884615384615384
0 0.8040865384615384 0.5144230769230769 0.10336538461538461 0.052884615384615384
0 0.8125 0.4579326923076923 0.08653846153846154 0.06490384615384616
0 0.7572115384615384 0.4639423076923077 0.0673076923076923 0.052884615384615384
0 0.8197115384615384 0.40865384615384615 0.07211538461538461 0.038461538461538464
0 0.8894230769230769 0.5060096153846154 0.052884615384615384 0.05048076923076923
0 0.9302884615384616 0.5 0.038461538461538464 0.04807692307692308
0 0.9711538461538461 0.47475961538461536 0.057692307692307696 0.04567307692307692
0 0.9795673076923077 0.4266826923076923 0.040865384615384616 0.06971153846153846
0 0.984375 0.36177884615384615 0.03125 0.055288461538461536
0 0.9927884615384616 0.32091346153846156 0.014423076923076924 0.026442307692307692
0 0.9867788461538461 0.27524038461538464 0.026442307692307692 0.055288461538461536
0 0.9867788461538461 0.2283653846153846 0.026442307692307692 0.03365384615384615
0 0.984375 0.19831730769230768 0.03125 0.016826923076923076
0 0.9819711538461539 0.1502403846153846 0.036057692307692304 0.07932692307692307
0 0.9326923076923077 0.036057692307692304 0.0673076923076923 0.04326923076923077
0 0.9495192307692307 0.08413461538461539 0.07692307692307693 0.04807692307692308
0 0.8966346153846154 0.10336538461538461 0.08173076923076923 0.052884615384615384
0 0.8725961538461539 0.03365384615384615 0.07692307692307693 0.052884615384615384
0 0.8509615384615384 0.0985576923076923 0.04326923076923077 0.057692307692307696
0 0.859375 0.052884615384615384 0.06009615384615385 0.04326923076923077
0 0.8389423076923077 0.13942307692307693 0.0673076923076923 0.0625
0 0.8966346153846154 0.14903846153846154 0.04807692307692308 0.028846153846153848
0 0.9447115384615384 0.1466346153846154 0.07211538461538461 0.0625
0 0.8966346153846154 0.21033653846153846 0.08173076923076923 0.06490384615384616
0 0.8497596153846154 0.1875 0.0985576923076923 0.038461538461538464
0 0.8088942307692307 0.23076923076923078 0.06009615384615385 0.038461538461538464
0 0.8557692307692307 0.23557692307692307 0.04326923076923077 0.04326923076923077
0 0.9110576923076923 0.26802884615384615 0.0673076923076923 0.05048076923076923
0 0.9423076923076923 0.23076923076923078 0.052884615384615384 0.038461538461538464
0 0.8173076923076923 0.27403846153846156 0.07692307692307693 0.038461538461538464
0 0.8581730769230769 0.29086538461538464 0.08173076923076923 0.04326923076923077
0 0.9194711538461539 0.3112980769230769 0.06009615384615385 0.05048076923076923
0 0.9591346153846154 0.2692307692307692 0.04326923076923077 0.038461538461538464
0 0.9302884615384616 0.37259615384615385 0.09134615384615384 0.07692307692307693
0 0.9158653846153846 0.44471153846153844 0.07692307692307693 0.0625
0 0.8798076923076923 0.4254807692307692 0.04807692307692308 0.052884615384615384
0 0.8653846153846154 0.3605769230769231 0.0673076923076923 0.052884615384615384
0 0.8149038461538461 0.3389423076923077 0.04807692307692308 0.04807692307692308
0 0.7620192307692307 0.38341346153846156 0.11057692307692307 0.08413461538461539
0 0.5024038461538461 0.5036057692307693 0.9951923076923077 0.9975961538461539
