0 0.6923076923076923 0.7463942307692307 0.6153846153846154 0.43509615384615385
0 0.3894230769230769 0.5793269230769231 0.28846153846153844 0.24519230769230768
0 0.3245192307692308 0.5456730769230769 0.28365384615384615 0.25
0 0.2932692307692308 0.47836538461538464 0.3076923076923077 0.23076923076923078
0 0.2704326923076923 0.40625 0.2956730769230769 0.1971153846153846
0 0.2620192307692308 0.31971153846153844 0.27884615384615385 0.1875
0 0.2644230769230769 0.22596153846153846 0.27403846153846156 0.14423076923076922
0 0.27403846153846156 0.14182692307692307 0.28846153846153844 0.11538461538461539
0 0.28966346153846156 0.09254807692307693 0.25721153846153844 0.14182692307692307
0 0.31490384615384615 0.03365384615384615 0.20673076923076922 0.052884615384615384
0 0.4326923076923077 0.03125 0.04807692307692308 0.04807692307692308
