0 0.9747596153846154 0.7103365384615384 0.05048076923076923 0.2620192307692308
0 0.9038461538461539 0.8882211538461539 0.19230769230769232 0.21875
0 0.7524038461538461 0.9783653846153846 0.11538461538461539 0.038461538461538464
0 0.8774038461538461 0.6286057692307693 0.19230769230769232 0.3004807692307692
0 0.75 0.8052884615384616 0.18269230769230768 0.3076923076923077
0 0.5985576923076923 0.8990384615384616 0.18269230769230768 0.19230769230769232
0 0.9519230769230769 0.38461538461538464 0.09615384615384616 0.33653846153846156
0 0.9026442307692307 0.14302884615384615 0.19471153846153846 0.2764423076923077
0 0.8016826923076923 0.35336538461538464 0.20432692307692307 0.33653846153846156
0 0.6682692307692307 0.5600961538461539 0.21153846153846154 0.3125
0 0.5228365384615384 0.6947115384615384 0.17548076923076922 0.3076923076923077
0 0.4387019230769231 0.9158653846153846 0.13701923076923078 0.16346153846153846
0 0.3173076923076923 0.9194711538461539 0.1201923076923077 0.15625
0 0.20072115384615385 0.8978365384615384 0.13701923076923078 0.19951923076923078
0 0.08413461538461539 0.9615384615384616 0.08653846153846154 0.0673076923076923
0 0.10096153846153846 0.7956730769230769 0.14423076923076922 0.25
0 0.04567307692307692 0.8942307692307693 0.08173076923076923 0.20673076923076922
0 0.038461538461538464 0.6490384615384616 0.07211538461538461 0.25961538461538464
0 0.1346153846153846 0.5300480769230769 0.15384615384615385 0.28125
0 0.23677884615384615 0.6682692307692307 0.14182692307692307 0.2692307692307692
0 0.36658653846153844 0.7283653846153846 0.14182692307692307 0.28846153846153844
0 0.05048076923076923 0.3942307692307692 0.09615384615384616 0.24519230769230768
0 0.02403846153846154 0.2091346153846154 0.04326923076923077 0.16346153846153846
0 0.057692307692307696 0.07572115384615384 0.11057692307692307 0.14182692307692307
0 0.1346153846153846 0.22716346153846154 0.15384615384615385 0.2620192307692308
0 0.24278846153846154 0.36778846153846156 0.16346153846153846 0.2692307692307692
0 0.35216346153846156 0.4495192307692308 0.17548076923076922 0.2548076923076923
0 0.5 0.39663461538461536 0.15865384615384615 0.27403846153846156
0 0.6346153846153846 0.23798076923076922 0.1778846153846154 0.3173076923076923
0 0.7439903846153846 0.07572115384615384 0.17067307692307693 0.14182692307692307
0 0.5420673076923077 0.08774038461538461 0.19951923076923078 0.1658653846153846
0 0.4230769230769231 0.18990384615384615 0.16826923076923078 0.27403846153846156
0 0.28966346153846156 0.12620192307692307 0.17548076923076922 0.24278846153846154
0 0.17427884615384615 0.06370192307692307 0.13701923076923078 0.11778846153846154
0 0.3894230769230769 0.028846153846153848 0.1201923076923077 0.04807692307692308
