0 0.17668269230769232 0.06971153846153846 0.2668269230769231 0.125
0 0.39663461538461536 0.040865384615384616 0.19230769230769232 0.0673076923076923
0 0.5552884615384616 0.10576923076923077 0.22115384615384615 0.1971153846153846
0 0.4182692307692308 0.23557692307692307 0.24519230769230768 0.2548076923076923
0 0.7451923076923077 0.06971153846153846 0.22115384615384615 0.125
0 0.8533653846153846 0.15985576923076922 0.21634615384615385 0.2091346153846154
0 0.6862980769230769 0.2644230769230769 0.2620192307692308 0.23076923076923078
0 0.5697115384615384 0.3894230769230769 0.23557692307692307 0.21153846153846154
0 0.6850961538461539 0.5036057692307693 0.18269230769230768 0.19951923076923078
0 0.8173076923076923 0.40384615384615385 0.23076923076923078 0.23076923076923078
0 0.9278846153846154 0.2932692307692308 0.14423076923076922 0.22115384615384615
0 0.9723557692307693 0.46634615384615385 0.055288461538461536 0.15865384615384615
0 0.90625 0.578125 0.18269230769230768 0.2091346153846154
0 0.7920673076923077 0.6634615384615384 0.2091346153846154 0.21634615384615385
0 0.8990384615384616 0.7896634615384616 0.20192307692307693 0.21394230769230768
0 0.7824519230769231 0.8918269230769231 0.28125 0.21634615384615385
0 0.6117788461538461 0.8485576923076923 0.25721153846153844 0.23557692307692307
0 0.6286057692307693 0.9699519230769231 0.17067307692307693 0.06009615384615385
0 0.42427884615384615 0.9495192307692307 0.24278846153846154 0.10096153846153846
0 0.3485576923076923 0.7680288461538461 0.22115384615384615 0.25721153846153844
0 0.15625 0.7764423076923077 0.2980769230769231 0.30288461538461536
0 0.11177884615384616 0.49399038461538464 0.2091346153846154 0.2620192307692308
0 0.1935096153846154 0.27163461538461536 0.2668269230769231 0.2548076923076923
0 0.5480769230769231 0.6201923076923077 0.27884615384615385 0.27403846153846156
0 0.35216346153846156 0.484375 0.2620192307692308 0.2620192307692308
0 0.17908653846153846 0.9435096153846154 0.29086538461538464 0.11298076923076923
