0 0.6947115384615384 0.7536057692307693 0.23076923076923078 0.3245192307692308
0 0.6538461538461539 0.4375 0.23557692307692307 0.33653846153846156
0 0.4855769230769231 0.6394230769230769 0.20673076923076922 0.28365384615384615
0 0.43028846153846156 0.34375 0.27403846153846156 0.3701923076923077
0 0.27403846153846156 0.5673076923076923 0.21153846153846154 0.2932692307692308
4 0.09134615384615384 0.5384615384615384 0.17307692307692307 0.6394230769230769
4 0.24158653846153846 0.29086538461538464 0.12740384615384615 0.2692307692307692
4 0.25 0.14543269230769232 0.13942307692307693 0.17067307692307693
4 0.38461538461538464 0.0985576923076923 0.12980769230769232 0.1201923076923077
4 0.5408653846153846 0.10697115384615384 0.1778846153846154 0.10336538461538461
4 0.7512019230769231 0.15264423076923078 0.24278846153846154 0.18509615384615385
4 0.28125 0.8461538461538461 0.21634615384615385 0.27403846153846156
4 0.4170673076923077 0.8870192307692307 0.3293269230769231 0.22596153846153846
4 0.7848557692307693 0.9495192307692307 0.41586538461538464 0.10096153846153846
4 0.9014423076923077 0.5673076923076923 0.19230769230769232 0.6538461538461539
4 0.5673076923076923 0.17067307692307693 0.125 0.02403846153846154
4 0.5817307692307693 0.20673076923076922 0.08653846153846154 0.04807692307692308
4 0.5913461538461539 0.24879807692307693 0.07211538461538461 0.036057692307692304
4 0.578125 0.2824519230769231 0.03125 0.040865384615384616
4 0.6105769230769231 0.27403846153846156 0.03365384615384615 0.014423076923076924
4 0.71875 0.2608173076923077 0.17307692307692307 0.03125
4 0.7860576923076923 0.44711538461538464 0.04326923076923077 0.34134615384615385
4 0.7451923076923077 0.296875 0.03365384615384615 0.03125
4 0.7487980769230769 0.5817307692307693 0.03125 0.04807692307692308
4 0.7896634615384616 0.6346153846153846 0.03125 0.02403846153846154
4 0.7884615384615384 0.8894230769230769 0.03365384615384615 0.052884615384615384
4 0.5925480769230769 0.8894230769230769 0.03125 0.052884615384615384
4 0.4014423076923077 0.7536057692307693 0.02403846153846154 0.036057692307692304
4 0.5612980769230769 0.7560096153846154 0.026442307692307692 0.03125
4 0.6045673076923077 0.6129807692307693 0.026442307692307692 0.02403846153846154
4 0.38461538461538464 0.5372596153846154 0.02403846153846154 0.036057692307692304
4 0.3629807692307692 0.6778846153846154 0.04326923076923077 0.052884615384615384
4 0.33653846153846156 0.17668269230769232 0.03365384615384615 0.036057692307692304
