0 0.6274038461538461 0.21394230769230768 0.20192307692307693 0.17307692307692307
0 0.765625 0.3004807692307692 0.25240384615384615 0.15865384615384615
0 0.7908653846153846 0.4230769230769231 0.2692307692307692 0.1875
0 0.7908653846153846 0.5817307692307693 0.20192307692307693 0.14423076923076922
0 0.7067307692307693 0.7211538461538461 0.23076923076923078 0.15384615384615385
0 0.5516826923076923 0.7307692307692307 0.2091346153846154 0.16826923076923078
0 0.5865384615384616 0.5817307692307693 0.22115384615384615 0.16826923076923078
0 0.5733173076923077 0.4230769230769231 0.25240384615384615 0.15865384615384615
0 0.5084134615384616 0.3389423076923077 0.2091346153846154 0.15384615384615385
0 0.3798076923076923 0.40625 0.125 0.11057692307692307
0 0.43149038461538464 0.4951923076923077 0.13221153846153846 0.13942307692307693
0 0.4254807692307692 0.6382211538461539 0.16346153846153846 0.14182692307692307
0 0.3088942307692308 0.5456730769230769 0.17067307692307693 0.14903846153846154
0 0.38221153846153844 0.27283653846153844 0.1971153846153846 0.15625
0 0.49038461538461536 0.22596153846153846 0.07211538461538461 0.10576923076923077
0 0.9375 0.4326923076923077 0.07692307692307693 0.1346153846153846
0 0.8329326923076923 0.6706730769230769 0.055288461538461536 0.04807692307692308
