0 0.38221153846153844 0.41346153846153844 0.18269230769230768 0.15384615384615385
0 0.33653846153846156 0.27884615384615385 0.21153846153846154 0.1778846153846154
0 0.46634615384615385 0.31971153846153844 0.057692307692307696 0.10576923076923077
0 0.47115384615384615 0.2403846153846154 0.057692307692307696 0.07692307692307693
0 0.42908653846153844 0.12139423076923077 0.14182692307692307 0.2091346153846154
0 0.25240384615384615 0.109375 0.22115384615384615 0.20432692307692307
0 0.20673076923076922 0.3125 0.16826923076923078 0.19230769230769232
0 0.0733173076923077 0.24759615384615385 0.14182692307692307 0.11538461538461539
0 0.10096153846153846 0.13221153846153846 0.1778846153846154 0.1971153846153846
0 0.6418269230769231 0.36778846153846156 0.23076923076923078 0.2403846153846154
0 0.6971153846153846 0.16826923076923078 0.22115384615384615 0.23076923076923078
0 0.8269230769230769 0.8149038461538461 0.34615384615384615 0.375
0 0.9206730769230769 0.5625 0.15384615384615385 0.22115384615384615
0 0.8810096153846154 0.3485576923076923 0.2091346153846154 0.21153846153846154
0 0.90625 0.17067307692307693 0.1875 0.21634615384615385
0 0.7692307692307693 0.5216346153846154 0.22596153846153846 0.21634615384615385
0 0.6442307692307693 0.6826923076923077 0.19230769230769232 0.1778846153846154
0 0.5552884615384616 0.5024038461538461 0.09615384615384616 0.23557692307692307
0 0.5961538461538461 0.8401442307692307 0.18269230769230768 0.19951923076923078
0 0.53125 0.7091346153846154 0.052884615384615384 0.15865384615384615
0 0.625 0.9519230769230769 0.21153846153846154 0.10096153846153846
0 0.3245192307692308 0.7043269230769231 0.04807692307692308 0.04326923076923077
0 0.3389423076923077 0.6634615384615384 0.038461538461538464 0.038461538461538464
0 0.35096153846153844 0.6310096153846154 0.038461538461538464 0.03125
0 0.3485576923076923 0.75 0.04326923076923077 0.04326923076923077
0 0.3449519230769231 0.7848557692307693 0.026442307692307692 0.036057692307692304
0 0.35096153846153844 0.8389423076923077 0.038461538461538464 0.052884615384615384
0 0.3641826923076923 0.8846153846153846 0.036057692307692304 0.038461538461538464
0 0.31850961538461536 0.8942307692307693 0.036057692307692304 0.038461538461538464
0 0.3088942307692308 0.9350961538461539 0.036057692307692304 0.038461538461538464
0 0.31850961538461536 0.8497596153846154 0.036057692307692304 0.03125
0 0.31009615384615385 0.8125 0.04326923076923077 0.04326923076923077
0 0.30408653846153844 0.7668269230769231 0.036057692307692304 0.04326923076923077
0 0.24639423076923078 0.9615384615384616 0.03125 0.04807692307692308
0 0.23317307692307693 0.9254807692307693 0.052884615384615384 0.04807692307692308
0 0.21875 0.8798076923076923 0.04807692307692308 0.04807692307692308
0 0.20192307692307693 0.8317307692307693 0.038461538461538464 0.04807692307692308
0 0.1778846153846154 0.7620192307692307 0.04807692307692308 0.04326923076923077
0 0.171875 0.7043269230769231 0.036057692307692304 0.04326923076923077
0 0.25600961538461536 0.7908653846153846 0.036057692307692304 0.04326923076923077
0 0.24519230769230768 0.7355769230769231 0.038461538461538464 0.04326923076923077
0 0.24278846153846154 0.7043269230769231 0.04326923076923077 0.04326923076923077
0 0.22115384615384615 0.6682692307692307 0.04326923076923077 0.038461538461538464
0 0.23076923076923078 0.6394230769230769 0.04326923076923077 0.052884615384615384
0 0.21514423076923078 0.6129807692307693 0.03125 0.057692307692307696
0 0.23076923076923078 0.5793269230769231 0.057692307692307696 0.057692307692307696
0 0.23197115384615385 0.5420673076923077 0.03125 0.03125
0 0.02403846153846154 0.8052884615384616 0.038461538461538464 0.04807692307692308
0 0.007211538461538462 0.7331730769230769 0.009615384615384616 0.038461538461538464
0 0.007211538461538462 0.6983173076923077 0.009615384615384616 0.03125
0 0.009615384615384616 0.6574519230769231 0.014423076923076924 0.036057692307692304
0 0.056490384615384616 0.9867788461538461 0.026442307692307692 0.021634615384615384
0 0.5805288461538461 0.15384615384615385 0.14182692307692307 0.2932692307692308
