0 0.1045673076923077 0.9014423076923077 0.1658653846153846 0.19230769230769232
0 0.020432692307692308 0.9326923076923077 0.026442307692307692 0.12980769230769232
0 0.06971153846153846 0.7704326923076923 0.125 0.18509615384615385
0 0.1778846153846154 0.6682692307692307 0.16346153846153846 0.23557692307692307
0 0.06850961538461539 0.609375 0.10817307692307693 0.17067307692307693
0 0.013221153846153846 0.640625 0.01201923076923077 0.11778846153846154
0 0.13341346153846154 0.4375 0.15144230769230768 0.21153846153846154
0 0.038461538461538464 0.46634615384615385 0.0625 0.15384615384615385
0 0.15865384615384615 0.24879807692307693 0.15865384615384615 0.17067307692307693
0 0.051682692307692304 0.3076923076923077 0.0889423076923077 0.21634615384615385
0 0.07211538461538461 0.09975961538461539 0.13942307692307693 0.18990384615384615
0 0.15264423076923078 0.1466346153846154 0.07451923076923077 0.0625
0 0.16346153846153846 0.08413461538461539 0.12980769230769232 0.15865384615384615
0 0.29086538461538464 0.04807692307692308 0.10576923076923077 0.08653846153846154
0 0.3004807692307692 0.1814903846153846 0.15384615384615385 0.18028846153846154
0 0.2548076923076923 0.3269230769230769 0.1201923076923077 0.14423076923076922
0 0.3088942307692308 0.4411057692307692 0.17548076923076922 0.17548076923076922
0 0.3629807692307692 0.6009615384615384 0.1778846153846154 0.22596153846153846
0 0.2512019230769231 0.9206730769230769 0.17548076923076922 0.15384615384615385
0 0.35336538461538464 0.8100961538461539 0.10096153846153846 0.1201923076923077
0 0.4891826923076923 0.78125 0.17067307692307693 0.20673076923076922
0 0.5072115384615384 0.9350961538461539 0.11057692307692307 0.125
0 0.38100961538461536 0.9098557692307693 0.17067307692307693 0.17548076923076922
0 0.6033653846153846 0.9350961538461539 0.1201923076923077 0.125
0 0.7355769230769231 0.8894230769230769 0.17307692307692307 0.21634615384615385
0 0.90625 0.9158653846153846 0.1778846153846154 0.16346153846153846
0 0.8497596153846154 0.7247596153846154 0.18509615384615385 0.23798076923076922
0 0.6971153846153846 0.7716346153846154 0.11538461538461539 0.1346153846153846
0 0.6153846153846154 0.7307692307692307 0.11057692307692307 0.1971153846153846
0 0.5048076923076923 0.6129807692307693 0.11538461538461539 0.13942307692307693
0 0.47475961538461536 0.5 0.1466346153846154 0.23076923076923078
0 0.6057692307692307 0.5360576923076923 0.12980769230769232 0.22115384615384615
0 0.7355769230769231 0.4963942307692308 0.15865384615384615 0.23317307692307693
0 0.7668269230769231 0.6442307692307693 0.11538461538461539 0.14903846153846154
0 0.8798076923076923 0.5360576923076923 0.13942307692307693 0.15865384615384615
0 0.9795673076923077 0.5516826923076923 0.040865384615384616 0.14182692307692307
0 0.9723557692307693 0.36899038461538464 0.055288461538461536 0.2283653846153846
0 0.875 0.38341346153846156 0.15384615384615385 0.24759615384615385
0 0.7007211538461539 0.3786057692307692 0.10817307692307693 0.11298076923076923
0 0.6153846153846154 0.29086538461538464 0.15865384615384615 0.22596153846153846
0 0.7151442307692307 0.23677884615384615 0.12740384615384615 0.18028846153846154
0 0.6346153846153846 0.0985576923076923 0.1346153846153846 0.15865384615384615
0 0.7704326923076923 0.14783653846153846 0.12740384615384615 0.18509615384615385
0 0.8930288461538461 0.17067307692307693 0.1658653846153846 0.20192307692307693
0 0.9831730769230769 0.16466346153846154 0.03365384615384615 0.18990384615384615
0 0.9819711538461539 0.046875 0.036057692307692304 0.08413461538461539
0 0.9158653846153846 0.021634615384615384 0.12980769230769232 0.03365384615384615
0 0.8125 0.055288461538461536 0.14903846153846154 0.10096153846153846
0 0.609375 0.021634615384615384 0.0985576923076923 0.03365384615384615
0 0.49278846153846156 0.04807692307692308 0.16346153846153846 0.08653846153846154
0 0.4014423076923077 0.14182692307692307 0.09615384615384616 0.15384615384615385
0 0.515625 0.17908653846153846 0.1658653846153846 0.18509615384615385
0 0.3798076923076923 0.30288461538461536 0.1201923076923077 0.16346153846153846
0 0.47115384615384615 0.31971153846153844 0.15865384615384615 0.13942307692307693
