0 0.5721153846153846 0.5805288461538461 0.7548076923076923 0.4543269230769231
0 0.5661057692307693 0.8846153846153846 0.41586538461538464 0.23076923076923078
0 0.5637019230769231 0.4855769230769231 0.3004807692307692 0.8125
0 0.7211538461538461 0.20192307692307693 0.5528846153846154 0.32211538461538464
0 0.25721153846153844 0.7620192307692307 0.4326923076923077 0.47596153846153844
0 0.27163461538461536 0.7091346153846154 0.3173076923076923 0.49038461538461536
0 0.22235576923076922 0.33052884615384615 0.43509615384615385 0.34375
0 0.06971153846153846 0.4519230769230769 0.12980769230769232 0.1778846153846154
0 0.4891826923076923 0.06850961538461539 0.43028846153846156 0.13221153846153846
0 0.2548076923076923 0.10817307692307693 0.3269230769230769 0.21153846153846154
0 0.08533653846153846 0.1466346153846154 0.16105769230769232 0.17307692307692307
