0 0.6490384615384616 0.8641826923076923 0.09615384615384616 0.06971153846153846
0 0.5144230769230769 0.8197115384615384 0.1971153846153846 0.15865384615384615
0 0.24158653846153846 0.7548076923076923 0.39663461538461536 0.25961538461538464
0 0.16105769230769232 0.6045673076923077 0.28365384615384615 0.20432692307692307
0 0.09134615384615384 0.5637019230769231 0.17307692307692307 0.15144230769230768
0 0.3245192307692308 0.6622596153846154 0.12980769230769232 0.10817307692307693
0 0.39903846153846156 0.6947115384615384 0.125 0.09134615384615384
0 0.5264423076923077 0.6923076923076923 0.13942307692307693 0.10576923076923077
0 0.4375 0.7512019230769231 0.0673076923076923 0.026442307692307692
0 0.6658653846153846 0.7956730769230769 0.09615384615384616 0.057692307692307696
0 0.7427884615384616 0.8173076923076923 0.09615384615384616 0.08653846153846154
0 0.6730769230769231 0.7379807692307693 0.125 0.0673076923076923
0 0.6430288461538461 0.6947115384615384 0.10336538461538461 0.10096153846153846
0 0.7608173076923077 0.7091346153846154 0.11298076923076923 0.08653846153846154
0 0.8413461538461539 0.7367788461538461 0.13942307692307693 0.10817307692307693
0 0.8173076923076923 0.6490384615384616 0.09134615384615384 0.08173076923076923
0 0.7403846153846154 0.6394230769230769 0.125 0.09134615384615384
0 0.625 0.6081730769230769 0.1201923076923077 0.08653846153846154
0 0.46634615384615385 0.5769230769230769 0.27884615384615385 0.14423076923076922
0 0.31490384615384615 0.515625 0.20192307692307693 0.1466346153846154
0 0.13942307692307693 0.47115384615384615 0.21153846153846154 0.052884615384615384
0 0.15625 0.3894230769230769 0.30288461538461536 0.125
0 0.13942307692307693 0.34375 0.19230769230769232 0.09615384615384616
0 0.14182692307692307 0.27403846153846156 0.07211538461538461 0.0673076923076923
0 0.15625 0.23197115384615385 0.014423076923076924 0.05048076923076923
0 0.23798076923076922 0.2403846153846154 0.13942307692307693 0.17307692307692307
0 0.3581730769230769 0.2932692307692308 0.1971153846153846 0.15384615384615385
0 0.3918269230769231 0.1346153846153846 0.23076923076923078 0.16826923076923078
0 0.5012019230769231 0.21634615384615385 0.17067307692307693 0.1346153846153846
0 0.6009615384615384 0.12740384615384615 0.16346153846153846 0.11538461538461539
0 0.7151442307692307 0.19951923076923078 0.25721153846153844 0.19230769230769232
0 0.8353365384615384 0.3581730769230769 0.24278846153846154 0.16826923076923078
0 0.9459134615384616 0.4519230769230769 0.10336538461538461 0.07692307692307693
0 0.9302884615384616 0.53125 0.1346153846153846 0.08653846153846154
0 0.8004807692307693 0.5600961538461539 0.12980769230769232 0.125
0 0.6850961538461539 0.5588942307692307 0.09615384615384616 0.06971153846153846
0 0.7043269230769231 0.4963942307692308 0.09134615384615384 0.06971153846153846
0 0.7560096153846154 0.4567307692307692 0.10336538461538461 0.07211538461538461
0 0.8509615384615384 0.46875 0.08653846153846154 0.0673076923076923
0 0.6995192307692307 0.3942307692307692 0.0625 0.07211538461538461
0 0.6442307692307693 0.4326923076923077 0.08653846153846154 0.0673076923076923
0 0.6682692307692307 0.3245192307692308 0.08173076923076923 0.07211538461538461
0 0.5985576923076923 0.27403846153846156 0.057692307692307696 0.04326923076923077
0 0.6165865384615384 0.3629807692307692 0.11298076923076923 0.07692307692307693
0 0.5673076923076923 0.40625 0.057692307692307696 0.07211538461538461
0 0.625 0.49278846153846156 0.057692307692307696 0.04807692307692308
0 0.5745192307692307 0.5168269230769231 0.052884615384615384 0.04807692307692308
0 0.5673076923076923 0.47115384615384615 0.04807692307692308 0.04807692307692308
0 0.5456730769230769 0.3004807692307692 0.04807692307692308 0.038461538461538464
0 0.47836538461538464 0.30528846153846156 0.052884615384615384 0.04326923076923077
0 0.5192307692307693 0.3389423076923077 0.052884615384615384 0.0625
0 0.47716346153846156 0.3641826923076923 0.040865384615384616 0.05048076923076923
0 0.4675480769230769 0.3918269230769231 0.040865384615384616 0.03365384615384615
0 0.3894230769230769 0.41586538461538464 0.08173076923076923 0.052884615384615384
0 0.45072115384615385 0.4326923076923077 0.040865384615384616 0.04326923076923077
0 0.4326923076923077 0.47836538461538464 0.09615384615384616 0.0625
0 0.4987980769230769 0.4423076923076923 0.040865384615384616 0.057692307692307696
0 0.5192307692307693 0.4963942307692308 0.052884615384615384 0.05048076923076923
0 0.5252403846153846 0.3954326923076923 0.036057692307692304 0.05048076923076923
0 0.3125 0.40865384615384615 0.07211538461538461 0.052884615384615384
