0 0.15264423076923078 0.27403846153846156 0.2860576923076923 0.2644230769230769
0 0.16466346153846154 0.0889423076923077 0.31009615384615385 0.16826923076923078
0 0.4699519230769231 0.1466346153846154 0.3629807692307692 0.24519230769230768
0 0.4230769230769231 0.016826923076923076 0.22115384615384615 0.02403846153846154
0 0.7512019230769231 0.24519230769230768 0.31490384615384615 0.19230769230769232
0 0.8641826923076923 0.08533653846153846 0.27163461538461536 0.16105769230769232
0 0.9567307692307693 0.23197115384615385 0.08653846153846154 0.16105769230769232
0 0.9014423076923077 0.3605769230769231 0.16826923076923078 0.1346153846153846
0 0.7764423076923077 0.3918269230769231 0.1778846153846154 0.11538461538461539
0 0.5336538461538461 0.3389423076923077 0.22596153846153846 0.10576923076923077
0 0.35216346153846156 0.3173076923076923 0.13701923076923078 0.125
0 0.3004807692307692 0.25240384615384615 0.14423076923076922 0.057692307692307696
0 0.8762019230769231 0.47596153846153844 0.16105769230769232 0.10576923076923077
0 0.9627403846153846 0.45552884615384615 0.07451923076923077 0.0889423076923077
0 0.9831730769230769 0.5096153846153846 0.03365384615384615 0.0625
0 0.9771634615384616 0.36778846153846156 0.04567307692307692 0.09615384615384616
0 0.7103365384615384 0.4807692307692308 0.18990384615384615 0.10096153846153846
0 0.6129807692307693 0.4206730769230769 0.17307692307692307 0.11538461538461539
0 0.4879807692307692 0.5120192307692307 0.23076923076923078 0.125
0 0.4254807692307692 0.44471153846153844 0.20192307692307693 0.12980769230769232
0 0.25 0.4807692307692308 0.2692307692307692 0.14423076923076922
0 0.1045673076923077 0.42788461538461536 0.18990384615384615 0.08173076923076923
0 0.10216346153846154 0.5252403846153846 0.18509615384615385 0.10336538461538461
0 0.036057692307692304 0.4831730769230769 0.052884615384615384 0.08173076923076923
0 0.3870192307692308 0.5841346153846154 0.2692307692307692 0.11057692307692307
0 0.1658653846153846 0.5793269230769231 0.22115384615384615 0.1201923076923077
0 0.0625 0.6754807692307693 0.10576923076923077 0.16826923076923078
0 0.22235576923076922 0.7199519230769231 0.2620192307692308 0.18028846153846154
0 0.12259615384615384 0.9002403846153846 0.22596153846153846 0.18028846153846154
0 0.03365384615384615 0.8173076923076923 0.04807692307692308 0.07692307692307693
0 0.19951923076923078 0.9819711538461539 0.20673076923076922 0.036057692307692304
0 0.265625 0.9278846153846154 0.18990384615384615 0.07692307692307693
0 0.3137019230769231 0.8329326923076923 0.18990384615384615 0.12740384615384615
0 0.4519230769230769 0.6634615384615384 0.20673076923076922 0.125
0 0.3918269230769231 0.5841346153846154 0.2692307692307692 0.11057692307692307
0 0.5576923076923077 0.7043269230769231 0.10576923076923077 0.11057692307692307
0 0.4254807692307692 0.7548076923076923 0.16826923076923078 0.0625
0 0.640625 0.5961538461538461 0.21394230769230768 0.125
0 0.39903846153846156 0.9603365384615384 0.21153846153846154 0.07932692307692307
0 0.39302884615384615 0.8641826923076923 0.0889423076923077 0.09375
0 0.5336538461538461 0.84375 0.25 0.1875
0 0.6935096153846154 0.7451923076923077 0.18990384615384615 0.17307692307692307
0 0.7283653846153846 0.6754807692307693 0.12980769230769232 0.08653846153846154
0 0.7079326923076923 0.8569711538461539 0.11298076923076923 0.05048076923076923
0 0.6670673076923077 0.9362980769230769 0.30528846153846156 0.12740384615384615
0 0.828125 0.7824519230769231 0.13701923076923078 0.11298076923076923
0 0.8966346153846154 0.6802884615384616 0.1778846153846154 0.11538461538461539
0 0.8221153846153846 0.5853365384615384 0.14903846153846154 0.10336538461538461
0 0.9411057692307693 0.5829326923076923 0.11778846153846154 0.12259615384615384
0 0.9795673076923077 0.7295673076923077 0.040865384615384616 0.0985576923076923
0 0.8966346153846154 0.7680288461538461 0.14423076923076922 0.05048076923076923
0 0.9735576923076923 0.7980769230769231 0.052884615384615384 0.04807692307692308
0 0.8725961538461539 0.8413461538461539 0.16826923076923078 0.09134615384615384
0 0.9495192307692307 0.9350961538461539 0.10576923076923077 0.12980769230769232
0 0.8786057692307693 0.9362980769230769 0.12259615384615384 0.12740384615384615
0 0.8605769230769231 0.90625 0.16826923076923078 0.0673076923076923
0 0.7848557692307693 0.9675480769230769 0.12740384615384615 0.06490384615384616
