0 0.4110576923076923 0.8846153846153846 0.1201923076923077 0.09134615384615384
0 0.5685096153846154 0.9771634615384616 0.0985576923076923 0.04567307692307692
0 0.5096153846153846 0.8365384615384616 0.11057692307692307 0.057692307692307696
0 0.5 0.7980769230769231 0.11057692307692307 0.07211538461538461
0 0.39663461538461536 0.8197115384615384 0.11057692307692307 0.09134615384615384
0 0.4326923076923077 0.7403846153846154 0.0673076923076923 0.07211538461538461
0 0.5192307692307693 0.7403846153846154 0.125 0.07692307692307693
0 0.6177884615384616 0.8064903846153846 0.11538461538461539 0.0889423076923077
0 0.5793269230769231 0.7355769230769231 0.04807692307692308 0.0625
0 0.6442307692307693 0.7451923076923077 0.10576923076923077 0.09615384615384616
0 0.7572115384615384 0.7355769230769231 0.125 0.10096153846153846
0 0.6947115384615384 0.6634615384615384 0.10576923076923077 0.10096153846153846
0 0.5949519230769231 0.6754807692307693 0.0889423076923077 0.08653846153846154
0 0.5 0.6610576923076923 0.1201923076923077 0.09615384615384616
0 0.4326923076923077 0.6201923076923077 0.07692307692307693 0.08653846153846154
0 0.3401442307692308 0.7127403846153846 0.16105769230769232 0.12259615384615384
0 0.26802884615384615 0.5877403846153846 0.15625 0.11778846153846154
0 0.3954326923076923 0.5420673076923077 0.16105769230769232 0.11778846153846154
0 0.5048076923076923 0.5552884615384616 0.1201923076923077 0.08653846153846154
0 0.6213942307692307 0.5456730769230769 0.0985576923076923 0.07692307692307693
0 0.6117788461538461 0.6033653846153846 0.09375 0.052884615384615384
0 0.7115384615384616 0.5841346153846154 0.11538461538461539 0.08653846153846154
0 0.7860576923076923 0.6526442307692307 0.1201923076923077 0.0889423076923077
0 0.8581730769230769 0.6490384615384616 0.052884615384615384 0.057692307692307696
0 0.9038461538461539 0.609375 0.125 0.08413461538461539
0 0.9519230769230769 0.5865384615384616 0.052884615384615384 0.052884615384615384
0 0.859375 0.5408653846153846 0.0889423076923077 0.07692307692307693
0 0.8137019230769231 0.5769230769230769 0.0889423076923077 0.08173076923076923
0 0.7776442307692307 0.5096153846153846 0.0889423076923077 0.057692307692307696
0 0.24278846153846154 0.5096153846153846 0.125 0.08653846153846154
0 0.28125 0.43028846153846156 0.12980769230769232 0.10096153846153846
0 0.36778846153846156 0.4110576923076923 0.1346153846153846 0.10096153846153846
0 0.4074519230769231 0.3076923076923077 0.0889423076923077 0.0625
0 0.4891826923076923 0.3701923076923077 0.0889423076923077 0.057692307692307696
0 0.5961538461538461 0.35697115384615385 0.14423076923076922 0.10336538461538461
0 0.6658653846153846 0.4110576923076923 0.11057692307692307 0.0673076923076923
0 0.6850961538461539 0.4699519230769231 0.04326923076923077 0.06490384615384616
0 0.6334134615384616 0.4735576923076923 0.09375 0.08173076923076923
0 0.5793269230769231 0.43990384615384615 0.07692307692307693 0.057692307692307696
0 0.5456730769230769 0.25600961538461536 0.125 0.10336538461538461
0 0.5036057692307693 0.2920673076923077 0.09375 0.10336538461538461
0 0.484375 0.19471153846153846 0.0889423076923077 0.0673076923076923
0 0.5168269230769231 0.1466346153846154 0.11057692307692307 0.08653846153846154
0 0.5901442307692307 0.20432692307692307 0.0985576923076923 0.07692307692307693
0 0.6887019230769231 0.23317307692307693 0.0889423076923077 0.0673076923076923
0 0.7451923076923077 0.2980769230769231 0.12980769230769232 0.08173076923076923
0 0.8317307692307693 0.3449519230769231 0.08173076923076923 0.06490384615384616
0 0.7403846153846154 0.3581730769230769 0.07692307692307693 0.038461538461538464
0 0.8197115384615384 0.29447115384615385 0.04326923076923077 0.026442307692307692
0 0.7776442307692307 0.24639423076923078 0.0889423076923077 0.04567307692307692
0 0.8004807692307693 0.19951923076923078 0.08173076923076923 0.057692307692307696
0 0.8317307692307693 0.16826923076923078 0.0625 0.052884615384615384
0 0.7668269230769231 0.16826923076923078 0.07692307692307693 0.08173076923076923
0 0.8149038461538461 0.10336538461538461 0.0625 0.057692307692307696
0 0.7451923076923077 0.10096153846153846 0.07692307692307693 0.07211538461538461
0 0.9879807692307693 0.13341346153846154 0.02403846153846154 0.06490384615384616
0 0.9567307692307693 0.1310096153846154 0.07211538461538461 0.06490384615384616
0 0.890625 0.09975961538461539 0.0889423076923077 0.06490384615384616
0 0.9543269230769231 0.07451923076923077 0.0673076923076923 0.052884615384615384
0 0.9086538461538461 0.040865384615384616 0.07211538461538461 0.052884615384615384
0 0.9639423076923077 0.04447115384615385 0.07211538461538461 0.08413461538461539
0 0.8846153846153846 0.03485576923076923 0.13942307692307693 0.06490384615384616
0 0.9074519230769231 0.7680288461538461 0.18509615384615385 0.43990384615384615
0 0.8413461538461539 0.8942307692307693 0.1971153846153846 0.21153846153846154
0 0.6899038461538461 0.9639423076923077 0.1971153846153846 0.07211538461538461
