0 0.5168269230769231 0.5336538461538461 0.42788461538461536 0.6682692307692307
0 0.08173076923076923 0.4182692307692308 0.14903846153846154 0.5913461538461539
0 0.11298076923076923 0.10336538461538461 0.21153846153846154 0.19230769230769232
0 0.41346153846153844 0.12259615384615384 0.3701923076923077 0.23076923076923078
0 0.7283653846153846 0.052884615384615384 0.1778846153846154 0.08653846153846154
0 0.6802884615384616 0.24519230769230768 0.27403846153846156 0.36538461538461536
0 0.24759615384615385 0.44591346153846156 0.27403846153846156 0.5024038461538461
0 0.8425480769230769 0.6454326923076923 0.31490384615384615 0.5552884615384616
0 0.9026442307692307 0.20552884615384615 0.19471153846153846 0.39663461538461536
0 0.22596153846153846 0.8293269230769231 0.4423076923076923 0.34134615384615385
0 0.5757211538461539 0.8641826923076923 0.35336538461538464 0.27163461538461536
0 0.8713942307692307 0.9182692307692307 0.25721153846153844 0.16346153846153846
