0 0.8918269230769231 0.09254807692307693 0.028846153846153848 0.05048076923076923
0 0.9278846153846154 0.10096153846153846 0.02403846153846154 0.04326923076923077
0 0.8846153846153846 0.010817307692307692 0.02403846153846154 0.016826923076923076
0 0.8870192307692307 0.15144230769230768 0.028846153846153848 0.04326923076923077
0 0.9050480769230769 0.1778846153846154 0.021634615384615384 0.04326923076923077
0 0.9134615384615384 0.21875 0.02403846153846154 0.038461538461538464
0 0.9350961538461539 0.23317307692307693 0.02403846153846154 0.04326923076923077
0 0.9891826923076923 0.38822115384615385 0.016826923076923076 0.05048076923076923
0 0.9459134615384616 0.41225961538461536 0.026442307692307692 0.03125
0 0.9735576923076923 0.453125 0.04326923076923077 0.06971153846153846
0 0.9963942307692307 0.48677884615384615 0.002403846153846154 0.016826923076923076
0 0.9278846153846154 0.46153846153846156 0.057692307692307696 0.0673076923076923
0 0.9134615384615384 0.38461538461538464 0.028846153846153848 0.04326923076923077
0 0.8918269230769231 0.3581730769230769 0.02403846153846154 0.03365384615384615
0 0.8665865384615384 0.35096153846153844 0.03125 0.038461538461538464
0 0.8810096153846154 0.3894230769230769 0.021634615384615384 0.038461538461538464
0 0.8569711538461539 0.41225961538461536 0.036057692307692304 0.055288461538461536
0 0.8329326923076923 0.38822115384615385 0.036057692307692304 0.026442307692307692
0 0.9675480769230769 0.5625 0.03125 0.038461538461538464
0 0.9819711538461539 0.5432692307692307 0.021634615384615384 0.04326923076923077
0 0.9891826923076923 0.5757211538461539 0.016826923076923076 0.021634615384615384
0 0.9338942307692307 0.5793269230769231 0.036057692307692304 0.04807692307692308
0 0.9495192307692307 0.6105769230769231 0.02403846153846154 0.04326923076923077
0 0.9819711538461539 0.6057692307692307 0.036057692307692304 0.04807692307692308
0 0.9098557692307693 0.6899038461538461 0.055288461538461536 0.08173076923076923
0 0.859375 0.6358173076923077 0.040865384615384616 0.055288461538461536
0 0.8028846153846154 0.609375 0.04326923076923077 0.055288461538461536
0 0.8112980769230769 0.5709134615384616 0.021634615384615384 0.03125
0 0.7740384615384616 0.5997596153846154 0.014423076923076924 0.021634615384615384
0 0.7992788461538461 0.6502403846153846 0.05048076923076923 0.05048076923076923
0 0.8581730769230769 0.6935096153846154 0.057692307692307696 0.06009615384615385
0 0.8052884615384616 0.7067307692307693 0.0673076923076923 0.0673076923076923
0 0.7752403846153846 0.6911057692307693 0.036057692307692304 0.06490384615384616
0 0.8269230769230769 0.7764423076923077 0.07692307692307693 0.08173076923076923
0 0.8197115384615384 0.828125 0.0625 0.0889423076923077
0 0.8954326923076923 0.7956730769230769 0.07451923076923077 0.1201923076923077
0 0.9242788461538461 0.8930288461538461 0.10336538461538461 0.10817307692307693
0 0.9567307692307693 0.9122596153846154 0.08173076923076923 0.17067307692307693
0 0.7752403846153846 0.9230769230769231 0.05048076923076923 0.07211538461538461
0 0.7584134615384616 0.8088942307692307 0.06971153846153846 0.12740384615384615
0 0.7175480769230769 0.8521634615384616 0.06490384615384616 0.12740384615384615
0 0.6634615384615384 0.7439903846153846 0.04807692307692308 0.06009615384615385
0 0.6382211538461539 0.8197115384615384 0.10336538461538461 0.11538461538461539
0 0.8209134615384616 0.47836538461538464 0.036057692307692304 0.04326923076923077
0 0.75 0.019230769230769232 0.028846153846153848 0.03365384615384615
0 0.7067307692307693 0.040865384615384616 0.04807692307692308 0.052884615384615384
0 0.7716346153846154 0.08173076923076923 0.028846153846153848 0.04807692307692308
0 0.7716346153846154 0.15504807692307693 0.028846153846153848 0.03125
0 0.7932692307692307 0.17067307692307693 0.028846153846153848 0.038461538461538464
0 0.8088942307692307 0.1778846153846154 0.026442307692307692 0.04326923076923077
0 0.8305288461538461 0.1935096153846154 0.026442307692307692 0.021634615384615384
0 0.8425480769230769 0.22956730769230768 0.05048076923076923 0.06971153846153846
0 0.8665865384615384 0.19110576923076922 0.026442307692307692 0.026442307692307692
0 0.7800480769230769 0.1971153846153846 0.026442307692307692 0.038461538461538464
0 0.7055288461538461 0.19951923076923078 0.021634615384615384 0.04326923076923077
0 0.7283653846153846 0.20673076923076922 0.02403846153846154 0.038461538461538464
0 0.7379807692307693 0.23197115384615385 0.028846153846153848 0.021634615384615384
0 0.7463942307692307 0.25240384615384615 0.026442307692307692 0.038461538461538464
0 0.7728365384615384 0.27283653846153844 0.026442307692307692 0.026442307692307692
0 0.75 0.2824519230769231 0.028846153846153848 0.021634615384615384
0 0.7644230769230769 0.30528846153846156 0.028846153846153848 0.038461538461538464
0 0.734375 0.3112980769230769 0.036057692307692304 0.05048076923076923
0 0.6923076923076923 0.25961538461538464 0.019230769230769232 0.04326923076923077
0 0.703125 0.2932692307692308 0.03125 0.04326923076923077
0 0.703125 0.33413461538461536 0.036057692307692304 0.038461538461538464
0 0.7055288461538461 0.36899038461538464 0.036057692307692304 0.021634615384615384
0 0.7103365384615384 0.4014423076923077 0.04567307692307692 0.03365384615384615
0 0.6995192307692307 0.43990384615384615 0.04807692307692308 0.052884615384615384
0 0.8004807692307693 0.3629807692307692 0.028846153846153848 0.04326923076923077
0 0.8125 0.4362980769230769 0.02403846153846154 0.05048076923076923
0 0.8112980769230769 0.5096153846153846 0.021634615384615384 0.038461538461538464
0 0.7884615384615384 0.5108173076923077 0.028846153846153848 0.03125
0 0.7692307692307693 0.48197115384615385 0.02403846153846154 0.06009615384615385
0 0.7319711538461539 0.5264423076923077 0.026442307692307692 0.04326923076923077
0 0.7091346153846154 0.5264423076923077 0.028846153846153848 0.03365384615384615
0 0.6778846153846154 0.5300480769230769 0.028846153846153848 0.05048076923076923
0 0.6995192307692307 0.5685096153846154 0.057692307692307696 0.06009615384615385
0 0.7355769230769231 0.5841346153846154 0.019230769230769232 0.038461538461538464
0 0.5865384615384616 0.9507211538461539 0.04326923076923077 0.05048076923076923
0 0.6310096153846154 0.9723557692307693 0.06009615384615385 0.05048076923076923
0 0.5985576923076923 0.8990384615384616 0.052884615384615384 0.052884615384615384
0 0.5637019230769231 0.8798076923076923 0.036057692307692304 0.07211538461538461
0 0.6069711538461539 0.8497596153846154 0.06490384615384616 0.055288461538461536
0 0.5841346153846154 0.6923076923076923 0.04807692307692308 0.07692307692307693
0 0.609375 0.7403846153846154 0.055288461538461536 0.07692307692307693
0 0.5649038461538461 0.7379807692307693 0.04326923076923077 0.08173076923076923
0 0.5288461538461539 0.7127403846153846 0.057692307692307696 0.0985576923076923
0 0.5108173076923077 0.8137019230769231 0.10817307692307693 0.09375
0 0.5564903846153846 0.8882211538461539 0.036057692307692304 0.0889423076923077
0 0.5192307692307693 0.9266826923076923 0.09134615384615384 0.14182692307692307
0 0.4699519230769231 0.9507211538461539 0.05048076923076923 0.09375
0 0.47115384615384615 0.6526442307692307 0.03365384615384615 0.055288461538461536
0 0.5504807692307693 0.4735576923076923 0.04326923076923077 0.07692307692307693
0 0.5769230769230769 0.3293269230769231 0.02403846153846154 0.038461538461538464
0 0.6009615384615384 0.3125 0.028846153846153848 0.038461538461538464
0 0.5540865384615384 0.2127403846153846 0.021634615384615384 0.05048076923076923
0 0.6382211538461539 0.1201923076923077 0.03125 0.04807692307692308
0 0.609375 0.0985576923076923 0.026442307692307692 0.038461538461538464
0 0.5661057692307693 0.08173076923076923 0.026442307692307692 0.04807692307692308
0 0.5444711538461539 0.057692307692307696 0.026442307692307692 0.04326923076923077
0 0.5276442307692307 0.08413461538461539 0.021634615384615384 0.03365384615384615
0 0.5 0.08173076923076923 0.028846153846153848 0.038461538461538464
0 0.5372596153846154 0.32211538461538464 0.026442307692307692 0.038461538461538464
0 0.4891826923076923 0.2860576923076923 0.036057692307692304 0.03365384615384615
0 0.4639423076923077 0.22596153846153846 0.02403846153846154 0.03365384615384615
0 0.4495192307692308 0.20192307692307693 0.028846153846153848 0.038461538461538464
0 0.4495192307692308 0.25961538461538464 0.028846153846153848 0.03365384615384615
0 0.38100961538461536 0.2764423076923077 0.03125 0.04326923076923077
0 0.4014423076923077 0.29927884615384615 0.014423076923076924 0.021634615384615384
0 0.3557692307692308 0.34615384615384615 0.1346153846153846 0.08653846153846154
0 0.43028846153846156 0.3713942307692308 0.057692307692307696 0.06009615384615385
0 0.4639423076923077 0.5060096153846154 0.08653846153846154 0.14182692307692307
0 0.43509615384615385 0.5324519230769231 0.028846153846153848 0.021634615384615384
0 0.42788461538461536 0.5721153846153846 0.04326923076923077 0.04326923076923077
0 0.39903846153846156 0.5985576923076923 0.052884615384615384 0.0673076923076923
0 0.35096153846153844 0.6117788461538461 0.028846153846153848 0.026442307692307692
0 0.3737980769230769 0.6394230769230769 0.03125 0.028846153846153848
0 0.31850961538461536 0.6117788461538461 0.021634615384615384 0.026442307692307692
0 0.32091346153846156 0.6358173076923077 0.021634615384615384 0.021634615384615384
0 0.2956730769230769 0.6334134615384616 0.028846153846153848 0.05048076923076923
0 0.31850961538461536 0.6658653846153846 0.036057692307692304 0.038461538461538464
0 0.3485576923076923 0.6706730769230769 0.03365384615384615 0.04326923076923077
0 0.3870192307692308 0.6838942307692307 0.04326923076923077 0.06009615384615385
0 0.4098557692307692 0.71875 0.06490384615384616 0.052884615384615384
0 0.4423076923076923 0.7451923076923077 0.03365384615384615 0.07692307692307693
0 0.4026442307692308 0.7536057692307693 0.055288461538461536 0.06009615384615385
0 0.38100961538461536 0.75 0.036057692307692304 0.038461538461538464
0 0.34975961538461536 0.7560096153846154 0.036057692307692304 0.03125
0 0.32211538461538464 0.7427884615384616 0.028846153846153848 0.038461538461538464
0 0.2956730769230769 0.7379807692307693 0.028846153846153848 0.038461538461538464
0 0.2776442307692308 0.6418269230769231 0.12259615384615384 0.16346153846153846
0 0.3473557692307692 0.38461538461538464 0.021634615384615384 0.04326923076923077
0 0.36658653846153844 0.40384615384615385 0.026442307692307692 0.04807692307692308
0 0.31971153846153844 0.3713942307692308 0.02403846153846154 0.026442307692307692
0 0.30528846153846156 0.39302884615384615 0.03365384615384615 0.026442307692307692
0 0.3317307692307692 0.4182692307692308 0.04326923076923077 0.0673076923076923
0 0.2920673076923077 0.43149038461538464 0.036057692307692304 0.05048076923076923
0 0.27163461538461536 0.4098557692307692 0.028846153846153848 0.06009615384615385
0 0.27403846153846156 0.4735576923076923 0.04326923076923077 0.07692307692307693
0 0.2800480769230769 0.33413461538461536 0.016826923076923076 0.038461538461538464
0 0.24278846153846154 0.2548076923076923 0.028846153846153848 0.04326923076923077
0 0.2127403846153846 0.25721153846153844 0.021634615384615384 0.038461538461538464
0 0.14903846153846154 0.04326923076923077 0.09615384615384616 0.08173076923076923
0 0.078125 0.08173076923076923 0.021634615384615384 0.038461538461538464
0 0.06129807692307692 0.16346153846153846 0.036057692307692304 0.04807692307692308
0 0.019230769230769232 0.15625 0.02403846153846154 0.04326923076923077
0 0.125 0.24519230769230768 0.028846153846153848 0.04807692307692308
0 0.1658653846153846 0.23557692307692307 0.028846153846153848 0.038461538461538464
0 0.14903846153846154 0.2620192307692308 0.028846153846153848 0.028846153846153848
0 0.17067307692307693 0.27283653846153844 0.014423076923076924 0.026442307692307692
0 0.18870192307692307 0.2704326923076923 0.03125 0.03125
0 0.15625 0.2920673076923077 0.028846153846153848 0.03125
0 0.1875 0.32211538461538464 0.057692307692307696 0.04807692307692308
0 0.0985576923076923 0.27163461538461536 0.02403846153846154 0.04326923076923077
0 0.0985576923076923 0.32211538461538464 0.02403846153846154 0.038461538461538464
0 0.08052884615384616 0.3581730769230769 0.03125 0.03365384615384615
0 0.038461538461538464 0.38221153846153844 0.028846153846153848 0.04807692307692308
0 0.01201923076923077 0.3942307692307692 0.019230769230769232 0.038461538461538464
0 0.037259615384615384 0.4230769230769231 0.026442307692307692 0.03365384615384615
0 0.020432692307692308 0.45072115384615385 0.036057692307692304 0.03125
0 0.008413461538461538 0.47596153846153844 0.01201923076923077 0.038461538461538464
0 0.008413461538461538 0.5012019230769231 0.01201923076923077 0.021634615384615384
0 0.026442307692307692 0.5096153846153846 0.019230769230769232 0.038461538461538464
0 0.056490384615384616 0.5240384615384616 0.036057692307692304 0.04807692307692308
0 0.11057692307692307 0.53125 0.028846153846153848 0.038461538461538464
0 0.15144230769230768 0.49759615384615385 0.08653846153846154 0.08173076923076923
0 0.21754807692307693 0.4699519230769231 0.08413461538461539 0.12740384615384615
0 0.18870192307692307 0.6526442307692307 0.040865384615384616 0.055288461538461536
0 0.19591346153846154 0.5901442307692307 0.05048076923076923 0.06971153846153846
0 0.2620192307692308 0.6418269230769231 0.09134615384615384 0.16346153846153846
0 0.2536057692307692 0.7127403846153846 0.036057692307692304 0.06490384615384616
0 0.04326923076923077 0.7836538461538461 0.028846153846153848 0.07692307692307693
0 0.03125 0.9483173076923077 0.04326923076923077 0.055288461538461536
0 0.12379807692307693 0.9495192307692307 0.03125 0.04326923076923077
0 0.14903846153846154 0.953125 0.028846153846153848 0.06490384615384616
0 0.16346153846153846 0.9014423076923077 0.02403846153846154 0.028846153846153848
0 0.15625 0.8629807692307693 0.038461538461538464 0.04807692307692308
0 0.12980769230769232 0.8581730769230769 0.028846153846153848 0.04807692307692308
0 0.13341346153846154 0.8028846153846154 0.036057692307692304 0.04807692307692308
0 0.19951923076923078 0.7319711538461539 0.028846153846153848 0.05048076923076923
0 0.2247596153846154 0.7427884615384616 0.03125 0.038461538461538464
0 0.21754807692307693 0.7836538461538461 0.03125 0.03365384615384615
0 0.21754807692307693 0.8197115384615384 0.026442307692307692 0.038461538461538464
0 0.21754807692307693 0.8605769230769231 0.036057692307692304 0.03365384615384615
0 0.23197115384615385 0.8942307692307693 0.036057692307692304 0.04326923076923077
0 0.19591346153846154 0.8966346153846154 0.03125 0.038461538461538464
0 0.21634615384615385 0.9362980769230769 0.04326923076923077 0.055288461538461536
0 0.25 0.9338942307692307 0.019230769230769232 0.05048076923076923
0 0.2668269230769231 0.9134615384615384 0.028846153846153848 0.038461538461538464
0 0.30528846153846156 0.90625 0.038461538461538464 0.04807692307692308
0 0.34615384615384615 0.9038461538461539 0.04326923076923077 0.052884615384615384
0 0.36177884615384615 0.8605769230769231 0.036057692307692304 0.04326923076923077
0 0.39903846153846156 0.8822115384615384 0.02403846153846154 0.0673076923076923
0 0.42788461538461536 0.8653846153846154 0.038461538461538464 0.052884615384615384
0 0.4230769230769231 0.9254807692307693 0.028846153846153848 0.052884615384615384
0 0.3870192307692308 0.8137019230769231 0.04326923076923077 0.05048076923076923
0 0.34134615384615385 0.8245192307692307 0.052884615384615384 0.09134615384615384
0 0.3173076923076923 0.78125 0.04326923076923077 0.04807692307692308
0 0.30528846153846156 0.8233173076923077 0.02403846153846154 0.021634615384615384
0 0.3016826923076923 0.8629807692307693 0.04567307692307692 0.04807692307692308
0 0.28846153846153844 0.8052884615384616 0.028846153846153848 0.04326923076923077
0 0.28966346153846156 0.7644230769230769 0.021634615384615384 0.028846153846153848
0 0.26802884615384615 0.7740384615384616 0.036057692307692304 0.04326923076923077
0 0.26802884615384615 0.8137019230769231 0.021634615384615384 0.026442307692307692
0 0.26802884615384615 0.8389423076923077 0.036057692307692304 0.03365384615384615
0 0.24278846153846154 0.8545673076923077 0.02403846153846154 0.021634615384615384
0 0.21754807692307693 0.8293269230769231 0.03125 0.04326923076923077
0 0.19230769230769232 0.8221153846153846 0.02403846153846154 0.07692307692307693
