0 0.8485576923076923 0.2548076923076923 0.30288461538461536 0.4951923076923077
0 0.9723557692307693 0.042067307692307696 0.055288461538461536 0.06490384615384616
0 0.6610576923076923 0.11538461538461539 0.27884615384615385 0.21153846153846154
0 0.7091346153846154 0.4050480769230769 0.23076923076923078 0.3918269230769231
0 0.9014423076923077 0.6105769230769231 0.19230769230769232 0.34615384615384615
0 0.9314903846153846 0.8822115384615384 0.13701923076923078 0.2403846153846154
0 0.6826923076923077 0.7524038461538461 0.25961538461538464 0.3701923076923077
0 0.7331730769230769 0.9543269230769231 0.2644230769230769 0.09615384615384616
0 0.5096153846153846 0.9411057692307693 0.23557692307692307 0.11778846153846154
0 0.3245192307692308 0.7872596153846154 0.2932692307692308 0.35336538461538464
0 0.5 0.32091346153846156 0.3605769230769231 0.5600961538461539
0 0.36538461538461536 0.40865384615384615 0.20673076923076922 0.40865384615384615
0 0.3581730769230769 0.0889423076923077 0.33653846153846156 0.16346153846153846
0 0.1875 0.4951923076923077 0.3173076923076923 0.4519230769230769
0 0.11538461538461539 0.18389423076923078 0.22596153846153846 0.35336538461538464
0 0.037259615384615384 0.5228365384615384 0.06971153846153846 0.35336538461538464
0 0.030048076923076924 0.9591346153846154 0.055288461538461536 0.08173076923076923
