0 0.06490384615384616 0.16466346153846154 0.11538461538461539 0.24278846153846154
0 0.15745192307692307 0.1201923076923077 0.13221153846153846 0.22596153846153846
0 0.27163461538461536 0.0625 0.23557692307692307 0.10096153846153846
0 0.44711538461538464 0.026442307692307692 0.1875 0.038461538461538464
0 0.3004807692307692 0.09134615384615384 0.1346153846153846 0.10576923076923077
0 0.2824519230769231 0.009615384615384616 0.5600961538461539 0.014423076923076924
0 0.056490384615384616 0.1814903846153846 0.10817307692307693 0.3581730769230769
0 0.30649038461538464 0.14182692307692307 0.4495192307692308 0.23076923076923078
0 0.04927884615384615 0.5685096153846154 0.09375 0.1466346153846154
0 0.15384615384615385 0.453125 0.21153846153846154 0.08413461538461539
0 0.2512019230769231 0.3713942307692308 0.14182692307692307 0.16105769230769232
0 0.38100961538461536 0.30649038461538464 0.14182692307692307 0.1466346153846154
0 0.48197115384615385 0.32211538461538464 0.13221153846153846 0.125
0 0.5865384615384616 0.18629807692307693 0.18269230769230768 0.07451923076923077
0 0.6298076923076923 0.23197115384615385 0.125 0.09375
0 0.6694711538461539 0.12860576923076922 0.14182692307692307 0.1466346153846154
0 0.8846153846153846 0.21875 0.11057692307692307 0.1201923076923077
0 0.9735576923076923 0.27403846153846156 0.04807692307692308 0.1346153846153846
0 0.9110576923076923 0.3004807692307692 0.11057692307692307 0.08173076923076923
0 0.9627403846153846 0.3557692307692308 0.06971153846153846 0.10096153846153846
0 0.8894230769230769 0.3629807692307692 0.11057692307692307 0.052884615384615384
0 0.9266826923076923 0.0673076923076923 0.026442307692307692 0.1201923076923077
0 0.5516826923076923 0.5552884615384616 0.08413461538461539 0.0673076923076923
0 0.7836538461538461 0.6466346153846154 0.057692307692307696 0.04326923076923077
0 0.5048076923076923 0.8870192307692307 0.08173076923076923 0.052884615384615384
0 0.6430288461538461 0.46033653846153844 0.2668269230769231 0.20432692307692307
0 0.8004807692307693 0.5324519230769231 0.17307692307692307 0.15144230769230768
0 0.9375 0.546875 0.1201923076923077 0.1466346153846154
0 0.9134615384615384 0.6574519230769231 0.16826923076923078 0.14182692307692307
0 0.8449519230769231 0.7331730769230769 0.07451923076923077 0.18269230769230768
0 0.8822115384615384 0.7944711538461539 0.1971153846153846 0.20432692307692307
0 0.7139423076923077 0.8485576923076923 0.23076923076923078 0.2403846153846154
0 0.7199519230769231 0.6742788461538461 0.18990384615384615 0.15144230769230768
0 0.5709134615384616 0.7572115384615384 0.18509615384615385 0.41346153846153844
0 0.4206730769230769 0.5985576923076923 0.27403846153846156 0.16826923076923078
0 0.4050480769230769 0.6694711538461539 0.4831730769230769 0.25721153846153844
0 0.28365384615384615 0.75 0.34615384615384615 0.23076923076923078
0 0.37740384615384615 0.8918269230769231 0.3076923076923077 0.21153846153846154
0 0.5552884615384616 0.6826923076923077 0.8894230769230769 0.6298076923076923
2 0.38100961538461536 0.33653846153846156 0.7572115384615384 0.6682692307692307
