0 0.24519230769230768 0.12259615384615384 0.19230769230769232 0.18269230769230768
0 0.27163461538461536 0.14543269230769232 0.12980769230769232 0.10336538461538461
0 0.20793269230769232 0.2091346153846154 0.2283653846153846 0.11057692307692307
0 0.14903846153846154 0.27163461538461536 0.09615384615384616 0.17307692307692307
0 0.47115384615384615 0.9302884615384616 0.12980769230769232 0.11057692307692307
0 0.8930288461538461 0.08774038461538461 0.06971153846153846 0.10336538461538461
0 0.8737980769230769 0.10216346153846154 0.07932692307692307 0.07932692307692307
0 0.8149038461538461 0.07932692307692307 0.10096153846153846 0.08653846153846154
0 0.6826923076923077 0.07572115384615384 0.16346153846153846 0.08413461538461539
0 0.5817307692307693 0.0733173076923077 0.09615384615384616 0.08413461538461539
0 0.59375 0.14423076923076922 0.23557692307692307 0.21153846153846154
0 0.4230769230769231 0.12740384615384615 0.17307692307692307 0.1778846153846154
0 0.4543269230769231 0.1201923076923077 0.09615384615384616 0.09134615384615384
0 0.4831730769230769 0.1466346153846154 0.125 0.21634615384615385
0 0.6033653846153846 0.2644230769230769 0.14423076923076922 0.10096153846153846
0 0.6971153846153846 0.40625 0.15384615384615385 0.20192307692307693
0 0.8137019230769231 0.42427884615384615 0.06971153846153846 0.08413461538461539
0 0.8052884615384616 0.3485576923076923 0.10576923076923077 0.11538461538461539
0 0.7788461538461539 0.2776442307692308 0.11057692307692307 0.055288461538461536
0 0.8125 0.22956730769230768 0.14423076923076922 0.19951923076923078
0 0.7451923076923077 0.20673076923076922 0.10096153846153846 0.11057692307692307
0 0.8149038461538461 0.5757211538461539 0.1201923076923077 0.12740384615384615
0 0.28846153846153844 0.7740384615384616 0.38461538461538464 0.34615384615384615
0 0.14302884615384615 0.5697115384615384 0.07932692307692307 0.16346153846153846
0 0.22235576923076922 0.5456730769230769 0.19951923076923078 0.14903846153846154
0 0.25961538461538464 0.4651442307692308 0.3317307692307692 0.17548076923076922
0 0.19471153846153846 0.31971153846153844 0.17307692307692307 0.1778846153846154
0 0.29086538461538464 0.2860576923076923 0.25961538461538464 0.1346153846153846
0 0.3173076923076923 0.375 0.13942307692307693 0.10096153846153846
0 0.43028846153846156 0.41225961538461536 0.15865384615384615 0.12740384615384615
0 0.5060096153846154 0.3605769230769231 0.2283653846153846 0.21634615384615385
0 0.45913461538461536 0.59375 0.2932692307692308 0.2644230769230769
0 0.6730769230769231 0.5240384615384616 0.09615384615384616 0.11057692307692307
0 0.6778846153846154 0.6862980769230769 0.15384615384615385 0.3629807692307692
0 0.8028846153846154 0.703125 0.10096153846153846 0.15144230769230768
0 0.4675480769230769 0.9134615384615384 0.4735576923076923 0.17307692307692307
0 0.796875 0.49038461538461536 0.06490384615384616 0.052884615384615384
0 0.8894230769230769 0.49038461538461536 0.11057692307692307 0.15384615384615385
0 0.9254807692307693 0.43028846153846156 0.14423076923076922 0.08653846153846154
0 0.9254807692307693 0.3870192307692308 0.03365384615384615 0.028846153846153848
0 0.9254807692307693 0.30288461538461536 0.14423076923076922 0.15384615384615385
0 0.8653846153846154 0.12740384615384615 0.15384615384615385 0.2403846153846154
0 0.34134615384615385 0.7175480769230769 0.27884615384615385 0.2283653846153846
0 0.5384615384615384 0.78125 0.15384615384615385 0.16346153846153846
0 0.5841346153846154 0.6646634615384616 0.10096153846153846 0.12740384615384615
