0 0.6394230769230769 0.3076923076923077 0.25 0.20192307692307693
0 0.5456730769230769 0.20793269230769232 0.1201923076923077 0.07451923076923077
0 0.5072115384615384 0.15384615384615385 0.0673076923076923 0.0673076923076923
0 0.5733173076923077 0.12139423076923077 0.2283653846153846 0.09375
0 0.640625 0.13942307692307693 0.23798076923076922 0.11057692307692307
0 0.4567307692307692 0.21875 0.0673076923076923 0.09134615384615384
0 0.42908653846153844 0.3389423076923077 0.22355769230769232 0.16346153846153846
0 0.390625 0.47836538461538464 0.21875 0.17307692307692307
0 0.5492788461538461 0.4831730769230769 0.12740384615384615 0.125
0 0.6935096153846154 0.42908653846153844 0.22355769230769232 0.19471153846153846
0 0.7151442307692307 0.6057692307692307 0.21875 0.16826923076923078
0 0.49399038461538464 0.640625 0.23798076923076922 0.19471153846153846
0 0.2932692307692308 0.5528846153846154 0.19230769230769232 0.14423076923076922
0 0.2403846153846154 0.40625 0.18269230769230768 0.18269230769230768
0 0.28365384615384615 0.265625 0.16826923076923078 0.15625
0 0.13822115384615385 0.34375 0.12740384615384615 0.1201923076923077
0 0.08413461538461539 0.4362980769230769 0.1201923076923077 0.09375
0 0.10817307692307693 0.5384615384615384 0.1778846153846154 0.17307692307692307
0 0.125 0.6670673076923077 0.10096153846153846 0.09375
0 0.18990384615384615 0.6310096153846154 0.0625 0.07451923076923077
0 0.2932692307692308 0.7331730769230769 0.2932692307692308 0.23557692307692307
0 0.5012019230769231 0.7668269230769231 0.13221153846153846 0.0673076923076923
0 0.41346153846153844 0.8557692307692307 0.10096153846153846 0.09615384615384616
0 0.5384615384615384 0.8545673076923077 0.16826923076923078 0.15625
0 0.6862980769230769 0.7788461538461539 0.2283653846153846 0.16826923076923078
