0 0.9747596153846154 0.8954326923076923 0.05048076923076923 0.19951923076923078
0 0.9182692307692307 0.9122596153846154 0.10576923076923077 0.17067307692307693
0 0.8473557692307693 0.9519230769230769 0.05048076923076923 0.09134615384615384
0 0.7247596153846154 0.8341346153846154 0.1466346153846154 0.22596153846153846
0 0.7668269230769231 0.9663461538461539 0.0673076923076923 0.0625
0 0.6622596153846154 0.8954326923076923 0.07451923076923077 0.19951923076923078
0 0.7103365384615384 0.9591346153846154 0.04567307692307692 0.07211538461538461
0 0.38221153846153844 0.8221153846153846 0.0673076923076923 0.13942307692307693
0 0.3557692307692308 0.9326923076923077 0.0673076923076923 0.12980769230769232
0 0.37259615384615385 0.9867788461538461 0.04807692307692308 0.016826923076923076
0 0.3088942307692308 0.8533653846153846 0.07932692307692307 0.12980769230769232
0 0.296875 0.9579326923076923 0.07451923076923077 0.07932692307692307
0 0.26322115384615385 0.953125 0.026442307692307692 0.08413461538461539
0 0.23677884615384615 0.8449519230769231 0.06490384615384616 0.1466346153846154
0 0.2127403846153846 0.9399038461538461 0.06971153846153846 0.11538461538461539
0 0.171875 0.9855769230769231 0.055288461538461536 0.02403846153846154
0 0.07932692307692307 0.9182692307692307 0.09615384615384616 0.15865384615384615
0 0.1346153846153846 0.9411057692307693 0.028846153846153848 0.10817307692307693
0 0.020432692307692308 0.9122596153846154 0.036057692307692304 0.17067307692307693
0 0.5673076923076923 0.8161057692307693 0.22596153846153846 0.3581730769230769
0 0.5264423076923077 0.8810096153846154 0.14423076923076922 0.23317307692307693
0 0.47115384615384615 0.8942307692307693 0.07211538461538461 0.20673076923076922
0 0.4206730769230769 0.9002403846153846 0.08173076923076923 0.19471153846153846
0 0.9795673076923077 0.28846153846153844 0.040865384615384616 0.09615384615384616
0 0.9771634615384616 0.36658653846153844 0.04567307692307692 0.07932692307692307
0 0.9879807692307693 0.4230769230769231 0.02403846153846154 0.07211538461538461
0 0.9519230769230769 0.3233173076923077 0.02403846153846154 0.07932692307692307
0 0.9435096153846154 0.2283653846153846 0.07932692307692307 0.11057692307692307
0 0.9915865384615384 0.2127403846153846 0.016826923076923076 0.055288461538461536
0 0.3125 0.27163461538461536 0.11057692307692307 0.2932692307692308
0 0.2548076923076923 0.2403846153846154 0.07211538461538461 0.2548076923076923
0 0.9194711538461539 0.328125 0.026442307692307692 0.1658653846153846
0 0.8882211538461539 0.33413461538461536 0.026442307692307692 0.16346153846153846
0 0.8701923076923077 0.3389423076923077 0.019230769230769232 0.18269230769230768
0 0.7403846153846154 0.5841346153846154 0.09615384615384616 0.11538461538461539
0 0.6442307692307693 0.5384615384615384 0.09615384615384616 0.15865384615384615
0 0.6478365384615384 0.5913461538461539 0.07932692307692307 0.15384615384615385
0 0.5841346153846154 0.5949519230769231 0.0625 0.19471153846153846
0 0.84375 0.35336538461538464 0.019230769230769232 0.16346153846153846
0 0.8629807692307693 0.35336538461538464 0.019230769230769232 0.15384615384615385
0 0.8269230769230769 0.33413461538461536 0.019230769230769232 0.1778846153846154
0 0.8100961538461539 0.34134615384615385 0.019230769230769232 0.13942307692307693
0 0.796875 0.34134615384615385 0.026442307692307692 0.1778846153846154
0 0.78125 0.3473557692307692 0.03365384615384615 0.15144230769230768
0 0.9795673076923077 0.051682692307692304 0.040865384615384616 0.0985576923076923
0 0.9338942307692307 0.07211538461538461 0.055288461538461536 0.09134615384615384
0 0.9555288461538461 0.12259615384615384 0.05048076923076923 0.04326923076923077
0 0.9903846153846154 0.12740384615384615 0.019230769230769232 0.028846153846153848
0 0.9362980769230769 0.020432692307692308 0.055288461538461536 0.036057692307692304
0 0.8653846153846154 0.08413461538461539 0.038461538461538464 0.11538461538461539
0 0.8870192307692307 0.11057692307692307 0.02403846153846154 0.09134615384615384
0 0.8774038461538461 0.030048076923076924 0.028846153846153848 0.055288461538461536
0 0.8521634615384616 0.014423076923076924 0.03125 0.02403846153846154
0 0.8245192307692307 0.039663461538461536 0.038461538461538464 0.07451923076923077
0 0.8509615384615384 0.11177884615384616 0.04326923076923077 0.0985576923076923
0 0.8161057692307693 0.10576923076923077 0.036057692307692304 0.11057692307692307
0 0.7716346153846154 0.03365384615384615 0.0625 0.0625
0 0.7512019230769231 0.042067307692307696 0.055288461538461536 0.055288461538461536
0 0.7463942307692307 0.08413461538461539 0.06971153846153846 0.0673076923076923
0 0.7716346153846154 0.11778846153846154 0.03365384615384615 0.0625
0 0.7884615384615384 0.15144230769230768 0.028846153846153848 0.04326923076923077
0 0.7560096153846154 0.13701923076923078 0.04567307692307692 0.0625
0 0.703125 0.08533653846153846 0.040865384615384616 0.1658653846153846
0 0.734375 0.2776442307692308 0.055288461538461536 0.1466346153846154
0 0.7560096153846154 0.3894230769230769 0.05048076923076923 0.15384615384615385
0 0.7788461538461539 0.47596153846153844 0.028846153846153848 0.11538461538461539
0 0.8569711538461539 0.5240384615384616 0.10817307692307693 0.20192307692307693
0 0.8341346153846154 0.5528846153846154 0.09134615384615384 0.20673076923076922
0 0.8221153846153846 0.59375 0.0673076923076923 0.1201923076923077
0 0.9699519230769231 0.5 0.06009615384615385 0.09134615384615384
0 0.9639423076923077 0.4987980769230769 0.07211538461538461 0.10336538461538461
0 0.9350961538461539 0.5276442307692307 0.07211538461538461 0.19471153846153846
0 0.9170673076923077 0.5096153846153846 0.055288461538461536 0.1346153846153846
0 0.8882211538461539 0.4987980769230769 0.05048076923076923 0.14182692307692307
0 0.8954326923076923 0.5637019230769231 0.0985576923076923 0.24278846153846154
0 0.9795673076923077 0.5997596153846154 0.040865384615384616 0.0985576923076923
0 0.6454326923076923 0.41346153846153844 0.08413461538461539 0.11538461538461539
0 0.5757211538461539 0.39903846153846156 0.06009615384615385 0.1201923076923077
0 0.5697115384615384 0.46634615384615385 0.038461538461538464 0.0625
0 0.6478365384615384 0.5516826923076923 0.07932692307692307 0.1466346153846154
0 0.7175480769230769 0.48677884615384615 0.0889423076923077 0.10336538461538461
0 0.6983173076923077 0.3870192307692308 0.06009615384615385 0.11057692307692307
0 0.6538461538461539 0.2644230769230769 0.057692307692307696 0.09615384615384616
0 0.6862980769230769 0.3173076923076923 0.06009615384615385 0.11538461538461539
0 0.6454326923076923 0.34375 0.05048076923076923 0.1201923076923077
0 0.5973557692307693 0.3173076923076923 0.055288461538461536 0.11538461538461539
0 0.5480769230769231 0.3317307692307692 0.04807692307692308 0.09615384615384616
0 0.09495192307692307 0.6117788461538461 0.07451923076923077 0.37740384615384615
0 0.057692307692307696 0.5540865384615384 0.10096153846153846 0.21394230769230768
0 0.08533653846153846 0.4723557692307692 0.11298076923076923 0.19471153846153846
0 0.04807692307692308 0.43990384615384615 0.07211538461538461 0.11538461538461539
0 0.051682692307692304 0.42908653846153844 0.0985576923076923 0.19471153846153846
0 0.030048076923076924 0.3954326923076923 0.055288461538461536 0.21394230769230768
0 0.02403846153846154 0.6971153846153846 0.04326923076923077 0.0625
0 0.1346153846153846 0.34134615384615385 0.08653846153846154 0.04326923076923077
0 0.15985576923076922 0.3713942307692308 0.016826923076923076 0.03125
0 0.18629807692307693 0.37259615384615385 0.026442307692307692 0.04326923076923077
0 0.20192307692307693 0.3894230769230769 0.019230769230769232 0.0673076923076923
0 0.22596153846153846 0.4050480769230769 0.02403846153846154 0.05048076923076923
0 0.23798076923076922 0.42788461538461536 0.019230769230769232 0.04326923076923077
0 0.2608173076923077 0.45072115384615385 0.021634615384615384 0.03125
0 0.28725961538461536 0.4639423076923077 0.016826923076923076 0.04326923076923077
0 0.296875 0.49038461538461536 0.040865384615384616 0.04807692307692308
0 0.2620192307692308 0.4723557692307692 0.028846153846153848 0.036057692307692304
0 0.2512019230769231 0.5120192307692307 0.040865384615384616 0.04326923076923077
0 0.2920673076923077 0.6237980769230769 0.040865384615384616 0.07451923076923077
0 0.30408653846153844 0.5793269230769231 0.036057692307692304 0.04326923076923077
0 0.3088942307692308 0.5360576923076923 0.040865384615384616 0.04326923076923077
0 0.27283653846153844 0.5552884615384616 0.03125 0.0673076923076923
0 0.24278846153846154 0.5697115384615384 0.028846153846153848 0.0625
0 0.25841346153846156 0.6177884615384616 0.036057692307692304 0.07211538461538461
0 0.2692307692307692 0.671875 0.038461538461538464 0.055288461538461536
0 0.24158653846153846 0.6862980769230769 0.026442307692307692 0.036057692307692304
0 0.20793269230769232 0.6766826923076923 0.040865384615384616 0.055288461538461536
0 0.18028846153846154 0.6790865384615384 0.02403846153846154 0.05048076923076923
0 0.15865384615384615 0.6790865384615384 0.019230769230769232 0.05048076923076923
0 0.12379807692307693 0.6850961538461539 0.04567307692307692 0.0625
0 0.09495192307692307 0.6670673076923077 0.021634615384615384 0.06009615384615385
0 0.14903846153846154 0.6346153846153846 0.028846153846153848 0.0673076923076923
0 0.16947115384615385 0.6057692307692307 0.026442307692307692 0.07211538461538461
0 0.19471153846153846 0.59375 0.028846153846153848 0.07211538461538461
0 0.21875 0.5877403846153846 0.028846153846153848 0.06009615384615385
0 0.11899038461538461 0.6117788461538461 0.036057692307692304 0.08413461538461539
0 0.15865384615384615 0.5516826923076923 0.03365384615384615 0.08413461538461539
0 0.19471153846153846 0.5300480769230769 0.028846153846153848 0.055288461538461536
0 0.22235576923076922 0.5372596153846154 0.026442307692307692 0.055288461538461536
0 0.12740384615384615 0.5552884615384616 0.028846153846153848 0.0673076923076923
0 0.14543269230769232 0.4963942307692308 0.036057692307692304 0.06009615384615385
0 0.18028846153846154 0.453125 0.028846153846153848 0.06009615384615385
0 0.21153846153846154 0.4807692307692308 0.019230769230769232 0.04326923076923077
0 0.23557692307692307 0.4723557692307692 0.02403846153846154 0.036057692307692304
0 0.1935096153846154 0.4807692307692308 0.021634615384615384 0.04326923076923077
0 0.21033653846153846 0.4326923076923077 0.026442307692307692 0.04326923076923077
0 0.15745192307692307 0.41346153846153844 0.036057692307692304 0.04326923076923077
0 0.18028846153846154 0.41225961538461536 0.02403846153846154 0.036057692307692304
0 0.4807692307692308 0.32211538461538464 0.057692307692307696 0.11538461538461539
0 0.484375 0.39663461538461536 0.040865384615384616 0.09134615384615384
0 0.5252403846153846 0.42908653846153844 0.04567307692307692 0.08413461538461539
0 0.47475961538461536 0.4807692307692308 0.05048076923076923 0.09134615384615384
0 0.5300480769230769 0.5264423076923077 0.06009615384615385 0.1201923076923077
0 0.4807692307692308 0.5925480769230769 0.028846153846153848 0.10336538461538461
0 0.4891826923076923 0.5661057692307693 0.05048076923076923 0.07932692307692307
0 0.4182692307692308 0.3473557692307692 0.08653846153846154 0.14182692307692307
0 0.328125 0.4411057692307692 0.055288461538461536 0.036057692307692304
0 0.39663461538461536 0.5769230769230769 0.057692307692307696 0.1346153846153846
0 0.4254807692307692 0.6045673076923077 0.03365384615384615 0.10336538461538461
0 0.3545673076923077 0.5673076923076923 0.040865384615384616 0.11538461538461539
0 0.4098557692307692 0.49278846153846156 0.11778846153846154 0.12980769230769232
0 0.36538461538461536 0.5697115384615384 0.09134615384615384 0.20673076923076922
0 0.44591346153846156 0.6213942307692307 0.12259615384615384 0.10336538461538461
0 0.6766826923076923 0.09134615384615384 0.026442307692307692 0.1778846153846154
0 0.6634615384615384 0.08533653846153846 0.028846153846153848 0.1658653846153846
0 0.6478365384615384 0.09134615384615384 0.026442307692307692 0.1778846153846154
0 0.6274038461538461 0.09134615384615384 0.028846153846153848 0.1778846153846154
0 0.6069711538461539 0.08533653846153846 0.026442307692307692 0.1658653846153846
0 0.5901442307692307 0.08533653846153846 0.026442307692307692 0.1658653846153846
0 0.5697115384615384 0.057692307692307696 0.019230769230769232 0.11057692307692307
0 0.5552884615384616 0.08173076923076923 0.028846153846153848 0.15865384615384615
0 0.5348557692307693 0.07932692307692307 0.026442307692307692 0.15384615384615385
0 0.5096153846153846 0.08533653846153846 0.038461538461538464 0.1658653846153846
0 0.47716346153846156 0.08173076923076923 0.036057692307692304 0.15865384615384615
0 0.4387019230769231 0.08533653846153846 0.040865384615384616 0.1658653846153846
0 0.4074519230769231 0.09375 0.036057692307692304 0.18269230769230768
0 0.390625 0.09375 0.05048076923076923 0.18269230769230768
0 0.3605769230769231 0.06009615384615385 0.019230769230769232 0.11538461538461539
0 0.17067307692307693 0.030048076923076924 0.04326923076923077 0.055288461538461536
0 0.11057692307692307 0.03365384615384615 0.04807692307692308 0.0625
0 0.14903846153846154 0.03365384615384615 0.04807692307692308 0.0625
0 0.07091346153846154 0.03365384615384615 0.03125 0.0625
0 0.038461538461538464 0.039663461538461536 0.04326923076923077 0.07451923076923077
0 0.014423076923076924 0.051682692307692304 0.02403846153846154 0.07451923076923077
0 0.016826923076923076 0.1310096153846154 0.028846153846153848 0.07451923076923077
0 0.051682692307692304 0.17668269230769232 0.026442307692307692 0.055288461538461536
0 0.020432692307692308 0.17067307692307693 0.021634615384615384 0.04326923076923077
0 0.016826923076923076 0.203125 0.02403846153846154 0.036057692307692304
0 0.042067307692307696 0.21875 0.026442307692307692 0.028846153846153848
0 0.06370192307692307 0.2091346153846154 0.026442307692307692 0.04807692307692308
0 0.08774038461538461 0.203125 0.026442307692307692 0.036057692307692304
0 0.12259615384615384 0.18990384615384615 0.028846153846153848 0.0673076923076923
0 0.12740384615384615 0.1346153846153846 0.028846153846153848 0.04326923076923077
0 0.15865384615384615 0.13341346153846154 0.028846153846153848 0.055288461538461536
0 0.09254807692307693 0.11778846153846154 0.040865384615384616 0.0625
0 0.07091346153846154 0.09254807692307693 0.026442307692307692 0.055288461538461536
0 0.040865384615384616 0.0985576923076923 0.028846153846153848 0.04326923076923077
0 0.1502403846153846 0.08413461538461539 0.04567307692307692 0.04326923076923077
0 0.30408653846153844 0.02403846153846154 0.0889423076923077 0.04326923076923077
0 0.22596153846153846 0.030048076923076924 0.0673076923076923 0.055288461538461536
0 0.29447115384615385 0.08413461538461539 0.10817307692307693 0.09134615384615384
0 0.21634615384615385 0.09375 0.08173076923076923 0.0625
0 0.17668269230769232 0.1778846153846154 0.06971153846153846 0.09134615384615384
