0 0.3713942307692308 0.7067307692307693 0.33413461538461536 0.3269230769230769
0 0.328125 0.3954326923076923 0.2283653846153846 0.3389423076923077
0 0.4735576923076923 0.22596153846153846 0.2644230769230769 0.23076923076923078
0 0.5 0.47836538461538464 0.20192307692307693 0.27403846153846156
0 0.5841346153846154 0.4230769230769231 0.14423076923076922 0.20673076923076922
0 0.6117788461538461 0.2704326923076923 0.19951923076923078 0.14182692307692307
0 0.8173076923076923 0.20192307692307693 0.1971153846153846 0.27884615384615385
0 0.7331730769230769 0.33653846153846156 0.17307692307692307 0.2403846153846154
0 0.7127403846153846 0.5048076923076923 0.17067307692307693 0.1971153846153846
0 0.7908653846153846 0.5793269230769231 0.19230769230769232 0.28846153846153844
0 0.9182692307692307 0.4254807692307692 0.14903846153846154 0.24519230769230768
0 0.9314903846153846 0.28966346153846156 0.12740384615384615 0.09375
