0 0.28846153846153844 0.07451923076923077 0.14903846153846154 0.09615384615384616
0 0.22115384615384615 0.028846153846153848 0.12980769230769232 0.04326923076923077
0 0.3076923076923077 0.30288461538461536 0.1346153846153846 0.08173076923076923
0 0.31009615384615385 0.41225961538461536 0.22115384615384615 0.1466346153846154
0 0.49038461538461536 0.38221153846153844 0.20192307692307693 0.15384615384615385
0 0.4375 0.5072115384615384 0.19230769230769232 0.14903846153846154
0 0.6009615384615384 0.5240384615384616 0.1346153846153846 0.125
0 0.5336538461538461 0.625 0.22596153846153846 0.12980769230769232
0 0.3449519230769231 0.6730769230769231 0.17067307692307693 0.1201923076923077
0 0.23798076923076922 0.6045673076923077 0.19230769230769232 0.1466346153846154
0 0.1466346153846154 0.5 0.15384615384615385 0.14903846153846154
0 0.06971153846153846 0.39663461538461536 0.125 0.2692307692307692
0 0.13341346153846154 0.2692307692307692 0.25240384615384615 0.30288461538461536
0 0.21634615384615385 0.140625 0.4182692307692308 0.2668269230769231
0 0.4014423076923077 0.15384615384615385 0.36538461538461536 0.2932692307692308
0 0.5504807692307693 0.20793269230769232 0.4326923076923077 0.4014423076923077
0 0.7956730769230769 0.19471153846153846 0.20673076923076922 0.14903846153846154
0 0.7487980769230769 0.06971153846153846 0.18028846153846154 0.125
0 0.9158653846153846 0.07211538461538461 0.16826923076923078 0.1346153846153846
0 0.9831730769230769 0.13701923076923078 0.03365384615384615 0.07211538461538461
0 0.30528846153846156 0.8689903846153846 0.15865384615384615 0.10817307692307693
0 0.28365384615384615 0.8149038461538461 0.07692307692307693 0.08173076923076923
0 0.25240384615384615 0.9567307692307693 0.20192307692307693 0.09134615384615384
0 0.16105769230769232 0.9134615384615384 0.09615384615384616 0.11057692307692307
0 0.2548076923076923 0.6971153846153846 0.4951923076923077 0.35096153846153844
0 0.53125 0.8004807692307693 0.19230769230769232 0.22115384615384615
0 0.6610576923076923 0.6105769230769231 0.08653846153846154 0.1346153846153846
0 0.7788461538461539 0.6394230769230769 0.23076923076923078 0.2932692307692308
0 0.8028846153846154 0.41586538461538464 0.3942307692307692 0.4951923076923077
0 0.8762019230769231 0.8149038461538461 0.17067307692307693 0.09615384615384616
0 0.7379807692307693 0.7548076923076923 0.14903846153846154 0.125
0 0.6526442307692307 0.8341346153846154 0.10336538461538461 0.10576923076923077
0 0.41947115384615385 0.9663461538461539 0.13701923076923078 0.0673076923076923
0 0.42908653846153844 0.9074519230769231 0.17067307692307693 0.06971153846153846
0 0.5600961538461539 0.9471153846153846 0.16346153846153846 0.11057692307692307
0 0.6490384615384616 0.8401442307692307 0.12980769230769232 0.10817307692307693
0 0.7055288461538461 0.9507211538461539 0.10817307692307693 0.07451923076923077
0 0.7295673076923077 0.8677884615384616 0.17548076923076922 0.11538461538461539
0 0.9266826923076923 0.8521634615384616 0.1466346153846154 0.12740384615384615
0 0.9651442307692307 0.7403846153846154 0.06971153846153846 0.17307692307692307
0 0.8870192307692307 0.7079326923076923 0.1201923076923077 0.12740384615384615
0 0.5036057692307693 0.5012019230769231 0.9975961538461539 0.9975961538461539
