0 0.8605769230769231 0.7704326923076923 0.27884615384615385 0.30528846153846156
0 0.8245192307692307 0.6189903846153846 0.35096153846153844 0.5264423076923077
0 0.8605769230769231 0.46153846153846156 0.1778846153846154 0.2932692307692308
0 0.9735576923076923 0.6370192307692307 0.052884615384615384 0.25961538461538464
0 0.9302884615384616 0.41346153846153844 0.13942307692307693 0.5480769230769231
0 0.7848557692307693 0.18509615384615385 0.18509615384615385 0.2692307692307692
0 0.9242788461538461 0.09615384615384616 0.15144230769230768 0.17307692307692307
0 0.890625 0.040865384615384616 0.21875 0.07211538461538461
0 0.6682692307692307 0.07091346153846154 0.19230769230769232 0.13701923076923078
0 0.5961538461538461 0.25240384615384615 0.1971153846153846 0.25961538461538464
0 0.6225961538461539 0.3629807692307692 0.21153846153846154 0.22596153846153846
0 0.6225961538461539 0.625 0.25 0.34615384615384615
0 0.5793269230769231 0.7716346153846154 0.33653846153846156 0.3173076923076923
0 0.5600961538461539 0.9014423076923077 0.22115384615384615 0.04807692307692308
0 0.3701923076923077 0.8100961538461539 0.1346153846153846 0.17307692307692307
0 0.23798076923076922 0.8557692307692307 0.46634615384615385 0.125
0 0.19230769230769232 0.6742788461538461 0.1875 0.24759615384615385
0 0.2956730769230769 0.6442307692307693 0.10096153846153846 0.14903846153846154
0 0.3581730769230769 0.6670673076923077 0.1201923076923077 0.25240384615384615
0 0.2980769230769231 0.5252403846153846 0.125 0.13701923076923078
0 0.09495192307692307 0.53125 0.18509615384615385 0.34134615384615385
0 0.051682692307692304 0.65625 0.0985576923076923 0.2932692307692308
0 0.07211538461538461 0.5612980769230769 0.125 0.19951923076923078
0 0.06850961538461539 0.3425480769230769 0.13221153846153846 0.31009615384615385
0 0.20192307692307693 0.34615384615384615 0.3125 0.5576923076923077
0 0.3798076923076923 0.3605769230769231 0.2548076923076923 0.3798076923076923
0 0.47836538461538464 0.5456730769230769 0.1201923076923077 0.125
0 0.18990384615384615 0.046875 0.19230769230769232 0.0889423076923077
0 0.125 0.1346153846153846 0.057692307692307696 0.125
0 0.028846153846153848 0.2283653846153846 0.052884615384615384 0.125
0 0.45072115384615385 0.1346153846153846 0.18509615384615385 0.23076923076923078
0 0.5961538461538461 0.25841346153846156 0.1971153846153846 0.24759615384615385
0 0.5721153846153846 0.0733173076923077 0.15384615384615385 0.14182692307692307
0 0.6322115384615384 0.0733173076923077 0.11057692307692307 0.14182692307692307
0 0.37740384615384615 0.04447115384615385 0.2548076923076923 0.08413461538461539
0 0.5012019230769231 0.46634615384615385 0.9975961538461539 0.9278846153846154
