0 0.7355769230769231 0.7932692307692307 0.1778846153846154 0.22115384615384615
0 0.5637019230769231 0.8221153846153846 0.17067307692307693 0.2548076923076923
0 0.5192307692307693 0.5913461538461539 0.1778846153846154 0.21634615384615385
0 0.640625 0.6754807692307693 0.07932692307692307 0.12980769230769232
0 0.38221153846153844 0.7788461538461539 0.20192307692307693 0.2403846153846154
0 0.38221153846153844 0.6322115384615384 0.16826923076923078 0.1346153846153846
0 0.19230769230769232 0.6995192307692307 0.19230769230769232 0.2403846153846154
0 0.2439903846153846 0.5673076923076923 0.17067307692307693 0.15865384615384615
0 0.34134615384615385 0.48677884615384615 0.27403846153846156 0.13221153846153846
0 0.5288461538461539 0.26802884615384615 0.09615384615384616 0.49759615384615385
0 0.6826923076923077 0.5480769230769231 0.19230769230769232 0.16826923076923078
