0 0.9639423076923077 0.8413461538461539 0.0673076923076923 0.11538461538461539
0 0.8317307692307693 0.5949519230769231 0.33653846153846156 0.4639423076923077
0 0.9326923076923077 0.33653846153846156 0.1346153846153846 0.4375
0 0.9543269230769231 0.0625 0.09134615384615384 0.1201923076923077
0 0.7127403846153846 0.21634615384615385 0.38221153846153844 0.42788461538461536
0 0.48197115384615385 0.4951923076923077 0.37740384615384615 0.4951923076923077
0 0.43509615384615385 0.8028846153846154 0.3557692307692308 0.19230769230769232
0 0.6694711538461539 0.8052884615384616 0.19471153846153846 0.1875
0 0.8449519230769231 0.8701923076923077 0.15625 0.0673076923076923
0 0.27283653846153844 0.7788461538461539 0.17548076923076922 0.25
0 0.10817307692307693 0.8173076923076923 0.21153846153846154 0.16346153846153846
0 0.15504807692307693 0.40384615384615385 0.30528846153846156 0.6778846153846154
0 0.3798076923076923 0.13942307692307693 0.3076923076923077 0.2692307692307692
0 0.20192307692307693 0.12620192307692307 0.10576923076923077 0.0889423076923077
0 0.10576923076923077 0.06009615384615385 0.20673076923076922 0.11538461538461539
0 0.5012019230769231 0.4543269230769231 0.9975961538461539 0.9038461538461539
