0 0.38822115384615385 0.6790865384615384 0.5985576923076923 0.6177884615384616
0 0.40384615384615385 0.7524038461538461 0.3269230769230769 0.2403846153846154
0 0.6081730769230769 0.47596153846153844 0.5865384615384616 0.5673076923076923
0 0.2127403846153846 0.23557692307692307 0.40625 0.23557692307692307
0 0.3233173076923077 0.0625 0.2091346153846154 0.11057692307692307
0 0.7451923076923077 0.2956730769230769 0.32211538461538464 0.27884615384615385
0 0.65625 0.18269230769230768 0.5817307692307693 0.35096153846153844
0 0.8557692307692307 0.17307692307692307 0.28365384615384615 0.3317307692307692
0 0.9350961538461539 0.5432692307692307 0.10096153846153846 0.21634615384615385
0 0.6911057692307693 0.8834134615384616 0.44471153846153844 0.23317307692307693
0 0.8653846153846154 0.7992788461538461 0.15384615384615385 0.14182692307692307
