0 0.8293269230769231 0.7980769230769231 0.1346153846153846 0.25961538461538464
0 0.9290865384615384 0.8461538461538461 0.07932692307692307 0.13942307692307693
0 0.9086538461538461 0.7572115384615384 0.04326923076923077 0.0625
0 0.7367788461538461 0.7884615384615384 0.06971153846153846 0.13942307692307693
0 0.7043269230769231 0.8173076923076923 0.09134615384615384 0.18269230769230768
0 0.6201923076923077 0.8509615384615384 0.09615384615384616 0.1778846153846154
0 0.5961538461538461 0.7427884615384616 0.12980769230769232 0.24519230769230768
0 0.6706730769230769 0.6286057692307693 0.0625 0.23317307692307693
0 0.6189903846153846 0.5637019230769231 0.07932692307692307 0.15144230769230768
0 0.6995192307692307 0.45913461538461536 0.07692307692307693 0.18269230769230768
0 0.7740384615384616 0.4206730769230769 0.07211538461538461 0.1201923076923077
0 0.5228365384615384 0.84375 0.06971153846153846 0.15865384615384615
0 0.4266826923076923 0.8100961538461539 0.29086538461538464 0.24519230769230768
0 0.40865384615384615 0.7884615384615384 0.23557692307692307 0.34134615384615385
0 0.5276442307692307 0.5432692307692307 0.10817307692307693 0.2644230769230769
0 0.39663461538461536 0.3798076923076923 0.2548076923076923 0.5769230769230769
0 0.49759615384615385 0.24519230769230768 0.1201923076923077 0.34615384615384615
0 0.3870192307692308 0.5120192307692307 0.09615384615384616 0.16346153846153846
0 0.3605769230769231 0.7163461538461539 0.18269230769230768 0.28365384615384615
0 0.30288461538461536 0.5228365384615384 0.08653846153846154 0.13221153846153846
0 0.22596153846153846 0.49278846153846156 0.08653846153846154 0.13942307692307693
0 0.3173076923076923 0.4411057692307692 0.1201923076923077 0.13221153846153846
0 0.2668269230769231 0.33653846153846156 0.11538461538461539 0.1778846153846154
0 0.14903846153846154 0.6382211538461539 0.27403846153846156 0.31490384615384615
0 0.18028846153846154 0.7451923076923077 0.08173076923076923 0.13942307692307693
0 0.21033653846153846 0.8545673076923077 0.0985576923076923 0.19471153846153846
0 0.2980769230769231 0.8269230769230769 0.07692307692307693 0.16346153846153846
0 0.24519230769230768 0.7475961538461539 0.04807692307692308 0.10576923076923077
0 0.13701923076923078 0.8461538461538461 0.07692307692307693 0.125
0 0.12740384615384615 0.7524038461538461 0.038461538461538464 0.0625
0 0.08052884615384616 0.8185096153846154 0.07932692307692307 0.13221153846153846
0 0.7235576923076923 0.5745192307692307 0.04807692307692308 0.10096153846153846
0 0.7512019230769231 0.5192307692307693 0.06009615384615385 0.07692307692307693
0 0.8040865384615384 0.4831730769230769 0.040865384615384616 0.10576923076923077
0 0.7920673076923077 0.5841346153846154 0.040865384615384616 0.10576923076923077
0 0.7620192307692307 0.6346153846153846 0.028846153846153848 0.10576923076923077
0 0.7175480769230769 0.6670673076923077 0.05048076923076923 0.09375
0 0.7524038461538461 0.6826923076923077 0.04807692307692308 0.10096153846153846
0 0.7920673076923077 0.6706730769230769 0.021634615384615384 0.0625
0 0.8197115384615384 0.6358173076923077 0.04326923076923077 0.09375
0 0.8353365384615384 0.5504807692307693 0.05048076923076923 0.10096153846153846
0 0.8533653846153846 0.5132211538461539 0.028846153846153848 0.05048076923076923
0 0.8701923076923077 0.5685096153846154 0.019230769230769232 0.05048076923076923
0 0.8942307692307693 0.6033653846153846 0.03365384615384615 0.04326923076923077
0 0.9002403846153846 0.6670673076923077 0.040865384615384616 0.06971153846153846
0 0.9242788461538461 0.671875 0.040865384615384616 0.09375
0 0.9122596153846154 0.7355769230769231 0.040865384615384616 0.057692307692307696
0 0.8774038461538461 0.703125 0.038461538461538464 0.06971153846153846
0 0.8581730769230769 0.6442307692307693 0.038461538461538464 0.08653846153846154
0 0.6165865384615384 0.4206730769230769 0.0889423076923077 0.2692307692307692
0 0.5985576923076923 0.4567307692307692 0.052884615384615384 0.13942307692307693
0 0.6802884615384616 0.39663461538461536 0.057692307692307696 0.20673076923076922
