0 0.578125 0.2848557692307692 0.31009615384615385 0.43509615384615385
0 0.7920673076923077 0.31490384615384615 0.34375 0.2932692307692308
0 0.8100961538461539 0.5120192307692307 0.16826923076923078 0.35096153846153844
0 0.17548076923076922 0.7740384615384616 0.22596153846153846 0.17307692307692307
0 0.31971153846153844 0.6286057692307693 0.21153846153846154 0.2620192307692308
0 0.2620192307692308 0.4230769230769231 0.22115384615384615 0.44711538461538464
0 0.2127403846153846 0.45552884615384615 0.23317307692307693 0.5120192307692307
0 0.14903846153846154 0.4495192307692308 0.25961538461538464 0.40384615384615385
0 0.6274038461538461 0.7740384615384616 0.25 0.30288461538461536
0 0.5709134615384616 0.7980769230769231 0.25721153846153844 0.2548076923076923
0 0.4098557692307692 0.7644230769230769 0.09375 0.16826923076923078
0 0.47115384615384615 0.6995192307692307 0.09615384615384616 0.08173076923076923
0 0.515625 0.5913461538461539 0.10336538461538461 0.1201923076923077
0 0.6370192307692307 0.5408653846153846 0.1875 0.14903846153846154
0 0.28365384615384615 0.6286057692307693 0.28846153846153844 0.23798076923076922
