0 0.7163461538461539 0.15144230769230768 0.33653846153846156 0.28365384615384615
0 0.7692307692307693 0.25721153846153844 0.3173076923076923 0.38461538461538464
0 0.7596153846153846 0.5192307692307693 0.27403846153846156 0.34134615384615385
0 0.8317307692307693 0.6850961538461539 0.25961538461538464 0.2692307692307692
0 0.7932692307692307 0.8100961538461539 0.2403846153846154 0.18269230769230768
0 0.765625 0.9326923076923077 0.14182692307692307 0.125
0 0.8185096153846154 0.9543269230769231 0.19951923076923078 0.09134615384615384
0 0.5997596153846154 0.9723557692307693 0.18028846153846154 0.055288461538461536
0 0.5673076923076923 0.8966346153846154 0.21153846153846154 0.1875
0 0.5396634615384616 0.7740384615384616 0.2764423076923077 0.25961538461538464
0 0.49278846153846156 0.53125 0.25 0.41346153846153844
0 0.31009615384615385 0.2620192307692308 0.30288461538461536 0.4519230769230769
0 0.203125 0.09134615384615384 0.2956730769230769 0.16346153846153846
0 0.052884615384615384 0.38461538461538464 0.09615384615384616 0.4230769230769231
0 0.15384615384615385 0.5793269230769231 0.30288461538461536 0.40865384615384615
0 0.25721153846153844 0.7572115384615384 0.28365384615384615 0.28846153846153844
0 0.2932692307692308 0.8774038461538461 0.21153846153846154 0.20192307692307693
0 0.359375 0.9411057692307693 0.19951923076923078 0.11778846153846154
