0 0.8257211538461539 0.6983173076923077 0.2668269230769231 0.44471153846153844
0 0.8641826923076923 0.46033653846153844 0.06490384615384616 0.03125
0 0.9326923076923077 0.4495192307692308 0.038461538461538464 0.03365384615384615
0 0.7572115384615384 0.4495192307692308 0.038461538461538464 0.03365384615384615
0 0.9158653846153846 0.375 0.02403846153846154 0.03365384615384615
0 0.9399038461538461 0.375 0.03365384615384615 0.03365384615384615
0 0.921875 0.3269230769230769 0.06009615384615385 0.03365384615384615
0 0.9146634615384616 0.2932692307692308 0.04567307692307692 0.03365384615384615
0 0.8954326923076923 0.203125 0.04567307692307692 0.03125
0 0.7331730769230769 0.2283653846153846 0.03365384615384615 0.02403846153846154
0 0.7584134615384616 0.18389423076923078 0.04567307692307692 0.03125
0 0.7331730769230769 0.31009615384615385 0.014423076923076924 0.02403846153846154
0 0.71875 0.3293269230769231 0.014423076923076924 0.014423076923076924
0 0.7788461538461539 0.3485576923076923 0.02403846153846154 0.03365384615384615
0 0.6394230769230769 0.10817307692307693 0.2980769230769231 0.20192307692307693
0 0.7067307692307693 0.06971153846153846 0.019230769230769232 0.04807692307692308
0 0.4014423076923077 0.07692307692307693 0.1971153846153846 0.13942307692307693
0 0.27403846153846156 0.06610576923076923 0.11057692307692307 0.11778846153846154
0 0.13822115384615385 0.0889423076923077 0.17067307692307693 0.1346153846153846
0 0.05048076923076923 0.2247596153846154 0.09615384615384616 0.2091346153846154
0 0.234375 0.27163461538461536 0.38221153846153844 0.34134615384615385
0 0.4567307692307692 0.21754807692307693 0.11538461538461539 0.16105769230769232
0 0.4951923076923077 0.2860576923076923 0.10096153846153846 0.10096153846153846
0 0.6057692307692307 0.265625 0.13942307692307693 0.0985576923076923
0 0.5504807692307693 0.4579326923076923 0.3605769230769231 0.2956730769230769
0 0.5024038461538461 0.8293269230769231 0.6634615384615384 0.34134615384615385
0 0.14182692307692307 0.9507211538461539 0.14423076923076922 0.08413461538461539
0 0.13701923076923078 0.7680288461538461 0.2644230769230769 0.31971153846153844
0 0.12740384615384615 0.4855769230769231 0.24519230769230768 0.3173076923076923
0 0.3004807692307692 0.6370192307692307 0.4423076923076923 0.3605769230769231
0 0.5024038461538461 0.6274038461538461 0.1971153846153846 0.11538461538461539
