0 0.9302884615384616 0.4543269230769231 0.13942307692307693 0.21634615384615385
0 0.9543269230769231 0.5685096153846154 0.09134615384615384 0.19471153846153846
0 0.9447115384615384 0.7512019230769231 0.11057692307692307 0.2620192307692308
0 0.8737980769230769 0.7800480769230769 0.08413461538461539 0.12740384615384615
0 0.7644230769230769 0.7740384615384616 0.14903846153846154 0.14903846153846154
0 0.7043269230769231 0.6923076923076923 0.125 0.24519230769230768
0 0.8641826923076923 0.6610576923076923 0.11778846153846154 0.14903846153846154
0 0.8149038461538461 0.6201923076923077 0.07692307692307693 0.14903846153846154
0 0.8461538461538461 0.4182692307692308 0.04807692307692308 0.0625
0 0.8509615384615384 0.5 0.038461538461538464 0.09134615384615384
0 0.8076923076923077 0.8737980769230769 0.27403846153846156 0.14182692307692307
0 0.5829326923076923 0.8737980769230769 0.18028846153846154 0.13221153846153846
0 0.5012019230769231 0.8257211538461539 0.18990384615384615 0.20432692307692307
0 0.41346153846153844 0.9399038461538461 0.14903846153846154 0.11538461538461539
0 0.47596153846153844 0.5192307692307693 0.1201923076923077 0.08653846153846154
0 0.6887019230769231 0.36778846153846156 0.4254807692307692 0.4230769230769231
0 0.6478365384615384 0.43149038461538464 0.5360576923076923 0.3870192307692308
0 0.49759615384615385 0.65625 0.0673076923076923 0.14423076923076922
0 0.6850961538461539 0.5685096153846154 0.3173076923076923 0.21875
0 0.5841346153846154 0.7199519230769231 0.1201923076923077 0.0985576923076923
0 0.5889423076923077 0.7764423076923077 0.04326923076923077 0.038461538461538464
0 0.21394230769230768 0.7860576923076923 0.40865384615384615 0.4230769230769231
0 0.28846153846153844 0.796875 0.33653846153846156 0.4014423076923077
0 0.41346153846153844 0.7391826923076923 0.13942307692307693 0.17067307692307693
0 0.037259615384615384 0.8305288461538461 0.040865384615384616 0.07932692307692307
0 0.06129807692307692 0.8689903846153846 0.026442307692307692 0.07451923076923077
0 0.09615384615384616 0.8425480769230769 0.08173076923076923 0.10336538461538461
0 0.12980769230769232 0.8197115384615384 0.08653846153846154 0.03365384615384615
0 0.13942307692307693 0.8161057692307693 0.02403846153846154 0.0985576923076923
0 0.06971153846153846 0.7764423076923077 0.057692307692307696 0.052884615384615384
0 0.020432692307692308 0.8425480769230769 0.036057692307692304 0.11778846153846154
0 0.008413461538461538 0.7019230769230769 0.01201923076923077 0.11057692307692307
0 0.038461538461538464 0.296875 0.052884615384615384 0.08413461538461539
0 0.016826923076923076 0.36658653846153844 0.028846153846153848 0.07451923076923077
0 0.009615384615384616 0.3076923076923077 0.014423076923076924 0.052884615384615384
0 0.109375 0.29447115384615385 0.10817307692307693 0.04567307692307692
0 0.09615384615384616 0.3954326923076923 0.038461538461538464 0.10817307692307693
0 0.06009615384615385 0.3737980769230769 0.057692307692307696 0.10336538461538461
0 0.026442307692307692 0.41346153846153844 0.04807692307692308 0.03365384615384615
0 0.03365384615384615 0.4519230769230769 0.0625 0.0625
0 0.02403846153846154 0.5024038461538461 0.04326923076923077 0.07692307692307693
0 0.078125 0.4807692307692308 0.03125 0.0625
0 0.11899038461538461 0.47716346153846156 0.04567307692307692 0.11298076923076923
0 0.12620192307692307 0.33653846153846156 0.03125 0.052884615384615384
0 0.16346153846153846 0.3137019230769231 0.07692307692307693 0.19951923076923078
0 0.17307692307692307 0.421875 0.04326923076923077 0.05048076923076923
0 0.18990384615384615 0.3449519230769231 0.03365384615384615 0.11298076923076923
0 0.21995192307692307 0.3076923076923077 0.04567307692307692 0.22115384615384615
0 0.25841346153846156 0.25721153846153844 0.03125 0.14423076923076922
0 0.3293269230769231 0.2764423076923077 0.125 0.14903846153846154
0 0.30528846153846156 0.33774038461538464 0.11057692307692307 0.07451923076923077
0 0.28125 0.28846153846153844 0.04807692307692308 0.03365384615384615
0 0.36177884615384615 0.2800480769230769 0.05048076923076923 0.040865384615384616
0 0.4098557692307692 0.30288461538461536 0.055288461538461536 0.052884615384615384
0 0.44350961538461536 0.2439903846153846 0.036057692307692304 0.04567307692307692
0 0.46634615384615385 0.29927884615384615 0.057692307692307696 0.07932692307692307
0 0.5649038461538461 0.34615384615384615 0.03365384615384615 0.057692307692307696
0 0.6346153846153846 0.41466346153846156 0.08173076923076923 0.10336538461538461
0 0.5625 0.4855769230769231 0.04807692307692308 0.052884615384615384
0 0.5576923076923077 0.41947115384615385 0.09615384615384616 0.10336538461538461
0 0.5180288461538461 0.4651442307692308 0.04567307692307692 0.07932692307692307
0 0.5180288461538461 0.3762019230769231 0.055288461538461536 0.07451923076923077
0 0.46634615384615385 0.35096153846153844 0.057692307692307696 0.0673076923076923
0 0.47596153846153844 0.43990384615384615 0.04807692307692308 0.09615384615384616
0 0.4170673076923077 0.4110576923076923 0.06490384615384616 0.1201923076923077
0 0.3581730769230769 0.4651442307692308 0.07211538461538461 0.07932692307692307
0 0.38822115384615385 0.5252403846153846 0.055288461538461536 0.07451923076923077
0 0.3317307692307692 0.5649038461538461 0.0625 0.12980769230769232
0 0.27163461538461536 0.5877403846153846 0.07211538461538461 0.07451923076923077
0 0.22115384615384615 0.6165865384615384 0.0625 0.05048076923076923
0 0.27163461538461536 0.5240384615384616 0.057692307692307696 0.057692307692307696
0 0.19110576923076922 0.5709134615384616 0.07932692307692307 0.10817307692307693
0 0.15865384615384615 0.5625 0.09134615384615384 0.09134615384615384
0 0.17067307692307693 0.4795673076923077 0.052884615384615384 0.07451923076923077
0 0.2247596153846154 0.4675480769230769 0.055288461538461536 0.0985576923076923
0 0.27403846153846156 0.39903846153846156 0.07692307692307693 0.08653846153846154
0 0.28725961538461536 0.4495192307692308 0.06971153846153846 0.09134615384615384
0 0.34975961538461536 0.39903846153846156 0.06971153846153846 0.052884615384615384
