0 0.8689903846153846 0.3762019230769231 0.25721153846153844 0.3389423076923077
0 0.8557692307692307 0.4855769230769231 0.1875 0.14903846153846154
0 0.5769230769230769 0.5444711538461539 0.36538461538461536 0.2620192307692308
0 0.6274038461538461 0.41466346153846156 0.25961538461538464 0.18509615384615385
0 0.7331730769230769 0.6334134615384616 0.5048076923076923 0.25240384615384615
0 0.6454326923076923 0.7884615384615384 0.17548076923076922 0.17307692307692307
0 0.4543269230769231 0.8125 0.24519230769230768 0.16346153846153846
0 0.25 0.5456730769230769 0.47115384615384615 0.14423076923076922
0 0.14783653846153846 0.47596153846153844 0.2620192307692308 0.09134615384615384
0 0.31490384615384615 0.3449519230769231 0.4423076923076923 0.31490384615384615
0 0.4483173076923077 0.1502403846153846 0.18990384615384615 0.2956730769230769
0 0.6310096153846154 0.32091346153846156 0.23317307692307693 0.18990384615384615
0 0.6394230769230769 0.16947115384615385 0.1875 0.24759615384615385
0 0.07451923076923077 0.4050480769230769 0.125 0.11778846153846154
0 0.06850961538461539 0.7091346153846154 0.11778846153846154 0.1778846153846154
0 0.0733173076923077 0.6923076923076923 0.05048076923076923 0.038461538461538464
0 0.09375 0.6706730769230769 0.057692307692307696 0.04807692307692308
0 0.12379807692307693 0.7067307692307693 0.040865384615384616 0.038461538461538464
0 0.16706730769230768 0.7115384615384616 0.04567307692307692 0.04807692307692308
0 0.19591346153846154 0.7139423076923077 0.04567307692307692 0.052884615384615384
0 0.1935096153846154 0.7403846153846154 0.040865384615384616 0.038461538461538464
0 0.2247596153846154 0.7572115384615384 0.036057692307692304 0.052884615384615384
0 0.2403846153846154 0.7115384615384616 0.04326923076923077 0.057692307692307696
0 0.27163461538461536 0.7475961538461539 0.052884615384615384 0.052884615384615384
0 0.2956730769230769 0.6971153846153846 0.052884615384615384 0.038461538461538464
0 0.3161057692307692 0.7259615384615384 0.05048076923076923 0.038461538461538464
0 0.34615384615384615 0.6742788461538461 0.0625 0.06490384615384616
0 0.3942307692307692 0.6682692307692307 0.02403846153846154 0.04326923076923077
0 0.4230769230769231 0.6370192307692307 0.057692307692307696 0.038461538461538464
0 0.4411057692307692 0.6634615384615384 0.05048076923076923 0.03365384615384615
0 0.375 0.6201923076923077 0.038461538461538464 0.04326923076923077
0 0.3317307692307692 0.6394230769230769 0.057692307692307696 0.052884615384615384
0 0.31850961538461536 0.6057692307692307 0.06490384615384616 0.0625
0 0.28966346153846156 0.6658653846153846 0.040865384615384616 0.038461538461538464
0 0.26322115384615385 0.6201923076923077 0.04567307692307692 0.04326923076923077
0 0.28966346153846156 0.6129807692307693 0.040865384615384616 0.038461538461538464
0 0.25 0.6682692307692307 0.038461538461538464 0.04326923076923077
0 0.1935096153846154 0.6682692307692307 0.04567307692307692 0.052884615384615384
0 0.2247596153846154 0.6586538461538461 0.036057692307692304 0.052884615384615384
0 0.21754807692307693 0.6201923076923077 0.036057692307692304 0.03365384615384615
0 0.20673076923076922 0.6009615384615384 0.04326923076923077 0.02403846153846154
0 0.22956730769230768 0.5889423076923077 0.036057692307692304 0.028846153846153848
0 0.2692307692307692 0.5841346153846154 0.03365384615384615 0.019230769230769232
0 0.171875 0.6274038461538461 0.04567307692307692 0.04807692307692308
0 0.15144230769230768 0.6730769230769231 0.028846153846153848 0.03365384615384615
0 0.11538461538461539 0.6706730769230769 0.04326923076923077 0.04807692307692308
