0 0.8653846153846154 0.6586538461538461 0.17307692307692307 0.32211538461538464
0 0.6959134615384616 0.7163461538461539 0.18509615384615385 0.2644230769230769
0 0.5012019230769231 0.7548076923076923 0.1466346153846154 0.23076923076923078
0 0.5817307692307693 0.6802884615384616 0.1201923076923077 0.2403846153846154
0 0.6875 0.5757211538461539 0.12980769230769232 0.18990384615384615
0 0.7944711538461539 0.5372596153846154 0.10336538461538461 0.18509615384615385
0 0.7860576923076923 0.45072115384615385 0.11538461538461539 0.13701923076923078
0 0.6862980769230769 0.47115384615384615 0.12259615384615384 0.11057692307692307
0 0.5805288461538461 0.5108173076923077 0.0985576923076923 0.15625
0 0.5192307692307693 0.46274038461538464 0.1778846153846154 0.24278846153846154
0 0.44711538461538464 0.6370192307692307 0.1201923076923077 0.2932692307692308
0 0.32211538461538464 0.6838942307692307 0.22115384615384615 0.37259615384615385
0 0.31009615384615385 0.42788461538461536 0.14423076923076922 0.1971153846153846
0 0.3737980769230769 0.5084134615384616 0.06009615384615385 0.07932692307692307
0 0.1814903846153846 0.5084134615384616 0.18990384615384615 0.2764423076923077
0 0.18870192307692307 0.5600961538461539 0.0889423076923077 0.18269230769230768
0 0.14423076923076922 0.7235576923076923 0.15865384615384615 0.20192307692307693
