0 0.15625 0.052884615384615384 0.2980769230769231 0.09134615384615384
0 0.09254807692307693 0.15144230769230768 0.17067307692307693 0.13942307692307693
0 0.18870192307692307 0.29086538461538464 0.25240384615384615 0.16346153846153846
0 0.08173076923076923 0.3245192307692308 0.14903846153846154 0.19230769230769232
0 0.17668269230769232 0.45913461538461536 0.21394230769230768 0.17307692307692307
0 0.27163461538461536 0.3293269230769231 0.1875 0.15865384615384615
0 0.09254807692307693 0.5 0.17067307692307693 0.16826923076923078
0 0.028846153846153848 0.5697115384615384 0.038461538461538464 0.08173076923076923
0 0.5096153846153846 0.25240384615384615 0.3173076923076923 0.23076923076923078
0 0.6394230769230769 0.08173076923076923 0.4519230769230769 0.14903846153846154
0 0.28846153846153844 0.12139423076923077 0.27403846153846156 0.2283653846153846
0 0.4543269230769231 0.4951923076923077 0.38461538461538464 0.25961538461538464
0 0.6466346153846154 0.28125 0.23076923076923078 0.25961538461538464
0 0.23557692307692307 0.6574519230769231 0.3557692307692308 0.25721153846153844
0 0.11057692307692307 0.7692307692307693 0.20192307692307693 0.25
0 0.7896634615384616 0.5012019230769231 0.4254807692307692 0.9975961538461539
0 0.8125 0.7259615384615384 0.125 0.09134615384615384
0 0.7415865384615384 0.6490384615384616 0.06009615384615385 0.07211538461538461
0 0.6670673076923077 0.6346153846153846 0.13221153846153846 0.09134615384615384
0 0.6286057692307693 0.65625 0.13221153846153846 0.07692307692307693
0 0.5528846153846154 0.6274038461538461 0.0673076923076923 0.038461538461538464
0 0.6177884615384616 0.5625 0.07692307692307693 0.0673076923076923
0 0.49038461538461536 0.6826923076923077 0.15865384615384615 0.09134615384615384
0 0.46153846153846156 0.7764423076923077 0.14903846153846154 0.1346153846153846
0 0.3605769230769231 0.8269230769230769 0.14423076923076922 0.09134615384615384
0 0.3245192307692308 0.78125 0.11538461538461539 0.04807692307692308
0 0.27163461538461536 0.8557692307692307 0.14423076923076922 0.1201923076923077
0 0.17307692307692307 0.9362980769230769 0.15384615384615385 0.055288461538461536
0 0.12740384615384615 0.9771634615384616 0.13942307692307693 0.04567307692307692
0 0.03245192307692308 0.9795673076923077 0.05048076923076923 0.040865384615384616
0 0.23918269230769232 0.9795673076923077 0.0889423076923077 0.040865384615384616
0 0.32091346153846156 0.9471153846153846 0.15625 0.10576923076923077
0 0.40384615384615385 0.9170673076923077 0.11057692307692307 0.09375
0 0.41466346153846156 0.9831730769230769 0.1658653846153846 0.03365384615384615
0 0.5432692307692307 0.9543269230769231 0.14903846153846154 0.09134615384615384
0 0.5276442307692307 0.8725961538461539 0.17067307692307693 0.11538461538461539
0 0.5865384615384616 0.7572115384615384 0.14423076923076922 0.10096153846153846
0 0.7067307692307693 0.71875 0.1201923076923077 0.07692307692307693
0 0.6899038461538461 0.8064903846153846 0.1201923076923077 0.10817307692307693
0 0.7451923076923077 0.7740384615384616 0.03365384615384615 0.028846153846153848
0 0.6213942307692307 0.8341346153846154 0.06009615384615385 0.038461538461538464
0 0.8100961538461539 0.828125 0.1201923076923077 0.07932692307692307
0 0.7800480769230769 0.7848557692307693 0.09375 0.036057692307692304
0 0.7463942307692307 0.8942307692307693 0.09375 0.08653846153846154
0 0.6598557692307693 0.90625 0.09375 0.10096153846153846
0 0.6213942307692307 0.9735576923076923 0.10817307692307693 0.052884615384615384
0 0.5048076923076923 0.5012019230769231 0.9951923076923077 0.9975961538461539
