0 0.07572115384615384 0.35096153846153844 0.13701923076923078 0.5
0 0.05889423076923077 0.7019230769230769 0.10336538461538461 0.25961538461538464
0 0.036057692307692304 0.8822115384615384 0.057692307692307696 0.10576923076923077
0 0.09375 0.8413461538461539 0.10096153846153846 0.16826923076923078
0 0.109375 0.9543269230769231 0.15625 0.09134615384615384
0 0.23918269230769232 0.8774038461538461 0.21394230769230768 0.20673076923076922
0 0.20432692307692307 0.671875 0.2403846153846154 0.22355769230769232
0 0.21875 0.49759615384615385 0.16346153846153846 0.20673076923076922
0 0.20552884615384615 0.2764423076923077 0.17548076923076922 0.3076923076923077
0 0.35336538461538464 0.25721153846153844 0.24519230769230768 0.3125
0 0.1971153846153846 0.11298076923076923 0.10576923076923077 0.019230769230769232
0 0.390625 0.12620192307692307 0.11778846153846154 0.036057692307692304
0 0.4206730769230769 0.39903846153846156 0.22596153846153846 0.25961538461538464
0 0.4182692307692308 0.5961538461538461 0.3076923076923077 0.25961538461538464
0 0.36658653846153844 0.7788461538461539 0.10336538461538461 0.1346153846153846
0 0.3942307692307692 0.8461538461538461 0.1346153846153846 0.25961538461538464
0 0.25 0.9795673076923077 0.14423076923076922 0.040865384615384616
0 0.3858173076923077 0.9831730769230769 0.17067307692307693 0.03365384615384615
0 0.5504807692307693 0.9302884615384616 0.21634615384615385 0.14423076923076922
0 0.5649038461538461 0.7692307692307693 0.21634615384615385 0.25
0 0.6802884615384616 0.5384615384615384 0.21153846153846154 0.2692307692307692
0 0.6033653846153846 0.2548076923076923 0.19230769230769232 0.3076923076923077
0 0.4639423076923077 0.1658653846153846 0.09134615384615384 0.13942307692307693
0 0.7920673076923077 0.2668269230769231 0.17548076923076922 0.24519230769230768
0 0.6586538461538461 0.1971153846153846 0.1875 0.19230769230769232
0 0.7788461538461539 0.14182692307692307 0.14423076923076922 0.0673076923076923
0 0.9182692307692307 0.1658653846153846 0.16346153846153846 0.125
0 0.9074519230769231 0.3125 0.18509615384615385 0.2692307692307692
0 0.8269230769230769 0.31971153846153844 0.10576923076923077 0.11538461538461539
0 0.953125 0.49278846153846156 0.09375 0.34615384615384615
0 0.8269230769230769 0.6598557692307693 0.34615384615384615 0.4831730769230769
0 0.7439903846153846 0.6706730769230769 0.21394230769230768 0.5721153846153846
0 0.9266826923076923 0.7415865384615384 0.1466346153846154 0.18990384615384615
0 0.8713942307692307 0.9146634615384616 0.25721153846153844 0.17067307692307693
0 0.953125 0.8449519230769231 0.09375 0.13221153846153846
0 0.7824519230769231 0.8990384615384616 0.16105769230769232 0.20192307692307693
0 0.671875 0.9519230769230769 0.06490384615384616 0.0625
0 0.5024038461538461 0.5528846153846154 0.9951923076923077 0.8942307692307693
