0 0.7115384615384616 0.2668269230769231 0.15384615384615385 0.14423076923076922
0 0.96875 0.9362980769230769 0.038461538461538464 0.10336538461538461
0 0.9711538461538461 0.453125 0.052884615384615384 0.0889423076923077
0 0.9182692307692307 0.9254807692307693 0.09134615384615384 0.14423076923076922
0 0.8293269230769231 0.9326923076923077 0.11538461538461539 0.12980769230769232
0 0.7271634615384616 0.9302884615384616 0.11298076923076923 0.1346153846153846
0 0.6334134615384616 0.9350961538461539 0.09375 0.125
0 0.5492788461538461 0.9411057692307693 0.08413461538461539 0.11298076923076923
0 0.4579326923076923 0.9459134615384616 0.0889423076923077 0.10336538461538461
0 0.3449519230769231 0.9146634615384616 0.12259615384615384 0.1658653846153846
0 0.359375 0.734375 0.12740384615384615 0.25721153846153844
0 0.3473557692307692 0.49158653846153844 0.10336538461538461 0.23798076923076922
0 0.3004807692307692 0.29927884615384615 0.1201923076923077 0.17067307692307693
0 0.32572115384615385 0.21033653846153846 0.0985576923076923 0.11298076923076923
0 0.390625 0.21875 0.04567307692307692 0.1346153846153846
0 0.45072115384615385 0.22716346153846154 0.07451923076923077 0.17067307692307693
0 0.5264423076923077 0.19591346153846154 0.07692307692307693 0.12740384615384615
0 0.5961538461538461 0.18509615384615385 0.08173076923076923 0.15865384615384615
0 0.6694711538461539 0.1658653846153846 0.07932692307692307 0.13942307692307693
0 0.7451923076923077 0.14783653846153846 0.0625 0.10336538461538461
0 0.8088942307692307 0.16706730769230768 0.05048076923076923 0.10336538461538461
0 0.8641826923076923 0.18509615384615385 0.04567307692307692 0.08653846153846154
0 0.11658653846153846 0.21153846153846154 0.06490384615384616 0.08653846153846154
0 0.18509615384615385 0.20192307692307693 0.07211538461538461 0.07692307692307693
0 0.2548076923076923 0.19591346153846154 0.057692307692307696 0.0889423076923077
0 0.21394230769230768 0.3112980769230769 0.07692307692307693 0.1658653846153846
0 0.13581730769230768 0.3112980769230769 0.0889423076923077 0.1658653846153846
0 0.06490384615384616 0.3269230769230769 0.07692307692307693 0.1346153846153846
0 0.018028846153846152 0.5216346153846154 0.03125 0.21153846153846154
0 0.06370192307692307 0.5 0.0985576923076923 0.20192307692307693
0 0.1502403846153846 0.5252403846153846 0.12740384615384615 0.2620192307692308
0 0.23918269230769232 0.48677884615384615 0.11298076923076923 0.24759615384615385
0 0.24519230769230768 0.7319711538461539 0.10096153846153846 0.23317307692307693
0 0.25 0.9254807692307693 0.11538461538461539 0.14423076923076922
0 0.16947115384615385 0.7572115384615384 0.10817307692307693 0.23076923076923078
0 0.140625 0.9230769230769231 0.10817307692307693 0.14903846153846154
0 0.06610576923076923 0.734375 0.11778846153846154 0.25721153846153844
0 0.052884615384615384 0.9254807692307693 0.07692307692307693 0.14423076923076922
0 0.5012019230769231 0.5456730769230769 0.9975961538461539 0.9038461538461539
