0 0.9747596153846154 0.9074519230769231 0.04567307692307692 0.13701923076923078
0 0.9543269230769231 0.9591346153846154 0.09134615384615384 0.07692307692307693
0 0.9074519230769231 0.9158653846153846 0.08413461538461539 0.15384615384615385
0 0.9326923076923077 0.6766826923076923 0.1201923076923077 0.14182692307692307
0 0.9927884615384616 0.6730769230769231 0.014423076923076924 0.11538461538461539
0 0.9699519230769231 0.5709134615384616 0.06009615384615385 0.13701923076923078
0 0.9783653846153846 0.484375 0.04326923076923077 0.06009615384615385
0 0.921875 0.5516826923076923 0.07451923076923077 0.11778846153846154
0 0.8966346153846154 0.5192307692307693 0.057692307692307696 0.09615384615384616
0 0.8485576923076923 0.6189903846153846 0.08173076923076923 0.1466346153846154
0 0.8413461538461539 0.49158653846153844 0.07692307692307693 0.10817307692307693
0 0.8629807692307693 0.33653846153846156 0.27403846153846156 0.40865384615384615
0 0.9254807692307693 0.11899038461538461 0.14903846153846154 0.23317307692307693
0 0.7872596153846154 0.06490384615384616 0.2860576923076923 0.125
0 0.7247596153846154 0.5588942307692307 0.16105769230769232 0.15625
0 0.6706730769230769 0.3713942307692308 0.18269230769230768 0.2620192307692308
0 0.5817307692307693 0.3557692307692308 0.07692307692307693 0.15384615384615385
0 0.5336538461538461 0.5372596153846154 0.1875 0.23317307692307693
0 0.4483173076923077 0.36538461538461536 0.18990384615384615 0.16826923076923078
0 0.5048076923076923 0.2536057692307692 0.16346153846153846 0.18509615384615385
0 0.37259615384615385 0.1875 0.14903846153846154 0.15384615384615385
0 0.35096153846153844 0.2860576923076923 0.1346153846153846 0.16346153846153846
0 0.2704326923076923 0.3605769230769231 0.15625 0.07692307692307693
0 0.10336538461538461 0.7067307692307693 0.20192307692307693 0.3317307692307692
0 0.3485576923076923 0.9122596153846154 0.07692307692307693 0.13701923076923078
0 0.3762019230769231 0.9483173076923077 0.04567307692307692 0.07451923076923077
0 0.421875 0.9567307692307693 0.0889423076923077 0.08173076923076923
0 0.43149038461538464 0.8798076923076923 0.06971153846153846 0.07211538461538461
0 0.39783653846153844 0.8365384615384616 0.08413461538461539 0.09134615384615384
0 0.38341346153846156 0.8064903846153846 0.03125 0.0985576923076923
0 0.29086538461538464 0.8581730769230769 0.08173076923076923 0.038461538461538464
0 0.6466346153846154 0.13822115384615385 0.4182692307692308 0.27163461538461536
0 0.7175480769230769 0.6213942307692307 0.12259615384615384 0.13221153846153846
0 0.7860576923076923 0.75 0.07692307692307693 0.15865384615384615
0 0.7355769230769231 0.8185096153846154 0.11538461538461539 0.14182692307692307
0 0.7247596153846154 0.7199519230769231 0.07451923076923077 0.055288461538461536
0 0.6778846153846154 0.6658653846153846 0.09615384615384616 0.09615384615384616
0 0.6045673076923077 0.5997596153846154 0.09375 0.10817307692307693
0 0.5612980769230769 0.6778846153846154 0.10336538461538461 0.16346153846153846
0 0.6334134615384616 0.7367788461538461 0.13221153846153846 0.14182692307692307
0 0.6298076923076923 0.8497596153846154 0.10096153846153846 0.11778846153846154
0 0.6935096153846154 0.8665865384615384 0.04567307692307692 0.07451923076923077
0 0.5685096153846154 0.8533653846153846 0.07932692307692307 0.11538461538461539
0 0.5168269230769231 0.7992788461538461 0.09134615384615384 0.1466346153846154
0 0.47836538461538464 0.7295673076923077 0.07692307692307693 0.1466346153846154
0 0.5120192307692307 0.6358173076923077 0.09134615384615384 0.11298076923076923
0 0.14903846153846154 0.31490384615384615 0.2932692307692308 0.4423076923076923
0 0.15745192307692307 0.44350961538461536 0.24278846153846154 0.43509615384615385
0 0.09735576923076923 0.8689903846153846 0.07932692307692307 0.09375
0 0.040865384615384616 0.9230769230769231 0.04807692307692308 0.04807692307692308
0 0.12980769230769232 0.20432692307692307 0.2548076923076923 0.40384615384615385
0 0.3545673076923077 0.07932692307692307 0.20432692307692307 0.15384615384615385
0 0.22956730769230768 0.4735576923076923 0.16105769230769232 0.08173076923076923
0 0.3557692307692308 0.5264423076923077 0.1201923076923077 0.16826923076923078
0 0.18990384615384615 0.5372596153846154 0.21634615384615385 0.11298076923076923
0 0.234375 0.5997596153846154 0.28125 0.055288461538461536
0 0.23918269230769232 0.6490384615384616 0.18990384615384615 0.03365384615384615
