0 0.9362980769230769 0.19831730769230768 0.12740384615384615 0.22355769230769232
0 0.84375 0.20552884615384615 0.28365384615384615 0.21394230769230768
0 0.7932692307692307 0.3629807692307692 0.18269230769230768 0.10576923076923077
0 0.6502403846153846 0.14302884615384615 0.15625 0.2283653846153846
0 0.4831730769230769 0.14543269230769232 0.15865384615384615 0.28125
0 0.5817307692307693 0.25 0.08173076923076923 0.09615384615384616
0 0.3918269230769231 0.2403846153846154 0.1778846153846154 0.2548076923076923
0 0.3076923076923077 0.1971153846153846 0.1778846153846154 0.08653846153846154
0 0.23076923076923078 0.21153846153846154 0.2644230769230769 0.21153846153846154
0 0.18509615384615385 0.2512019230769231 0.25961538461538464 0.13701923076923078
0 0.16105769230769232 0.2860576923076923 0.3076923076923077 0.20192307692307693
0 0.9146634615384616 0.5877403846153846 0.17067307692307693 0.5889423076923077
0 0.7367788461538461 0.6310096153846154 0.3389423076923077 0.7379807692307693
0 0.5889423076923077 0.5721153846153846 0.25961538461538464 0.6634615384615384
0 0.37740384615384615 0.6382211538461539 0.4567307692307692 0.7235576923076923
0 0.20432692307692307 0.6057692307692307 0.3942307692307692 0.6682692307692307
