0 0.203125 0.20673076923076922 0.20432692307692307 0.23076923076923078
0 0.10336538461538461 0.11298076923076923 0.15384615384615385 0.052884615384615384
0 0.039663461538461536 0.17307692307692307 0.06490384615384616 0.18269230769230768
0 0.3713942307692308 0.13581730769230768 0.1466346153846154 0.0889423076923077
0 0.6310096153846154 0.23317307692307693 0.17067307692307693 0.1875
0 0.6802884615384616 0.17307692307692307 0.15865384615384615 0.10096153846153846
0 0.6742788461538461 0.11538461538461539 0.11778846153846154 0.04807692307692308
0 0.5132211538461539 0.1346153846153846 0.15144230769230768 0.10576923076923077
0 0.9663461538461539 0.19471153846153846 0.0673076923076923 0.1346153846153846
0 0.8485576923076923 0.5288461538461539 0.13942307692307693 0.18269230769230768
0 0.7956730769230769 0.20432692307692307 0.16826923076923078 0.11057692307692307
0 0.8533653846153846 0.3293269230769231 0.14903846153846154 0.16346153846153846
0 0.9663461538461539 0.36538461538461536 0.0673076923076923 0.27884615384615385
0 0.9459134615384616 0.5216346153846154 0.10817307692307693 0.14903846153846154
0 0.7788461538461539 0.5 0.0673076923076923 0.16826923076923078
0 0.6706730769230769 0.43028846153846156 0.23076923076923078 0.2980769230769231
0 0.5132211538461539 0.375 0.0985576923076923 0.11538461538461539
0 0.4266826923076923 0.37740384615384615 0.20432692307692307 0.2980769230769231
0 0.25240384615384615 0.3557692307692308 0.15865384615384615 0.18269230769230768
0 0.10697115384615384 0.35336538461538464 0.13221153846153846 0.15865384615384615
0 0.06009615384615385 0.43028846153846156 0.10576923076923077 0.12980769230769232
0 0.0733173076923077 0.6225961538461539 0.13221153846153846 0.24519230769230768
0 0.2091346153846154 0.5144230769230769 0.20673076923076922 0.21634615384615385
0 0.11298076923076923 0.7680288461538461 0.11538461538461539 0.08413461538461539
0 0.17067307692307693 0.8677884615384616 0.11538461538461539 0.1346153846153846
0 0.23918269230769232 0.9182692307692307 0.11778846153846154 0.0625
0 0.30649038461538464 0.8605769230769231 0.2283653846153846 0.15865384615384615
0 0.27524038461538464 0.8269230769230769 0.12259615384615384 0.11057692307692307
0 0.4230769230769231 0.8329326923076923 0.11538461538461539 0.14182692307692307
0 0.5420673076923077 0.8774038461538461 0.0985576923076923 0.11538461538461539
0 0.6310096153846154 0.8413461538461539 0.07451923076923077 0.11538461538461539
0 0.7067307692307693 0.828125 0.14423076923076922 0.15144230769230768
0 0.765625 0.6742788461538461 0.07932692307692307 0.12740384615384615
0 0.8221153846153846 0.7355769230769231 0.11057692307692307 0.15865384615384615
0 0.8245192307692307 0.8221153846153846 0.09134615384615384 0.04807692307692308
0 0.9230769230769231 0.7692307692307693 0.12980769230769232 0.19230769230769232
0 0.953125 0.9098557692307693 0.09375 0.10817307692307693
0 0.9879807692307693 0.7848557692307693 0.02403846153846154 0.1658653846153846
0 0.9615384615384616 0.6766826923076923 0.08173076923076923 0.13221153846153846
0 0.9759615384615384 0.6454326923076923 0.04807692307692308 0.11298076923076923
0 0.5036057692307693 0.5625 0.18990384615384615 0.23076923076923078
0 0.3701923076923077 0.5913461538461539 0.08173076923076923 0.10096153846153846
0 0.4951923076923077 0.7307692307692307 0.15865384615384615 0.1778846153846154
0 0.5817307692307693 0.7536057692307693 0.09615384615384616 0.14182692307692307
0 0.6742788461538461 0.6598557692307693 0.20432692307692307 0.20432692307692307
0 0.8317307692307693 0.8257211538461539 0.07692307692307693 0.03125
0 0.796875 0.8533653846153846 0.06490384615384616 0.0673076923076923
