0 0.7836538461538461 0.5649038461538461 0.40865384615384615 0.25961538461538464
0 0.7932692307692307 0.8149038461538461 0.40865384615384615 0.2548076923076923
0 0.8317307692307693 0.9543269230769231 0.18269230769230768 0.09134615384615384
0 0.5841346153846154 0.8810096153846154 0.125 0.07932692307692307
0 0.484375 0.9375 0.19951923076923078 0.125
0 0.49278846153846156 0.7596153846153846 0.19230769230769232 0.10576923076923077
0 0.47596153846153844 0.5408653846153846 0.18269230769230768 0.09134615384615384
0 0.41346153846153844 0.4411057692307692 0.22596153846153846 0.11778846153846154
0 0.6730769230769231 0.32211538461538464 0.3557692307692308 0.20192307692307693
0 0.5841346153846154 0.13341346153846154 0.33653846153846156 0.18509615384615385
0 0.35336538461538464 0.7055288461538461 0.11538461538461539 0.06490384615384616
0 0.35216346153846156 0.8076923076923077 0.0889423076923077 0.07211538461538461
0 0.34375 0.9314903846153846 0.07211538461538461 0.12259615384615384
0 0.1971153846153846 0.5192307692307693 0.04326923076923077 0.04807692307692308
0 0.46634615384615385 0.036057692307692304 0.25 0.0625
