0 0.15144230769230768 0.20072115384615385 0.23557692307692307 0.38221153846153844
0 0.0889423076923077 0.3954326923076923 0.16346153846153846 0.45913461538461536
0 0.25841346153846156 0.4543269230769231 0.19951923076923078 0.36538461538461536
0 0.20552884615384615 0.8040865384615384 0.25721153846153844 0.3918269230769231
0 0.078125 0.7403846153846154 0.14182692307692307 0.25
0 0.03125 0.6021634615384616 0.04807692307692308 0.10336538461538461
0 0.04567307692307692 0.8701923076923077 0.07692307692307693 0.07211538461538461
0 0.05048076923076923 0.9338942307692307 0.08653846153846154 0.10336538461538461
0 0.43149038461538464 0.5048076923076923 0.21875 0.4807692307692308
0 0.34375 0.8004807692307693 0.125 0.28365384615384615
0 0.3076923076923077 0.9603365384615384 0.15865384615384615 0.07932692307692307
0 0.453125 0.8617788461538461 0.11298076923076923 0.2764423076923077
0 0.6165865384615384 0.7043269230769231 0.30528846153846156 0.23557692307692307
0 0.5769230769230769 0.9026442307692307 0.15865384615384615 0.19471153846153846
0 0.71875 0.8665865384615384 0.15865384615384615 0.21875
0 0.8677884615384616 0.6646634615384616 0.20673076923076922 0.3389423076923077
0 0.71875 0.4855769230769231 0.2980769230769231 0.4326923076923077
0 0.3389423076923077 0.07572115384615384 0.10576923076923077 0.13701923076923078
0 0.025240384615384616 0.109375 0.036057692307692304 0.13701923076923078
0 0.056490384615384616 0.1778846153846154 0.05048076923076923 0.08653846153846154
0 0.02403846153846154 0.026442307692307692 0.02403846153846154 0.038461538461538464
0 0.33653846153846156 0.22716346153846154 0.10096153846153846 0.14182692307692307
0 0.41947115384615385 0.2932692307692308 0.0985576923076923 0.16346153846153846
0 0.4855769230769231 0.17067307692307693 0.08653846153846154 0.16826923076923078
0 0.4254807692307692 0.1310096153846154 0.07211538461538461 0.13701923076923078
0 0.44591346153846156 0.040865384615384616 0.0985576923076923 0.0673076923076923
0 0.5216346153846154 0.06490384615384616 0.052884615384615384 0.09134615384615384
0 0.5769230769230769 0.1201923076923077 0.09615384615384616 0.21153846153846154
0 0.5384615384615384 0.26802884615384615 0.08653846153846154 0.10336538461538461
0 0.6310096153846154 0.25961538461538464 0.08413461538461539 0.15384615384615385
0 0.5865384615384616 0.3798076923076923 0.09134615384615384 0.15384615384615385
0 0.5516826923076923 0.5264423076923077 0.05048076923076923 0.1201923076923077
0 0.5144230769230769 0.6153846153846154 0.04807692307692308 0.0673076923076923
0 0.6802884615384616 0.07451923076923077 0.13942307692307693 0.12980769230769232
0 0.6971153846153846 0.16105769230769232 0.10096153846153846 0.12980769230769232
0 0.7307692307692307 0.2439903846153846 0.11057692307692307 0.14182692307692307
0 0.8052884615384616 0.12980769230769232 0.10576923076923077 0.16346153846153846
0 0.8028846153846154 0.03125 0.11057692307692307 0.04326923076923077
0 0.9230769230769231 0.07211538461538461 0.13942307692307693 0.125
0 0.875 0.19591346153846154 0.07211538461538461 0.13701923076923078
0 0.8365384615384616 0.2620192307692308 0.09134615384615384 0.125
0 0.953125 0.19471153846153846 0.09375 0.1778846153846154
0 0.9867788461538461 0.07091346153846154 0.026442307692307692 0.11778846153846154
0 0.9146634615384616 0.3245192307692308 0.08413461538461539 0.12980769230769232
0 0.8725961538461539 0.4206730769230769 0.08653846153846154 0.15865384615384615
0 0.9603365384615384 0.43028846153846156 0.07932692307692307 0.19230769230769232
0 0.9831730769230769 0.30288461538461536 0.03365384615384615 0.09134615384615384
0 0.9675480769230769 0.5576923076923077 0.05048076923076923 0.125
0 0.9831730769230769 0.5745192307692307 0.038461538461538464 0.11538461538461539
0 0.9735576923076923 0.6634615384615384 0.028846153846153848 0.08653846153846154
0 0.9903846153846154 0.671875 0.019230769230769232 0.11778846153846154
0 0.9831730769230769 0.7644230769230769 0.03365384615384615 0.09615384615384616
0 0.9375 0.7740384615384616 0.057692307692307696 0.11057692307692307
0 0.8713942307692307 0.8341346153846154 0.08413461538461539 0.08653846153846154
0 0.8173076923076923 0.875 0.04326923076923077 0.09134615384615384
0 0.7632211538461539 0.9639423076923077 0.05048076923076923 0.0673076923076923
0 0.6983173076923077 0.9627403846153846 0.05048076923076923 0.06009615384615385
0 0.6610576923076923 0.9639423076923077 0.014423076923076924 0.0673076923076923
0 0.6875 0.9927884615384616 0.0625 0.014423076923076924
0 0.7584134615384616 0.9903846153846154 0.07451923076923077 0.019230769230769232
0 0.8245192307692307 0.9627403846153846 0.07692307692307693 0.07451923076923077
0 0.8762019230769231 0.8966346153846154 0.06490384615384616 0.04807692307692308
0 0.8966346153846154 0.9326923076923077 0.0673076923076923 0.08653846153846154
0 0.8810096153846154 0.984375 0.055288461538461536 0.03125
0 0.9567307692307693 0.9591346153846154 0.08653846153846154 0.08173076923076923
0 0.9387019230769231 0.8918269230769231 0.036057692307692304 0.04807692307692308
0 0.9675480769230769 0.84375 0.06490384615384616 0.0673076923076923
0 0.9206730769230769 0.8509615384615384 0.052884615384615384 0.052884615384615384
