0 0.14903846153846154 0.7920673076923077 0.28846153846153844 0.41586538461538464
0 0.03365384615384615 0.9567307692307693 0.052884615384615384 0.09134615384615384
0 0.026442307692307692 0.1310096153846154 0.038461538461538464 0.24759615384615385
0 0.2127403846153846 0.16947115384615385 0.34375 0.3245192307692308
0 0.5288461538461539 0.08173076923076923 0.3701923076923077 0.14903846153846154
0 0.48677884615384615 0.3173076923076923 0.2668269230769231 0.5673076923076923
0 0.3076923076923077 0.6694711538461539 0.23076923076923078 0.3245192307692308
0 0.6935096153846154 0.17427884615384615 0.24759615384615385 0.3293269230769231
0 0.8461538461538461 0.055288461538461536 0.09615384615384616 0.09134615384615384
0 0.6983173076923077 0.42788461538461536 0.22355769230769232 0.28365384615384615
0 0.8774038461538461 0.21153846153846154 0.24519230769230768 0.40865384615384615
0 0.8942307692307693 0.20552884615384615 0.125 0.10817307692307693
0 0.9663461538461539 0.2548076923076923 0.07211538461538461 0.22596153846153846
0 0.8930288461538461 0.5012019230769231 0.21394230769230768 0.29086538461538464
0 0.7908653846153846 0.8149038461538461 0.18269230769230768 0.3701923076923077
0 0.5733173076923077 0.8125 0.22355769230769232 0.3798076923076923
0 0.6550480769230769 0.5745192307692307 0.1466346153846154 0.15384615384615385
0 0.9735576923076923 0.6754807692307693 0.052884615384615384 0.6442307692307693
