0 0.9471153846153846 0.8942307692307693 0.10576923076923077 0.20673076923076922
0 0.7836538461538461 0.6213942307692307 0.4326923076923077 0.38221153846153844
0 0.7283653846153846 0.7307692307692307 0.20192307692307693 0.1971153846153846
0 0.8677884615384616 0.8894230769230769 0.09134615384615384 0.15384615384615385
0 0.8581730769230769 0.9735576923076923 0.057692307692307696 0.04807692307692308
0 0.7764423076923077 0.9254807692307693 0.10576923076923077 0.1346153846153846
0 0.7319711538461539 0.9375 0.06971153846153846 0.1201923076923077
0 0.7391826923076923 0.6598557692307693 0.34375 0.4495192307692308
0 0.5961538461538461 0.7475961538461539 0.10576923076923077 0.14903846153846154
0 0.6778846153846154 0.6165865384615384 0.13942307692307693 0.18509615384615385
0 0.828125 0.6598557692307693 0.0889423076923077 0.10817307692307693
0 0.6310096153846154 0.5084134615384616 0.0889423076923077 0.10336538461538461
0 0.7788461538461539 0.4735576923076923 0.21634615384615385 0.27403846153846156
0 0.9326923076923077 0.5949519230769231 0.12980769230769232 0.24759615384615385
0 0.9170673076923077 0.3557692307692308 0.1658653846153846 0.22115384615384615
0 0.9098557692307693 0.12980769230769232 0.18028846153846154 0.25
0 0.8052884615384616 0.2247596153846154 0.1778846153846154 0.24759615384615385
0 0.6334134615384616 0.30408653846153844 0.18509615384615385 0.24278846153846154
0 0.33774038461538464 0.734375 0.17067307692307693 0.25721153846153844
0 0.39783653846153844 0.8798076923076923 0.06971153846153846 0.125
0 0.42908653846153844 0.9278846153846154 0.05048076923076923 0.07692307692307693
0 0.4206730769230769 0.9771634615384616 0.04807692307692308 0.040865384615384616
0 0.3701923076923077 0.9735576923076923 0.04807692307692308 0.04807692307692308
0 0.33413461538461536 0.9362980769230769 0.057692307692307696 0.10336538461538461
0 0.29927884615384615 0.9242788461538461 0.055288461538461536 0.10817307692307693
0 0.27283653846153844 0.9795673076923077 0.06971153846153846 0.036057692307692304
0 0.32572115384615385 0.9879807692307693 0.05048076923076923 0.019230769230769232
0 0.18629807692307693 0.8762019230769231 0.18990384615384615 0.24278846153846154
0 0.05889423076923077 0.8641826923076923 0.07451923076923077 0.10336538461538461
0 0.07572115384615384 0.9591346153846154 0.14182692307692307 0.08173076923076923
0 0.22235576923076922 0.7091346153846154 0.10817307692307693 0.125
0 0.19831730769230768 0.5432692307692307 0.17548076923076922 0.22596153846153846
0 0.3137019230769231 0.3269230769230769 0.1658653846153846 0.3076923076923077
0 0.4519230769230769 0.22355769230769232 0.1778846153846154 0.22596153846153846
0 0.46634615384615385 0.052884615384615384 0.1778846153846154 0.09615384615384616
0 0.5192307692307693 0.11778846153846154 0.04807692307692308 0.0673076923076923
0 0.5685096153846154 0.10817307692307693 0.05048076923076923 0.0673076923076923
0 0.5745192307692307 0.16105769230769232 0.052884615384615384 0.0673076923076923
0 0.6189903846153846 0.16105769230769232 0.036057692307692304 0.057692307692307696
0 0.6466346153846154 0.14182692307692307 0.052884615384615384 0.08173076923076923
0 0.6947115384615384 0.11778846153846154 0.052884615384615384 0.08653846153846154
0 0.7091346153846154 0.18028846153846154 0.052884615384615384 0.07692307692307693
0 0.7451923076923077 0.12259615384615384 0.0625 0.07211538461538461
0 0.7415865384615384 0.06490384615384616 0.06971153846153846 0.07211538461538461
0 0.7980769230769231 0.06370192307692307 0.04807692307692308 0.08413461538461539
0 0.8389423076923077 0.09375 0.03365384615384615 0.04807692307692308
0 0.8305288461538461 0.039663461538461536 0.08413461538461539 0.06971153846153846
0 0.8701923076923077 0.021634615384615384 0.07211538461538461 0.03365384615384615
0 0.921875 0.01201923076923077 0.040865384615384616 0.014423076923076924
0 0.9507211538461539 0.027644230769230768 0.055288461538461536 0.04567307692307692
0 0.7584134615384616 0.019230769230769232 0.040865384615384616 0.028846153846153848
0 0.7247596153846154 0.019230769230769232 0.040865384615384616 0.028846153846153848
0 0.6850961538461539 0.03365384615384615 0.0673076923076923 0.0625
0 0.65625 0.0673076923076923 0.07692307692307693 0.0673076923076923
0 0.6189903846153846 0.10096153846153846 0.05048076923076923 0.052884615384615384
0 0.6033653846153846 0.057692307692307696 0.04326923076923077 0.04807692307692308
0 0.5625 0.052884615384615384 0.038461538461538464 0.057692307692307696
0 0.6358173076923077 0.019230769230769232 0.06009615384615385 0.028846153846153848
0 0.5817307692307693 0.014423076923076924 0.04807692307692308 0.019230769230769232
0 0.29086538461538464 0.10336538461538461 0.1971153846153846 0.20192307692307693
0 0.19110576923076922 0.24158653846153846 0.13221153846153846 0.18028846153846154
0 0.16826923076923078 0.32211538461538464 0.14423076923076922 0.21634615384615385
0 0.10216346153846154 0.8173076923076923 0.19471153846153846 0.32211538461538464
0 0.47596153846153844 0.9639423076923077 0.09615384615384616 0.0673076923076923
0 0.08052884615384616 0.27524038461538464 0.15144230769230768 0.1466346153846154
0 0.08173076923076923 0.1622596153846154 0.08173076923076923 0.10336538461538461
0 0.13942307692307693 0.1658653846153846 0.04326923076923077 0.057692307692307696
0 0.1778846153846154 0.12980769230769232 0.038461538461538464 0.04807692307692308
0 0.028846153846153848 0.1466346153846154 0.04807692307692308 0.11538461538461539
0 0.10216346153846154 0.06850961538461539 0.19471153846153846 0.12740384615384615
0 0.12740384615384615 0.43028846153846156 0.0673076923076923 0.07211538461538461
0 0.09375 0.37259615384615385 0.057692307692307696 0.0673076923076923
0 0.1346153846153846 0.35697115384615385 0.038461538461538464 0.036057692307692304
0 0.028846153846153848 0.3293269230769231 0.04807692307692308 0.04807692307692308
0 0.037259615384615384 0.38221153846153844 0.06490384615384616 0.0673076923076923
0 0.06971153846153846 0.4423076923076923 0.09615384615384616 0.07211538461538461
0 0.05048076923076923 0.4879807692307692 0.08653846153846154 0.07211538461538461
0 0.0985576923076923 0.5024038461538461 0.04326923076923077 0.0625
0 0.0889423076923077 0.5492788461538461 0.04807692307692308 0.03125
0 0.04567307692307692 0.5552884615384616 0.0625 0.08173076923076923
0 0.09495192307692307 0.6033653846153846 0.06971153846153846 0.0673076923076923
0 0.10697115384615384 0.6610576923076923 0.03125 0.04807692307692308
0 0.06009615384615385 0.6610576923076923 0.0625 0.09615384615384616
0 0.02283653846153846 0.6778846153846154 0.036057692307692304 0.0625
0 0.054086538461538464 0.7427884615384616 0.055288461538461536 0.0673076923076923
0 0.016826923076923076 0.7548076923076923 0.02403846153846154 0.11538461538461539
0 0.021634615384615384 0.6117788461538461 0.03365384615384615 0.09375
0 0.013221153846153846 0.5336538461538461 0.016826923076923076 0.08653846153846154
0 0.009615384615384616 0.46153846153846156 0.009615384615384616 0.0625
0 0.5 0.9302884615384616 0.03365384615384615 0.0625
0 0.47115384615384615 0.8942307692307693 0.04326923076923077 0.0625
0 0.5024038461538461 0.8605769230769231 0.04326923076923077 0.0673076923076923
0 0.5324519230769231 0.8221153846153846 0.03125 0.052884615384615384
0 0.5300480769230769 0.7752403846153846 0.036057692307692304 0.040865384615384616
0 0.484375 0.7908653846153846 0.05048076923076923 0.0625
0 0.46274038461538464 0.8329326923076923 0.03125 0.040865384615384616
0 0.4387019230769231 0.8016826923076923 0.03125 0.040865384615384616
0 0.45552884615384615 0.765625 0.03125 0.040865384615384616
0 0.49158653846153844 0.7331730769230769 0.05048076923076923 0.057692307692307696
0 0.5288461538461539 0.7211538461538461 0.038461538461538464 0.04807692307692308
0 0.5504807692307693 0.7247596153846154 0.02403846153846154 0.040865384615384616
0 0.44471153846153844 0.7235576923076923 0.03365384615384615 0.0625
0 0.46153846153846156 0.6682692307692307 0.038461538461538464 0.052884615384615384
0 0.49278846153846156 0.6875 0.02403846153846154 0.019230769230769232
0 0.49759615384615385 0.6370192307692307 0.04807692307692308 0.0625
0 0.5288461538461539 0.6706730769230769 0.04326923076923077 0.057692307692307696
0 0.5552884615384616 0.6346153846153846 0.04807692307692308 0.0673076923076923
0 0.45913461538461536 0.6153846153846154 0.038461538461538464 0.052884615384615384
0 0.4735576923076923 0.5673076923076923 0.038461538461538464 0.057692307692307696
0 0.5096153846153846 0.5745192307692307 0.038461538461538464 0.052884615384615384
0 0.5432692307692307 0.5649038461538461 0.038461538461538464 0.0625
0 0.5817307692307693 0.5072115384615384 0.038461538461538464 0.07211538461538461
0 0.5576923076923077 0.49038461538461536 0.03365384615384615 0.0673076923076923
0 0.5540865384615384 0.4326923076923077 0.03125 0.04807692307692308
0 0.53125 0.38221153846153844 0.04807692307692308 0.04807692307692308
0 0.4735576923076923 0.35096153846153844 0.0625 0.057692307692307696
0 0.41586538461538464 0.3545673076923077 0.038461538461538464 0.040865384615384616
0 0.484375 0.39663461538461536 0.05048076923076923 0.057692307692307696
0 0.5192307692307693 0.43028846153846156 0.04807692307692308 0.052884615384615384
0 0.515625 0.5024038461538461 0.05048076923076923 0.07211538461538461
0 0.46875 0.5096153846153846 0.03365384615384615 0.04807692307692308
0 0.4735576923076923 0.45913461538461536 0.038461538461538464 0.04807692307692308
0 0.4423076923076923 0.4182692307692308 0.038461538461538464 0.057692307692307696
0 0.41346153846153844 0.4050480769230769 0.04326923076923077 0.040865384615384616
0 0.38100961538461536 0.4326923076923077 0.03125 0.04807692307692308
0 0.4230769230769231 0.45913461538461536 0.04326923076923077 0.04807692307692308
0 0.43509615384615385 0.4987980769230769 0.038461538461538464 0.040865384615384616
0 0.38221153846153844 0.4879807692307692 0.057692307692307696 0.0625
0 0.4375 0.5552884615384616 0.04326923076923077 0.052884615384615384
0 0.4206730769230769 0.5913461538461539 0.038461538461538464 0.052884615384615384
0 0.41586538461538464 0.6346153846153846 0.04807692307692308 0.057692307692307696
0 0.38100961538461536 0.5985576923076923 0.03125 0.04807692307692308
0 0.3918269230769231 0.5504807692307693 0.038461538461538464 0.052884615384615384
0 0.35096153846153844 0.5600961538461539 0.04807692307692308 0.0625
0 0.33413461538461536 0.5024038461538461 0.052884615384615384 0.052884615384615384
0 0.31009615384615385 0.5456730769230769 0.04326923076923077 0.0673076923076923
