0 0.056490384615384616 0.10096153846153846 0.0985576923076923 0.1875
0 0.10096153846153846 0.06490384615384616 0.11057692307692307 0.09615384615384616
0 0.20432692307692307 0.05048076923076923 0.1875 0.08653846153846154
0 0.11057692307692307 0.026442307692307692 0.11538461538461539 0.038461538461538464
0 0.3389423076923077 0.040865384615384616 0.20192307692307693 0.0673076923076923
0 0.5348557692307693 0.09254807692307693 0.3004807692307692 0.17067307692307693
0 0.34134615384615385 0.1875 0.5144230769230769 0.23557692307692307
0 0.7211538461538461 0.06610576923076923 0.125 0.08413461538461539
0 0.7716346153846154 0.07211538461538461 0.09134615384615384 0.09615384615384616
0 0.8389423076923077 0.04927884615384615 0.1201923076923077 0.08413461538461539
0 0.7067307692307693 0.025240384615384616 0.15384615384615385 0.036057692307692304
0 0.9495192307692307 0.030048076923076924 0.10096153846153846 0.05048076923076923
0 0.8894230769230769 0.16947115384615385 0.22115384615384615 0.23317307692307693
0 0.7355769230769231 0.14182692307692307 0.08653846153846154 0.0673076923076923
0 0.7620192307692307 0.18028846153846154 0.07692307692307693 0.04807692307692308
0 0.7163461538461539 0.21754807692307693 0.07211538461538461 0.036057692307692304
0 0.6730769230769231 0.16466346153846154 0.04807692307692308 0.08413461538461539
0 0.27884615384615385 0.32211538461538464 0.15865384615384615 0.08173076923076923
0 0.18269230769230768 0.33533653846153844 0.08653846153846154 0.11298076923076923
0 0.10576923076923077 0.2620192307692308 0.1971153846153846 0.1346153846153846
0 0.16105769230769232 0.41466346153846156 0.3076923076923077 0.29086538461538464
0 0.036057692307692304 0.5817307692307693 0.052884615384615384 0.09615384615384616
0 0.2800480769230769 0.5384615384615384 0.4639423076923077 0.27403846153846156
0 0.4423076923076923 0.3918269230769231 0.09134615384615384 0.028846153846153848
0 0.4375 0.33653846153846156 0.14903846153846154 0.11057692307692307
0 0.5985576923076923 0.3701923076923077 0.17307692307692307 0.11538461538461539
0 0.6009615384615384 0.25841346153846156 0.15865384615384615 0.11298076923076923
0 0.7692307692307693 0.2704326923076923 0.15384615384615385 0.08413461538461539
0 0.7788461538461539 0.39783653846153844 0.1201923076923077 0.15625
0 0.8605769230769231 0.3545673076923077 0.1201923076923077 0.11298076923076923
0 0.8918269230769231 0.2980769230769231 0.11538461538461539 0.028846153846153848
0 0.9603365384615384 0.4387019230769231 0.07932692307692307 0.12740384615384615
0 0.8918269230769231 0.5709134615384616 0.21634615384615385 0.18509615384615385
0 0.7908653846153846 0.6826923076923077 0.17307692307692307 0.16826923076923078
0 0.8112980769230769 0.7980769230769231 0.14182692307692307 0.09134615384615384
0 0.7211538461538461 0.8677884615384616 0.2692307692307692 0.19230769230769232
0 0.5024038461538461 0.8858173076923077 0.20192307692307693 0.2283653846153846
0 0.0733173076923077 0.8978365384615384 0.13221153846153846 0.20432692307692307
0 0.1346153846153846 0.7836538461538461 0.25 0.1778846153846154
0 0.055288461538461536 0.7055288461538461 0.09134615384615384 0.07932692307692307
0 0.04326923076923077 0.65625 0.07211538461538461 0.04807692307692308
0 0.4182692307692308 0.6706730769230769 0.2403846153846154 0.10576923076923077
0 0.2127403846153846 0.7007211538461539 0.18028846153846154 0.06490384615384616
0 0.34375 0.7692307692307693 0.20192307692307693 0.1201923076923077
0 0.27163461538461536 0.8894230769230769 0.3605769230769231 0.22115384615384615
0 0.4170673076923077 0.9759615384615384 0.1658653846153846 0.04807692307692308
0 0.40384615384615385 0.9314903846153846 0.04807692307692308 0.04567307692307692
0 0.6346153846153846 0.78125 0.125 0.08173076923076923
0 0.5168269230769231 0.7560096153846154 0.1201923076923077 0.05048076923076923
0 0.5504807692307693 0.6658653846153846 0.1201923076923077 0.10096153846153846
0 0.49158653846153844 0.6153846153846154 0.13701923076923078 0.038461538461538464
0 0.4098557692307692 0.6670673076923077 0.22355769230769232 0.11298076923076923
0 0.21634615384615385 0.7019230769230769 0.15384615384615385 0.052884615384615384
0 0.15144230769230768 0.7932692307692307 0.20673076923076922 0.15384615384615385
0 0.06971153846153846 0.7139423076923077 0.11057692307692307 0.10576923076923077
0 0.5769230769230769 0.5180288461538461 0.15384615384615385 0.12740384615384615
0 0.5360576923076923 0.4206730769230769 0.11538461538461539 0.07211538461538461
0 0.6923076923076923 0.4254807692307692 0.12980769230769232 0.16346153846153846
0 0.8245192307692307 0.4579326923076923 0.07211538461538461 0.06490384615384616
0 0.7728365384615384 0.53125 0.0985576923076923 0.08653846153846154
0 0.7740384615384616 0.49038461538461536 0.11057692307692307 0.10096153846153846
0 0.671875 0.5480769230769231 0.10336538461538461 0.057692307692307696
0 0.6971153846153846 0.5168269230769231 0.08653846153846154 0.0673076923076923
0 0.6538461538461539 0.5961538461538461 0.1971153846153846 0.11538461538461539
0 0.6478365384615384 0.9663461538461539 0.17548076923076922 0.0673076923076923
0 0.8882211538461539 0.9290865384615384 0.14182692307692307 0.08413461538461539
0 0.8810096153846154 0.8617788461538461 0.06009615384615385 0.07932692307692307
0 0.8966346153846154 0.8052884615384616 0.07211538461538461 0.052884615384615384
0 0.8629807692307693 0.7307692307692307 0.09134615384615384 0.08173076923076923
0 0.8305288461538461 0.9723557692307693 0.19471153846153846 0.055288461538461536
0 0.07211538461538461 0.30408653846153844 0.125 0.19951923076923078
0 0.15504807692307693 0.5084134615384616 0.2956730769230769 0.21875
0 0.65625 0.6766826923076923 0.15865384615384615 0.18509615384615385
0 0.5024038461538461 0.5036057692307693 0.9951923076923077 0.9975961538461539
