0 0.7235576923076923 0.2644230769230769 0.09615384615384616 0.25
0 0.7151442307692307 0.390625 0.24759615384615385 0.24278846153846154
0 0.7584134615384616 0.6153846153846154 0.4014423076923077 0.4567307692307692
0 0.7668269230769231 0.9387019230769231 0.09615384615384616 0.11778846153846154
0 0.8737980769230769 0.9471153846153846 0.08413461538461539 0.10096153846153846
0 0.9831730769230769 0.9447115384615384 0.03365384615384615 0.10576923076923077
0 0.65625 0.8846153846153846 0.0673076923076923 0.09615384615384616
0 0.6117788461538461 0.8762019230769231 0.04567307692307692 0.11298076923076923
0 0.5336538461538461 0.8846153846153846 0.0673076923076923 0.057692307692307696
0 0.19591346153846154 0.5108173076923077 0.10817307692307693 0.21394230769230768
0 0.31009615384615385 0.5540865384615384 0.21634615384615385 0.2956730769230769
0 0.39903846153846156 0.7151442307692307 0.19230769230769232 0.21875
0 0.44471153846153844 0.8858173076923077 0.0673076923076923 0.11778846153846154
0 0.39663461538461536 0.3125 0.1971153846153846 0.23076923076923078
0 0.109375 0.3173076923076923 0.06971153846153846 0.12980769230769232
0 0.12980769230769232 0.36778846153846156 0.25 0.5625
