0 0.9098557692307693 0.234375 0.18028846153846154 0.3918269230769231
0 0.9110576923076923 0.5733173076923077 0.1778846153846154 0.38221153846153844
0 0.9110576923076923 0.7668269230769231 0.14903846153846154 0.2932692307692308
0 0.9579326923076923 0.953125 0.055288461538461536 0.0889423076923077
0 0.9038461538461539 0.953125 0.0625 0.0889423076923077
0 0.8485576923076923 0.9699519230769231 0.08653846153846154 0.055288461538461536
0 0.8269230769230769 0.9134615384615384 0.057692307692307696 0.1201923076923077
0 0.7692307692307693 0.9170673076923077 0.08173076923076923 0.13701923076923078
0 0.8173076923076923 0.8004807692307693 0.0625 0.1201923076923077
0 0.8389423076923077 0.6670673076923077 0.04326923076923077 0.0889423076923077
0 0.7920673076923077 0.6189903846153846 0.04567307692307692 0.11298076923076923
0 0.7487980769230769 0.6081730769230769 0.06971153846153846 0.10096153846153846
0 0.6658653846153846 0.5480769230769231 0.0673076923076923 0.07692307692307693
0 0.6586538461538461 0.6153846153846154 0.07692307692307693 0.09615384615384616
0 0.6009615384615384 0.6081730769230769 0.057692307692307696 0.07692307692307693
0 0.5721153846153846 0.7199519230769231 0.07211538461538461 0.13701923076923078
0 0.609375 0.8125 0.07932692307692307 0.16826923076923078
0 0.6826923076923077 0.7944711538461539 0.07211538461538461 0.14182692307692307
0 0.7019230769230769 0.6911057692307693 0.0673076923076923 0.13701923076923078
0 0.7536057692307693 0.7728365384615384 0.06971153846153846 0.16105769230769232
0 0.6875 0.9254807692307693 0.08653846153846154 0.14423076923076922
0 0.6141826923076923 0.9699519230769231 0.055288461538461536 0.055288461538461536
0 0.5625 0.9350961538461539 0.07692307692307693 0.125
0 0.49399038461538464 0.9759615384615384 0.06971153846153846 0.04326923076923077
0 0.41225961538461536 0.7668269230769231 0.2668269230769231 0.4567307692307692
0 0.3954326923076923 0.30649038461538464 0.2764423076923077 0.4639423076923077
0 0.5901442307692307 0.4639423076923077 0.14182692307692307 0.39903846153846156
0 0.7512019230769231 0.4375 0.20432692307692307 0.2980769230769231
0 0.6105769230769231 0.18389423076923078 0.11538461538461539 0.3629807692307692
0 0.7055288461538461 0.1658653846153846 0.13221153846153846 0.3269230769230769
0 0.7512019230769231 0.16947115384615385 0.15625 0.33413461538461536
0 0.8401442307692307 0.09254807692307693 0.11778846153846154 0.18028846153846154
0 0.9543269230769231 0.03245192307692308 0.09134615384615384 0.06009615384615385
0 0.5324519230769231 0.17067307692307693 0.04567307692307692 0.22596153846153846
0 0.42427884615384615 0.11298076923076923 0.27163461538461536 0.22115384615384615
0 0.40384615384615385 0.33533653846153844 0.125 0.21394230769230768
0 0.19951923076923078 0.3449519230769231 0.16826923076923078 0.23317307692307693
0 0.2920673076923077 0.5348557692307693 0.1466346153846154 0.21875
0 0.49278846153846156 0.5504807692307693 0.08653846153846154 0.07211538461538461
0 0.515625 0.6153846153846154 0.05048076923076923 0.08173076923076923
0 0.30288461538461536 0.9603365384615384 0.0673076923076923 0.06971153846153846
0 0.21634615384615385 0.9170673076923077 0.08653846153846154 0.16105769230769232
0 0.25721153846153844 0.9699519230769231 0.03365384615384615 0.055288461538461536
0 0.14543269230769232 0.9423076923076923 0.06009615384615385 0.10576923076923077
0 0.05889423076923077 0.9350961538461539 0.11298076923076923 0.125
0 0.20673076923076922 0.6778846153846154 0.17307692307692307 0.2932692307692308
0 0.234375 0.8870192307692307 0.18509615384615385 0.125
0 0.0673076923076923 0.7283653846153846 0.12980769230769232 0.3317307692307692
0 0.13701923076923078 0.8064903846153846 0.08173076923076923 0.1658653846153846
0 0.12259615384615384 0.3449519230769231 0.1201923076923077 0.16105769230769232
0 0.140625 0.5108173076923077 0.15625 0.24278846153846154
0 0.06129807692307692 0.4543269230769231 0.11778846153846154 0.25
0 0.18870192307692307 0.12740384615384615 0.11298076923076923 0.25
0 0.07692307692307693 0.1778846153846154 0.13942307692307693 0.35096153846153844
0 0.021634615384615384 0.20552884615384615 0.038461538461538464 0.3004807692307692
