0 0.6322115384615384 0.16105769230769232 0.4230769230769231 0.1875
0 0.8990384615384616 0.16466346153846154 0.14903846153846154 0.16105769230769232
0 0.9182692307692307 0.2620192307692308 0.15865384615384615 0.27884615384615385
0 0.5793269230769231 0.3942307692307692 0.6009615384615384 0.3076923076923077
0 0.4254807692307692 0.13942307692307693 0.18269230769230768 0.13942307692307693
0 0.33653846153846156 0.14903846153846154 0.04326923076923077 0.019230769230769232
0 0.34615384615384615 0.039663461538461536 0.07211538461538461 0.06490384615384616
0 0.46875 0.039663461538461536 0.15865384615384615 0.06490384615384616
0 0.6069711538461539 0.03125 0.1658653846153846 0.04807692307692308
0 0.375 0.23076923076923078 0.09134615384615384 0.08653846153846154
0 0.1971153846153846 0.39663461538461536 0.13942307692307693 0.15384615384615385
0 0.328125 0.3701923076923077 0.2091346153846154 0.25
0 0.3425480769230769 0.5877403846153846 0.2764423076923077 0.17067307692307693
0 0.4807692307692308 0.7524038461538461 0.3076923076923077 0.27884615384615385
0 0.5480769230769231 0.5661057692307693 0.1346153846153846 0.11298076923076923
0 0.8040865384615384 0.6153846153846154 0.3870192307692308 0.41346153846153844
0 0.9579326923076923 0.828125 0.07932692307692307 0.0985576923076923
0 0.7355769230769231 0.8653846153846154 0.5240384615384616 0.2692307692307692
0 0.09134615384615384 0.33413461538461536 0.0673076923076923 0.16346153846153846
0 0.12259615384615384 0.4987980769230769 0.20192307692307693 0.08413461538461539
0 0.06971153846153846 0.35096153846153844 0.1346153846153846 0.23557692307692307
0 0.37740384615384615 0.8653846153846154 0.04807692307692308 0.2403846153846154
0 0.4423076923076923 0.9110576923076923 0.08173076923076923 0.1778846153846154
