0 0.2692307692307692 0.4951923076923077 0.5240384615384616 0.25
0 0.078125 0.3557692307692308 0.14182692307692307 0.1971153846153846
0 0.41346153846153844 0.20192307692307693 0.4375 0.3894230769230769
0 0.7403846153846154 0.3245192307692308 0.2644230769230769 0.38461538461538464
0 0.6478365384615384 0.2932692307692308 0.2764423076923077 0.4567307692307692
0 0.8665865384615384 0.14543269230769232 0.2668269230769231 0.2764423076923077
0 0.7451923076923077 0.6418269230769231 0.07692307692307693 0.33653846153846156
0 0.5889423076923077 0.5444711538461539 0.24519230769230768 0.36778846153846156
0 0.4483173076923077 0.7139423076923077 0.4254807692307692 0.4855769230769231
0 0.3269230769230769 0.8461538461538461 0.4182692307692308 0.21153846153846154
0 0.18629807692307693 0.7956730769230769 0.28125 0.40865384615384615
0 0.6826923076923077 0.765625 0.1201923076923077 0.46875
0 0.8497596153846154 0.8221153846153846 0.3004807692307692 0.3557692307692308
0 0.8858173076923077 0.6430288461538461 0.2283653846153846 0.13221153846153846
0 0.8990384615384616 0.9026442307692307 0.20192307692307693 0.19471153846153846
0 0.9951923076923077 0.546875 0.009615384615384616 0.15625
0 0.38341346153846156 0.9338942307692307 0.20432692307692307 0.13221153846153846
0 0.28725961538461536 0.9591346153846154 0.11298076923076923 0.08173076923076923
0 0.5384615384615384 0.9675480769230769 0.19230769230769232 0.06490384615384616
