0 0.9675480769230769 0.8810096153846154 0.06009615384615385 0.17067307692307693
0 0.9615384615384616 0.9735576923076923 0.07692307692307693 0.04807692307692308
0 0.8521634615384616 0.8858173076923077 0.17067307692307693 0.21394230769230768
0 0.9579326923076923 0.7067307692307693 0.08413461538461539 0.15384615384615385
0 0.9447115384615384 0.6081730769230769 0.11057692307692307 0.125
0 0.9579326923076923 0.484375 0.07932692307692307 0.2283653846153846
0 0.8930288461538461 0.3942307692307692 0.0889423076923077 0.12980769230769232
0 0.9278846153846154 0.2620192307692308 0.13942307692307693 0.25
0 0.9254807692307693 0.078125 0.14423076923076922 0.15144230769230768
0 0.8149038461538461 0.14302884615384615 0.11057692307692307 0.1658653846153846
0 0.7932692307692307 0.33653846153846156 0.12980769230769232 0.22115384615384615
0 0.8497596153846154 0.5180288461538461 0.13701923076923078 0.17067307692307693
0 0.8341346153846154 0.7019230769230769 0.15865384615384615 0.21634615384615385
0 0.6935096153846154 0.8004807692307693 0.15144230769230768 0.1971153846153846
0 0.7019230769230769 0.9242788461538461 0.12980769230769232 0.10336538461538461
0 0.6754807692307693 0.9771634615384616 0.09615384615384616 0.040865384615384616
0 0.7199519230769231 0.6502403846153846 0.10817307692307693 0.08413461538461539
0 0.6971153846153846 0.5144230769230769 0.15865384615384615 0.20192307692307693
0 0.7043269230769231 0.2668269230769231 0.18269230769230768 0.25
0 0.6814903846153846 0.10336538461538461 0.15144230769230768 0.18269230769230768
0 0.7271634615384616 0.03365384615384615 0.12259615384615384 0.0625
0 0.6033653846153846 0.046875 0.11057692307692307 0.0889423076923077
0 0.5276442307692307 0.15264423076923078 0.15625 0.17548076923076922
0 0.5757211538461539 0.359375 0.13701923076923078 0.2283653846153846
0 0.4831730769230769 0.30528846153846156 0.19230769230769232 0.28365384615384615
0 0.5576923076923077 0.6237980769230769 0.22596153846153846 0.29086538461538464
0 0.5540865384615384 0.8810096153846154 0.1658653846153846 0.23317307692307693
0 0.4074519230769231 0.7572115384615384 0.1466346153846154 0.20192307692307693
0 0.35697115384615385 0.5360576923076923 0.18990384615384615 0.25
0 0.2776442307692308 0.2764423076923077 0.21394230769230768 0.28846153846153844
0 0.36658653846153844 0.0985576923076923 0.1658653846153846 0.19230769230769232
0 0.4735576923076923 0.03365384615384615 0.14903846153846154 0.0625
0 0.2956730769230769 0.020432692307692308 0.11057692307692307 0.036057692307692304
0 0.18509615384615385 0.125 0.15865384615384615 0.20192307692307693
0 0.19951923076923078 0.38221153846153844 0.125 0.1971153846153846
0 0.17548076923076922 0.6322115384615384 0.1778846153846154 0.21153846153846154
0 0.17548076923076922 0.5168269230769231 0.11057692307692307 0.0625
0 0.31490384615384615 0.6838942307692307 0.07211538461538461 0.0985576923076923
0 0.25841346153846156 0.8341346153846154 0.17548076923076922 0.24519230769230768
0 0.40384615384615385 0.9350961538461539 0.16826923076923078 0.125
0 0.125 0.953125 0.14423076923076922 0.0889423076923077
0 0.12379807692307693 0.8317307692307693 0.10336538461538461 0.1778846153846154
0 0.03365384615384615 0.8052884615384616 0.0625 0.23076923076923078
0 0.04447115384615385 0.5673076923076923 0.08413461538461539 0.25
0 0.07692307692307693 0.45913461538461536 0.08653846153846154 0.1346153846153846
0 0.028846153846153848 0.30288461538461536 0.052884615384615384 0.25961538461538464
0 0.0733173076923077 0.2644230769230769 0.14182692307692307 0.2548076923076923
0 0.06370192307692307 0.06490384615384616 0.12259615384615384 0.125
0 0.5012019230769231 0.5012019230769231 0.9975961538461539 0.9975961538461539
