0 0.21754807692307693 0.9867788461538461 0.09375 0.026442307692307692
0 0.2848557692307692 0.9591346153846154 0.11778846153846154 0.08173076923076923
0 0.3918269230769231 0.9891826923076923 0.07211538461538461 0.021634615384615384
0 0.5408653846153846 0.9747596153846154 0.21634615384615385 0.05048076923076923
0 0.6526442307692307 0.9302884615384616 0.07932692307692307 0.04807692307692308
0 0.6850961538461539 0.9651442307692307 0.08653846153846154 0.06009615384615385
0 0.7536057692307693 0.9567307692307693 0.06009615384615385 0.028846153846153848
0 0.7980769230769231 0.9423076923076923 0.028846153846153848 0.03365384615384615
0 0.8461538461538461 0.9591346153846154 0.08653846153846154 0.038461538461538464
0 0.8629807692307693 0.9302884615384616 0.08173076923076923 0.0673076923076923
0 0.8137019230769231 0.8990384615384616 0.06009615384615385 0.038461538461538464
0 0.8605769230769231 0.8990384615384616 0.04326923076923077 0.038461538461538464
0 0.890625 0.8677884615384616 0.06490384615384616 0.04807692307692308
0 0.8233173076923077 0.875 0.06009615384615385 0.02403846153846154
0 0.7680288461538461 0.9122596153846154 0.05048076923076923 0.06009615384615385
0 0.7271634615384616 0.9230769230769231 0.06009615384615385 0.03365384615384615
0 0.6802884615384616 0.8966346153846154 0.04326923076923077 0.04326923076923077
0 0.7331730769230769 0.8810096153846154 0.08173076923076923 0.036057692307692304
0 0.7524038461538461 0.8485576923076923 0.08173076923076923 0.04326923076923077
0 0.8377403846153846 0.8245192307692307 0.06971153846153846 0.0625
0 0.8762019230769231 0.8365384615384616 0.055288461538461536 0.04326923076923077
0 0.7560096153846154 0.8076923076923077 0.07451923076923077 0.04807692307692308
0 0.6814903846153846 0.8485576923076923 0.06490384615384616 0.052884615384615384
0 0.6923076923076923 0.7980769230769231 0.09134615384615384 0.052884615384615384
0 0.609375 0.8221153846153846 0.06490384615384616 0.0673076923076923
0 0.6610576923076923 0.7680288461538461 0.09615384615384616 0.055288461538461536
0 0.7391826923076923 0.7512019230769231 0.06971153846153846 0.055288461538461536
0 0.8161057692307693 0.7716346153846154 0.07451923076923077 0.04807692307692308
0 0.8485576923076923 0.7091346153846154 0.08173076923076923 0.10096153846153846
0 0.8882211538461539 0.7451923076923077 0.05048076923076923 0.052884615384615384
0 0.8846153846153846 0.7908653846153846 0.04326923076923077 0.038461538461538464
0 0.8882211538461539 0.6706730769230769 0.05048076923076923 0.04326923076923077
0 0.84375 0.5625 0.09134615384615384 0.23557692307692307
0 0.7139423076923077 0.5817307692307693 0.25 0.3076923076923077
0 0.7055288461538461 0.6478365384615384 0.06490384615384616 0.07932692307692307
0 0.7055288461538461 0.6971153846153846 0.055288461538461536 0.04807692307692308
0 0.6033653846153846 0.6754807692307693 0.13942307692307693 0.125
0 0.6105769230769231 0.7391826923076923 0.08653846153846154 0.055288461538461536
0 0.5336538461538461 0.7884615384615384 0.1201923076923077 0.19230769230769232
0 0.5757211538461539 0.9134615384615384 0.20432692307692307 0.11538461538461539
0 0.4110576923076923 0.90625 0.23557692307692307 0.12980769230769232
0 0.40024038461538464 0.8100961538461539 0.18509615384615385 0.21153846153846154
0 0.4639423076923077 0.6778846153846154 0.08173076923076923 0.16346153846153846
0 0.3557692307692308 0.6466346153846154 0.15384615384615385 0.11538461538461539
0 0.23918269230769232 0.7331730769230769 0.17067307692307693 0.1201923076923077
0 0.2932692307692308 0.8293269230769231 0.11057692307692307 0.10096153846153846
0 0.37259615384615385 0.8245192307692307 0.038461538461538464 0.019230769230769232
0 0.23076923076923078 0.9038461538461539 0.125 0.08653846153846154
0 0.17067307692307693 0.8233173076923077 0.125 0.10336538461538461
0 0.19831730769230768 0.5985576923076923 0.18990384615384615 0.14903846153846154
0 0.2439903846153846 0.453125 0.18028846153846154 0.12740384615384615
0 0.34375 0.3918269230769231 0.13942307692307693 0.10096153846153846
0 0.34615384615384615 0.4495192307692308 0.02403846153846154 0.014423076923076924
0 0.3485576923076923 0.5372596153846154 0.16826923076923078 0.12740384615384615
0 0.4182692307692308 0.46634615384615385 0.11057692307692307 0.07692307692307693
0 0.5228365384615384 0.5480769230769231 0.18028846153846154 0.14423076923076922
0 0.6177884615384616 0.5072115384615384 0.08173076923076923 0.07692307692307693
0 0.6610576923076923 0.5817307692307693 0.125 0.09134615384615384
0 0.7307692307692307 0.4170673076923077 0.14423076923076922 0.12740384615384615
0 0.8401442307692307 0.4110576923076923 0.07451923076923077 0.0673076923076923
0 0.640625 0.3954326923076923 0.07451923076923077 0.08413461538461539
0 0.5216346153846154 0.390625 0.16346153846153846 0.12740384615384615
0 0.8533653846153846 0.39903846153846156 0.11057692307692307 0.10096153846153846
0 0.22355769230769232 0.3329326923076923 0.1201923076923077 0.10336538461538461
0 0.2956730769230769 0.3161057692307692 0.10576923076923077 0.08413461538461539
0 0.41346153846153844 0.3004807692307692 0.13942307692307693 0.10576923076923077
0 0.5516826923076923 0.2692307692307692 0.1658653846153846 0.1201923076923077
0 0.25721153846153844 0.2403846153846154 0.10096153846153846 0.09134615384615384
0 0.34615384615384615 0.24639423076923078 0.08653846153846154 0.055288461538461536
0 0.2980769230769231 0.14903846153846154 0.16826923076923078 0.14903846153846154
0 0.44711538461538464 0.18509615384615385 0.1201923076923077 0.11057692307692307
0 0.6262019230769231 0.2127403846153846 0.18509615384615385 0.08413461538461539
0 0.7740384615384616 0.22716346153846154 0.3605769230769231 0.31490384615384615
0 0.45913461538461536 0.1346153846153846 0.46153846153846156 0.21634615384615385
0 0.4951923076923077 0.03365384615384615 0.20673076923076922 0.052884615384615384
0 0.65625 0.06490384615384616 0.1346153846153846 0.11538461538461539
0 0.31009615384615385 0.03365384615384615 0.08653846153846154 0.052884615384615384
0 0.38341346153846156 0.02403846153846154 0.05048076923076923 0.03365384615384615
0 0.24519230769230768 0.037259615384615384 0.08653846153846154 0.06009615384615385
0 0.15745192307692307 0.09375 0.06971153846153846 0.03365384615384615
0 0.15745192307692307 0.05048076923076923 0.0889423076923077 0.04807692307692308
0 0.203125 0.02403846153846154 0.06009615384615385 0.03365384615384615
0 0.20072115384615385 0.21394230769230768 0.2860576923076923 0.30288461538461536
0 0.2247596153846154 0.23798076923076922 0.17548076923076922 0.18269230769230768
