0 0.7235576923076923 0.8233173076923077 0.2980769230769231 0.29086538461538464
0 0.3762019230769231 0.8894230769230769 0.39663461538461536 0.22115384615384615
0 0.4110576923076923 0.625 0.40384615384615385 0.34134615384615385
0 0.17067307692307693 0.7728365384615384 0.22115384615384615 0.20432692307692307
0 0.23557692307692307 0.43990384615384615 0.20673076923076922 0.15384615384615385
0 0.13581730769230768 0.5360576923076923 0.2620192307692308 0.3557692307692308
0 0.5576923076923077 0.4170673076923077 0.27403846153846156 0.18509615384615385
0 0.7920673076923077 0.5504807692307693 0.3918269230769231 0.27403846153846156
0 0.7451923076923077 0.2932692307692308 0.34134615384615385 0.2403846153846154
0 0.9302884615384616 0.3245192307692308 0.1346153846153846 0.27884615384615385
0 0.4735576923076923 0.24519230769230768 0.49038461538461536 0.36538461538461536
0 0.5024038461538461 0.08533653846153846 0.9951923076923077 0.1658653846153846
0 0.10817307692307693 0.2956730769230769 0.20192307692307693 0.12980769230769232
0 0.05048076923076923 0.37259615384615385 0.09134615384615384 0.1201923076923077
0 0.014423076923076924 0.43990384615384615 0.019230769230769232 0.0625
0 0.19951923076923078 0.21634615384615385 0.15384615384615385 0.125
0 0.2848557692307692 0.11778846153846154 0.18028846153846154 0.1201923076923077
0 0.33774038461538464 0.07932692307692307 0.17548076923076922 0.057692307692307696
0 0.17548076923076922 0.05048076923076923 0.1201923076923077 0.09615384615384616
0 0.09134615384615384 0.1201923076923077 0.09134615384615384 0.1201923076923077
0 0.02403846153846154 0.22596153846153846 0.038461538461538464 0.09134615384615384
