0 0.046875 0.9350961538461539 0.0889423076923077 0.07211538461538461
0 0.036057692307692304 0.9819711538461539 0.0673076923076923 0.036057692307692304
0 0.0985576923076923 0.9663461538461539 0.04807692307692308 0.04326923076923077
0 0.0985576923076923 0.9146634615384616 0.04807692307692308 0.05048076923076923
0 0.04567307692307692 0.8798076923076923 0.07692307692307693 0.04326923076923077
0 0.24519230769230768 0.9711538461538461 0.09134615384615384 0.052884615384615384
0 0.20673076923076922 0.9278846153846154 0.125 0.07692307692307693
0 0.15625 0.9747596153846154 0.04326923076923077 0.05048076923076923
0 0.18509615384615385 0.875 0.07211538461538461 0.03365384615384615
0 0.24278846153846154 0.8689903846153846 0.052884615384615384 0.05048076923076923
0 0.29447115384615385 0.9182692307692307 0.06009615384615385 0.08173076923076923
0 0.35336538461538464 0.9783653846153846 0.07692307692307693 0.038461538461538464
0 0.41586538461538464 0.9519230769230769 0.08173076923076923 0.08173076923076923
0 0.5096153846153846 0.9855769230769231 0.07211538461538461 0.028846153846153848
0 0.5264423076923077 0.9615384615384616 0.07692307692307693 0.04807692307692308
0 0.6057692307692307 0.9759615384615384 0.08173076923076923 0.04807692307692308
0 0.7235576923076923 0.9819711538461539 0.07692307692307693 0.036057692307692304
0 0.8149038461538461 0.9891826923076923 0.08173076923076923 0.021634615384615384
0 0.8052884615384616 0.90625 0.16346153846153846 0.07692307692307693
0 0.7572115384615384 0.9471153846153846 0.11057692307692307 0.0673076923076923
0 0.8653846153846154 0.9495192307692307 0.11057692307692307 0.0673076923076923
0 0.7019230769230769 0.8834134615384616 0.04326923076923077 0.05048076923076923
0 0.7355769230769231 0.8389423076923077 0.07692307692307693 0.04326923076923077
0 0.8173076923076923 0.84375 0.07692307692307693 0.04807692307692308
0 0.8846153846153846 0.8786057692307693 0.07211538461538461 0.06971153846153846
0 0.6394230769230769 0.8329326923076923 0.07211538461538461 0.06490384615384616
0 0.5420673076923077 0.8076923076923077 0.10336538461538461 0.04807692307692308
0 0.5 0.8870192307692307 0.07692307692307693 0.11057692307692307
0 0.5456730769230769 0.8737980769230769 0.14903846153846154 0.08413461538461539
0 0.6033653846153846 0.9230769230769231 0.1201923076923077 0.028846153846153848
0 0.6418269230769231 0.8918269230769231 0.052884615384615384 0.0625
0 0.3918269230769231 0.8569711538461539 0.1201923076923077 0.07451923076923077
0 0.4326923076923077 0.8822115384615384 0.07211538461538461 0.04326923076923077
0 0.37740384615384615 0.8990384615384616 0.04807692307692308 0.019230769230769232
0 0.3581730769230769 0.8004807692307693 0.07692307692307693 0.038461538461538464
0 0.4254807692307692 0.8173076923076923 0.07211538461538461 0.057692307692307696
0 0.19951923076923078 0.828125 0.1201923076923077 0.05048076923076923
0 0.17067307692307693 0.7860576923076923 0.09134615384615384 0.04807692307692308
0 0.24278846153846154 0.7776442307692307 0.08653846153846154 0.036057692307692304
0 0.2764423076923077 0.8125 0.04326923076923077 0.02403846153846154
0 0.10096153846153846 0.7980769230769231 0.052884615384615384 0.0625
0 0.040865384615384616 0.8149038461538461 0.07692307692307693 0.057692307692307696
0 0.06009615384615385 0.7620192307692307 0.07211538461538461 0.04807692307692308
0 0.016826923076923076 0.7620192307692307 0.028846153846153848 0.038461538461538464
0 0.17548076923076922 0.7403846153846154 0.08173076923076923 0.038461538461538464
0 0.14182692307692307 0.6995192307692307 0.038461538461538464 0.04807692307692308
0 0.19230769230769232 0.6887019230769231 0.07211538461538461 0.055288461538461536
0 0.24278846153846154 0.7223557692307693 0.07692307692307693 0.055288461538461536
0 0.15625 0.65625 0.052884615384615384 0.04807692307692308
0 0.21153846153846154 0.6514423076923077 0.08653846153846154 0.03365384615384615
0 0.25 0.6658653846153846 0.04326923076923077 0.052884615384615384
0 0.3112980769230769 0.7211538461538461 0.06009615384615385 0.07692307692307693
0 0.31971153846153844 0.6634615384615384 0.0673076923076923 0.038461538461538464
0 0.3701923076923077 0.7091346153846154 0.07692307692307693 0.0673076923076923
0 0.36177884615384615 0.7560096153846154 0.06009615384615385 0.021634615384615384
0 0.4206730769230769 0.7475961538461539 0.07211538461538461 0.057692307692307696
0 0.43149038461538464 0.6875 0.06009615384615385 0.0625
0 0.3942307692307692 0.6622596153846154 0.09134615384615384 0.05048076923076923
0 0.49038461538461536 0.7259615384615384 0.0673076923076923 0.057692307692307696
0 0.5600961538461539 0.7740384615384616 0.08653846153846154 0.057692307692307696
0 0.6322115384615384 0.7632211538461539 0.07692307692307693 0.05048076923076923
0 0.6298076923076923 0.7007211538461539 0.07211538461538461 0.06490384615384616
0 0.5552884615384616 0.71875 0.08653846153846154 0.0673076923076923
0 0.5048076923076923 0.6730769230769231 0.07692307692307693 0.052884615384615384
0 0.5865384615384616 0.6622596153846154 0.11057692307692307 0.05048076923076923
0 0.7752403846153846 0.7439903846153846 0.10336538461538461 0.06971153846153846
0 0.78125 0.796875 0.08173076923076923 0.05048076923076923
0 0.7139423076923077 0.7548076923076923 0.0673076923076923 0.052884615384615384
0 0.71875 0.6947115384615384 0.08653846153846154 0.0625
0 0.8052884615384616 0.6923076923076923 0.11057692307692307 0.052884615384615384
0 0.8774038461538461 0.71875 0.08653846153846154 0.07692307692307693
0 0.8629807692307693 0.7872596153846154 0.08173076923076923 0.05048076923076923
0 0.04567307692307692 0.6033653846153846 0.07692307692307693 0.04326923076923077
0 0.10576923076923077 0.5985576923076923 0.052884615384615384 0.04326923076923077
0 0.18389423076923078 0.6069711538461539 0.0985576923076923 0.05048076923076923
0 0.25721153846153844 0.6021634615384616 0.08173076923076923 0.036057692307692304
0 0.36538461538461536 0.6165865384615384 0.09134615384615384 0.036057692307692304
0 0.4375 0.609375 0.07211538461538461 0.05048076923076923
0 0.5504807692307693 0.6213942307692307 0.07692307692307693 0.036057692307692304
0 0.6298076923076923 0.6153846153846154 0.08173076923076923 0.04807692307692308
0 0.7463942307692307 0.6358173076923077 0.0985576923076923 0.05048076923076923
0 0.8497596153846154 0.6346153846153846 0.0985576923076923 0.04807692307692308
0 0.7956730769230769 0.59375 0.08653846153846154 0.0625
0 0.7211538461538461 0.5841346153846154 0.07211538461538461 0.052884615384615384
0 0.875 0.5841346153846154 0.07211538461538461 0.0673076923076923
0 0.6466346153846154 0.5600961538461539 0.07692307692307693 0.07692307692307693
0 0.5721153846153846 0.5745192307692307 0.08653846153846154 0.057692307692307696
0 0.5144230769230769 0.5745192307692307 0.07211538461538461 0.057692307692307696
0 0.4495192307692308 0.5600961538461539 0.07211538461538461 0.057692307692307696
0 0.37740384615384615 0.5769230769230769 0.09134615384615384 0.0625
0 0.31490384615384615 0.5697115384615384 0.04326923076923077 0.04326923076923077
0 0.27403846153846156 0.5649038461538461 0.04807692307692308 0.04807692307692308
0 0.20432692307692307 0.5600961538461539 0.07692307692307693 0.04807692307692308
0 0.1658653846153846 0.578125 0.0 0.007211538461538462
0 0.1045673076923077 0.5456730769230769 0.06009615384615385 0.052884615384615384
0 0.036057692307692304 0.5625 0.0673076923076923 0.038461538461538464
0 0.027644230769230768 0.5264423076923077 0.05048076923076923 0.038461538461538464
0 0.08774038461538461 0.5240384615384616 0.06009615384615385 0.038461538461538464
0 0.17548076923076922 0.5240384615384616 0.08173076923076923 0.04326923076923077
0 0.2548076923076923 0.5264423076923077 0.07692307692307693 0.04326923076923077
0 0.33413461538461536 0.5264423076923077 0.08173076923076923 0.057692307692307696
0 0.4014423076923077 0.5168269230769231 0.07692307692307693 0.04807692307692308
0 0.5204326923076923 0.5240384615384616 0.06009615384615385 0.04326923076923077
0 0.5985576923076923 0.5216346153846154 0.08653846153846154 0.038461538461538464
0 0.7379807692307693 0.5384615384615384 0.08173076923076923 0.04326923076923077
0 0.8389423076923077 0.5360576923076923 0.11057692307692307 0.0625
0 0.036057692307692304 0.48197115384615385 0.0673076923076923 0.04567307692307692
0 0.09615384615384616 0.4807692307692308 0.0673076923076923 0.038461538461538464
0 0.057692307692307696 0.4495192307692308 0.08653846153846154 0.04807692307692308
0 0.06129807692307692 0.40384615384615385 0.06009615384615385 0.038461538461538464
0 0.11538461538461539 0.40625 0.04807692307692308 0.04326923076923077
0 0.12259615384615384 0.4495192307692308 0.04326923076923077 0.04326923076923077
0 0.20192307692307693 0.4423076923076923 0.08173076923076923 0.04807692307692308
0 0.17427884615384615 0.48197115384615385 0.06009615384615385 0.036057692307692304
0 0.1778846153846154 0.40865384615384615 0.0673076923076923 0.04807692307692308
0 0.2403846153846154 0.39663461538461536 0.08173076923076923 0.04807692307692308
0 0.2764423076923077 0.42908653846153844 0.04326923076923077 0.05048076923076923
0 0.27283653846153844 0.4675480769230769 0.06009615384615385 0.036057692307692304
0 0.23317307692307693 0.48677884615384615 0.0673076923076923 0.036057692307692304
0 0.35336538461538464 0.4795673076923077 0.07692307692307693 0.036057692307692304
0 0.4338942307692308 0.4855769230769231 0.0985576923076923 0.038461538461538464
0 0.37740384615384615 0.43509615384615385 0.08173076923076923 0.057692307692307696
0 0.45913461538461536 0.4254807692307692 0.07211538461538461 0.08173076923076923
0 0.41947115384615385 0.3942307692307692 0.0985576923076923 0.038461538461538464
0 0.35096153846153844 0.39302884615384615 0.07211538461538461 0.036057692307692304
0 0.5625 0.47475961538461536 0.09134615384615384 0.036057692307692304
0 0.5216346153846154 0.43149038461538464 0.052884615384615384 0.06490384615384616
0 0.5841346153846154 0.43509615384615385 0.08173076923076923 0.057692307692307696
0 0.6418269230769231 0.4639423076923077 0.0673076923076923 0.0625
0 0.6466346153846154 0.40384615384615385 0.07692307692307693 0.0625
0 0.5733173076923077 0.38221153846153844 0.10336538461538461 0.04807692307692308
0 0.7139423076923077 0.4639423076923077 0.0673076923076923 0.0673076923076923
0 0.7824519230769231 0.4879807692307692 0.10336538461538461 0.052884615384615384
0 0.8737980769230769 0.47596153846153844 0.10336538461538461 0.057692307692307696
0 0.8004807692307693 0.43509615384615385 0.1201923076923077 0.0673076923076923
0 0.8846153846153846 0.41466346153846156 0.07211538461538461 0.06490384615384616
0 0.8100961538461539 0.38221153846153844 0.11538461538461539 0.038461538461538464
0 0.7259615384615384 0.3942307692307692 0.08173076923076923 0.0625
0 0.8149038461538461 0.33413461538461536 0.11538461538461539 0.057692307692307696
0 0.7307692307692307 0.33052884615384615 0.07692307692307693 0.05048076923076923
0 0.8894230769230769 0.3293269230769231 0.0673076923076923 0.04807692307692308
0 0.8846153846153846 0.27283653846153844 0.09134615384615384 0.06490384615384616
0 0.7896634615384616 0.27283653846153844 0.0985576923076923 0.06490384615384616
0 0.7307692307692307 0.29086538461538464 0.04326923076923077 0.028846153846153848
0 0.7596153846153846 0.25240384615384615 0.08173076923076923 0.052884615384615384
0 0.8509615384615384 0.23918269230769232 0.08653846153846154 0.05048076923076923
0 0.6610576923076923 0.2860576923076923 0.09134615384615384 0.08173076923076923
0 0.6213942307692307 0.33413461538461536 0.0985576923076923 0.057692307692307696
0 0.5264423076923077 0.3389423076923077 0.07692307692307693 0.038461538461538464
0 0.5264423076923077 0.296875 0.08653846153846154 0.06490384615384616
0 0.5901442307692307 0.265625 0.10336538461538461 0.06490384615384616
0 0.6586538461538461 0.24759615384615385 0.0673076923076923 0.03365384615384615
0 0.4495192307692308 0.34375 0.08173076923076923 0.057692307692307696
0 0.3701923076923077 0.35096153846153844 0.07692307692307693 0.052884615384615384
0 0.33413461538461536 0.31850961538461536 0.04807692307692308 0.05048076923076923
0 0.375 0.2932692307692308 0.08653846153846154 0.057692307692307696
0 0.3401442307692308 0.27283653846153844 0.06009615384615385 0.05048076923076923
0 0.4110576923076923 0.2548076923076923 0.09134615384615384 0.038461538461538464
0 0.4519230769230769 0.29086538461538464 0.0673076923076923 0.057692307692307696
0 0.2692307692307692 0.32211538461538464 0.08173076923076923 0.052884615384615384
0 0.24278846153846154 0.35096153846153844 0.07692307692307693 0.03365384615384615
0 0.1778846153846154 0.3581730769230769 0.0673076923076923 0.04326923076923077
0 0.20673076923076922 0.31009615384615385 0.07211538461538461 0.04807692307692308
0 0.1658653846153846 0.3016826923076923 0.03365384615384615 0.036057692307692304
0 0.21153846153846154 0.27524038461538464 0.0673076923076923 0.036057692307692304
0 0.2764423076923077 0.2800480769230769 0.04326923076923077 0.036057692307692304
0 0.11778846153846154 0.3317307692307692 0.0673076923076923 0.052884615384615384
0 0.09375 0.3629807692307692 0.07211538461538461 0.04326923076923077
0 0.03245192307692308 0.3605769230769231 0.06009615384615385 0.02403846153846154
0 0.057692307692307696 0.32211538461538464 0.07692307692307693 0.04807692307692308
0 0.013221153846153846 0.31971153846153844 0.021634615384615384 0.04326923076923077
0 0.04567307692307692 0.28125 0.052884615384615384 0.03365384615384615
0 0.11298076923076923 0.28966346153846156 0.07692307692307693 0.05048076923076923
0 0.03245192307692308 0.24519230769230768 0.06009615384615385 0.038461538461538464
0 0.019230769230769232 0.20552884615384615 0.03365384615384615 0.05048076923076923
0 0.06971153846153846 0.203125 0.07692307692307693 0.05048076923076923
0 0.09615384615384616 0.2403846153846154 0.07692307692307693 0.04807692307692308
0 0.1201923076923077 0.21153846153846154 0.038461538461538464 0.038461538461538464
0 0.11298076923076923 0.16826923076923078 0.052884615384615384 0.04807692307692308
0 0.0625 0.1658653846153846 0.052884615384615384 0.028846153846153848
0 0.17307692307692307 0.23798076923076922 0.0673076923076923 0.04807692307692308
0 0.17067307692307693 0.20192307692307693 0.04807692307692308 0.028846153846153848
0 0.20673076923076922 0.1875 0.08173076923076923 0.0625
0 0.23557692307692307 0.23557692307692307 0.08173076923076923 0.04326923076923077
0 0.27403846153846156 0.2091346153846154 0.07211538461538461 0.057692307692307696
0 0.2848557692307692 0.1658653846153846 0.06009615384615385 0.038461538461538464
0 0.23798076923076922 0.14182692307692307 0.07692307692307693 0.02403846153846154
0 0.1778846153846154 0.16105769230769232 0.04326923076923077 0.03365384615384615
0 0.3918269230769231 0.22596153846153846 0.07692307692307693 0.04326923076923077
0 0.34134615384615385 0.19471153846153846 0.052884615384615384 0.0625
0 0.39663461538461536 0.17307692307692307 0.08653846153846154 0.057692307692307696
0 0.3449519230769231 0.13942307692307693 0.06009615384615385 0.038461538461538464
0 0.41586538461538464 0.13221153846153846 0.09134615384615384 0.038461538461538464
0 0.46634615384615385 0.1466346153846154 0.052884615384615384 0.07692307692307693
0 0.4567307692307692 0.21153846153846154 0.07692307692307693 0.0625
0 0.5913461538461539 0.20192307692307693 0.08173076923076923 0.052884615384615384
0 0.5336538461538461 0.18990384615384615 0.052884615384615384 0.04807692307692308
0 0.5637019230769231 0.1466346153846154 0.10336538461538461 0.0673076923076923
0 0.5985576923076923 0.11057692307692307 0.052884615384615384 0.038461538461538464
0 0.6706730769230769 0.11298076923076923 0.08653846153846154 0.052884615384615384
0 0.6586538461538461 0.17427884615384615 0.08653846153846154 0.06490384615384616
0 0.7439903846153846 0.18269230769230768 0.06009615384615385 0.0625
0 0.7439903846153846 0.125 0.06009615384615385 0.052884615384615384
0 0.8293269230769231 0.1201923076923077 0.11057692307692307 0.08653846153846154
0 0.8257211538461539 0.18269230769230768 0.10336538461538461 0.0625
0 0.9014423076923077 0.15144230769230768 0.09134615384615384 0.07211538461538461
0 0.8918269230769231 0.09134615384615384 0.09134615384615384 0.0625
0 0.8040865384615384 0.08413461538461539 0.06009615384615385 0.028846153846153848
0 0.6526442307692307 0.054086538461538464 0.0985576923076923 0.06490384615384616
0 0.6754807692307693 0.016826923076923076 0.0673076923076923 0.02403846153846154
0 0.7596153846153846 0.040865384615384616 0.09134615384615384 0.0625
0 0.828125 0.036057692307692304 0.0889423076923077 0.0625
0 0.9026442307692307 0.018028846153846152 0.08413461538461539 0.026442307692307692
0 0.6033653846153846 0.021634615384615384 0.0673076923076923 0.03365384615384615
0 0.5649038461538461 0.06129807692307692 0.08653846153846154 0.05048076923076923
0 0.5420673076923077 0.026442307692307692 0.06009615384615385 0.04807692307692308
0 0.4699519230769231 0.057692307692307696 0.06009615384615385 0.057692307692307696
0 0.46634615384615385 0.019230769230769232 0.0673076923076923 0.03365384615384615
0 0.40625 0.03365384615384615 0.08653846153846154 0.0625
0 0.4230769230769231 0.08413461538461539 0.07692307692307693 0.052884615384615384
0 0.34375 0.09134615384615384 0.07211538461538461 0.057692307692307696
0 0.35336538461538464 0.03365384615384615 0.04326923076923077 0.04807692307692308
0 0.2956730769230769 0.0673076923076923 0.07211538461538461 0.057692307692307696
0 0.27163461538461536 0.10576923076923077 0.08653846153846154 0.038461538461538464
0 0.18990384615384615 0.11057692307692307 0.0673076923076923 0.052884615384615384
0 0.21995192307692307 0.06370192307692307 0.06009615384615385 0.05048076923076923
0 0.28125 0.026442307692307692 0.07692307692307693 0.04807692307692308
0 0.21995192307692307 0.027644230769230768 0.06009615384615385 0.036057692307692304
