0 0.8858173076923077 0.9098557692307693 0.23317307692307693 0.18028846153846154
0 0.8894230769230769 0.7379807692307693 0.22596153846153846 0.2403846153846154
0 0.8846153846153846 0.5528846153846154 0.23076923076923078 0.23557692307692307
0 0.8822115384615384 0.35096153846153844 0.23557692307692307 0.2403846153846154
0 0.8894230769230769 0.18509615384615385 0.22115384615384615 0.17307692307692307
0 0.8846153846153846 0.07211538461538461 0.23076923076923078 0.1346153846153846
0 0.5721153846153846 0.6382211538461539 0.0673076923076923 0.09375
0 0.5168269230769231 0.5408653846153846 0.11538461538461539 0.11538461538461539
0 0.5108173076923077 0.640625 0.08413461538461539 0.09375
0 0.49759615384615385 0.6754807692307693 0.1201923076923077 0.11538461538461539
0 0.41466346153846156 0.5456730769230769 0.12740384615384615 0.10576923076923077
0 0.34375 0.7788461538461539 0.0673076923076923 0.08173076923076923
0 0.3076923076923077 0.8137019230769231 0.057692307692307696 0.1466346153846154
0 0.3293269230769231 0.6947115384615384 0.057692307692307696 0.07692307692307693
0 0.31971153846153844 0.6538461538461539 0.09615384615384616 0.0625
0 0.3798076923076923 0.6911057692307693 0.09615384615384616 0.07451923076923077
0 0.24879807692307693 0.4495192307692308 0.07932692307692307 0.07692307692307693
0 0.12740384615384615 0.28846153846153844 0.0673076923076923 0.057692307692307696
0 0.09615384615384616 0.21754807692307693 0.04807692307692308 0.07451923076923077
0 0.09134615384615384 0.30288461538461536 0.038461538461538464 0.08173076923076923
0 0.10096153846153846 0.5300480769230769 0.057692307692307696 0.06009615384615385
0 0.12740384615384615 0.6646634615384616 0.10096153846153846 0.19951923076923078
0 0.09615384615384616 0.6129807692307693 0.038461538461538464 0.09134615384615384
0 0.1778846153846154 0.5384615384615384 0.11538461538461539 0.09134615384615384
0 0.2620192307692308 0.46153846153846156 0.10576923076923077 0.10096153846153846
0 0.2668269230769231 0.40625 0.10576923076923077 0.057692307692307696
0 0.30408653846153844 0.4050480769230769 0.12740384615384615 0.09375
0 0.31971153846153844 0.3557692307692308 0.052884615384615384 0.11538461538461539
0 0.3125 0.5264423076923077 0.10096153846153846 0.04326923076923077
0 0.31009615384615385 0.5709134615384616 0.11538461538461539 0.040865384615384616
0 0.32211538461538464 0.6081730769230769 0.10096153846153846 0.04807692307692308
0 0.23677884615384615 0.5961538461538461 0.08413461538461539 0.08653846153846154
0 0.17548076923076922 0.6502403846153846 0.057692307692307696 0.11298076923076923
0 0.21514423076923078 0.6899038461538461 0.07451923076923077 0.07211538461538461
0 0.24158653846153846 0.6466346153846154 0.07451923076923077 0.0673076923076923
0 0.2608173076923077 0.828125 0.026442307692307692 0.06009615384615385
0 0.25 0.7776442307692307 0.057692307692307696 0.07451923076923077
0 0.21153846153846154 0.7439903846153846 0.0673076923076923 0.07451923076923077
0 0.1778846153846154 0.8016826923076923 0.10576923076923077 0.09375
0 0.11298076923076923 0.7596153846153846 0.09615384615384616 0.17307692307692307
0 0.08413461538461539 0.8641826923076923 0.038461538461538464 0.19471153846153846
0 0.12980769230769232 0.9423076923076923 0.11057692307692307 0.11538461538461539
0 0.17307692307692307 0.9206730769230769 0.0625 0.09615384615384616
0 0.20432692307692307 0.8557692307692307 0.11538461538461539 0.09134615384615384
0 0.8870192307692307 0.5324519230769231 0.22596153846153846 0.9350961538461539
