0 0.6334134615384616 0.453125 0.49759615384615385 0.5024038461538461
0 0.2644230769230769 0.15985576923076922 0.13942307692307693 0.10817307692307693
0 0.3173076923076923 0.13942307692307693 0.03365384615384615 0.10096153846153846
0 0.12259615384615384 0.8305288461538461 0.0673076923076923 0.04567307692307692
0 0.08653846153846154 0.7211538461538461 0.04326923076923077 0.04326923076923077
0 0.10096153846153846 0.6610576923076923 0.07211538461538461 0.038461538461538464
0 0.0985576923076923 0.6225961538461539 0.038461538461538464 0.028846153846153848
0 0.3245192307692308 0.9543269230769231 0.0673076923076923 0.052884615384615384
0 0.38461538461538464 0.9362980769230769 0.057692307692307696 0.05048076923076923
0 0.4206730769230769 0.9158653846153846 0.014423076923076924 0.03365384615384615
0 0.43509615384615385 0.8918269230769231 0.03365384615384615 0.03365384615384615
0 0.44471153846153844 0.8317307692307693 0.03365384615384615 0.03365384615384615
0 0.47596153846153844 0.8197115384615384 0.028846153846153848 0.03365384615384615
0 0.4951923076923077 0.7692307692307693 0.038461538461538464 0.038461538461538464
0 0.5192307692307693 0.7331730769230769 0.04807692307692308 0.04807692307692308
0 0.5528846153846154 0.6971153846153846 0.04807692307692308 0.02403846153846154
0 0.5336538461538461 0.6634615384615384 0.038461538461538464 0.04326923076923077
0 0.4110576923076923 0.7956730769230769 0.04326923076923077 0.04807692307692308
0 0.40384615384615385 0.7524038461538461 0.057692307692307696 0.038461538461538464
0 0.4423076923076923 0.7980769230769231 0.019230769230769232 0.038461538461538464
0 0.4567307692307692 0.7620192307692307 0.04807692307692308 0.04326923076923077
0 0.4543269230769231 0.7211538461538461 0.03365384615384615 0.04326923076923077
0 0.4735576923076923 0.6850961538461539 0.052884615384615384 0.028846153846153848
0 0.49038461538461536 0.6514423076923077 0.038461538461538464 0.04326923076923077
0 0.3918269230769231 0.8425480769230769 0.04326923076923077 0.04567307692307692
0 0.375 0.8870192307692307 0.03365384615384615 0.04326923076923077
0 0.34375 0.8798076923076923 0.038461538461538464 0.07211538461538461
0 0.35336538461538464 0.828125 0.04807692307692308 0.05048076923076923
0 0.34615384615384615 0.7764423076923077 0.04326923076923077 0.038461538461538464
0 0.3317307692307692 0.7403846153846154 0.04326923076923077 0.028846153846153848
0 0.3701923076923077 0.7091346153846154 0.0625 0.04326923076923077
0 0.375 0.6778846153846154 0.04326923076923077 0.038461538461538464
0 0.38221153846153844 0.6346153846153846 0.052884615384615384 0.04326923076923077
0 0.4182692307692308 0.6346153846153846 0.038461538461538464 0.028846153846153848
0 0.43990384615384615 0.6129807692307693 0.04326923076923077 0.02403846153846154
0 0.40865384615384615 0.59375 0.04807692307692308 0.028846153846153848
0 0.38221153846153844 0.3581730769230769 0.052884615384615384 0.038461538461538464
0 0.36778846153846156 0.3173076923076923 0.0673076923076923 0.038461538461538464
0 0.3798076923076923 0.5697115384615384 0.038461538461538464 0.0625
0 0.3485576923076923 0.5360576923076923 0.038461538461538464 0.052884615384615384
0 0.3293269230769231 0.49278846153846156 0.057692307692307696 0.057692307692307696
0 0.3629807692307692 0.43028846153846156 0.04807692307692308 0.04326923076923077
0 0.34615384615384615 0.3918269230769231 0.052884615384615384 0.038461538461538464
0 0.3173076923076923 0.37740384615384615 0.03365384615384615 0.028846153846153848
0 0.3245192307692308 0.3449519230769231 0.038461538461538464 0.04567307692307692
0 0.28846153846153844 0.31009615384615385 0.052884615384615384 0.03365384615384615
0 0.3076923076923077 0.28125 0.03365384615384615 0.03365384615384615
0 0.25961538461538464 0.859375 0.03365384615384615 0.04567307692307692
0 0.3004807692307692 0.8569711538461539 0.038461538461538464 0.05048076923076923
0 0.29086538461538464 0.8076923076923077 0.028846153846153848 0.04326923076923077
0 0.2764423076923077 0.7728365384615384 0.038461538461538464 0.04567307692307692
0 0.24759615384615385 0.8088942307692307 0.057692307692307696 0.04567307692307692
0 0.19951923076923078 0.8461538461538461 0.04807692307692308 0.057692307692307696
0 0.20432692307692307 0.8858173076923077 0.0673076923076923 0.07451923076923077
0 0.17307692307692307 0.7956730769230769 0.052884615384615384 0.04807692307692308
0 0.18028846153846154 0.7548076923076923 0.038461538461538464 0.03365384615384615
0 0.1201923076923077 0.7596153846153846 0.0625 0.052884615384615384
0 0.12740384615384615 0.7127403846153846 0.04807692307692308 0.05048076923076923
0 0.1778846153846154 0.703125 0.052884615384615384 0.05048076923076923
0 0.1658653846153846 0.6514423076923077 0.057692307692307696 0.038461538461538464
0 0.1466346153846154 0.5973557692307693 0.04807692307692308 0.04567307692307692
0 0.13942307692307693 0.5504807692307693 0.0625 0.04807692307692308
0 0.11538461538461539 0.5168269230769231 0.0625 0.04326923076923077
0 0.12740384615384615 0.4639423076923077 0.057692307692307696 0.057692307692307696
0 0.17548076923076922 0.4495192307692308 0.04807692307692308 0.052884615384615384
0 0.18990384615384615 0.3942307692307692 0.057692307692307696 0.04326923076923077
0 0.21394230769230768 0.3605769230769231 0.0673076923076923 0.04807692307692308
0 0.22115384615384615 0.40384615384615385 0.04326923076923077 0.038461538461538464
0 0.25721153846153844 0.3629807692307692 0.028846153846153848 0.038461538461538464
0 0.2764423076923077 0.34615384615384615 0.038461538461538464 0.038461538461538464
0 0.25961538461538464 0.4230769230769231 0.052884615384615384 0.03365384615384615
0 0.29086538461538464 0.40625 0.028846153846153848 0.03365384615384615
0 0.3173076923076923 0.4182692307692308 0.03365384615384615 0.04807692307692308
0 0.28846153846153844 0.6923076923076923 0.04326923076923077 0.04326923076923077
0 0.30288461538461536 0.6430288461538461 0.03365384615384615 0.04567307692307692
0 0.31490384615384615 0.5841346153846154 0.057692307692307696 0.04326923076923077
0 0.2548076923076923 0.5456730769230769 0.0625 0.038461538461538464
0 0.24278846153846154 0.5745192307692307 0.04807692307692308 0.03365384615384615
0 0.25961538461538464 0.5024038461538461 0.0625 0.038461538461538464
0 0.2620192307692308 0.45913461538461536 0.04807692307692308 0.04326923076923077
0 0.21875 0.4639423076923077 0.04807692307692308 0.03365384615384615
0 0.20192307692307693 0.5 0.04326923076923077 0.04807692307692308
0 0.19471153846153846 0.5612980769230769 0.04807692307692308 0.04567307692307692
0 0.18269230769230768 0.6009615384615384 0.04326923076923077 0.04326923076923077
0 0.2283653846153846 0.6201923076923077 0.04807692307692308 0.03365384615384615
0 0.25240384615384615 0.6538461538461539 0.04807692307692308 0.03365384615384615
0 0.2091346153846154 0.6586538461538461 0.038461538461538464 0.02403846153846154
0 0.2403846153846154 0.6875 0.04326923076923077 0.04326923076923077
0 0.2403846153846154 0.7247596153846154 0.07211538461538461 0.05048076923076923
0 0.21875 0.7668269230769231 0.038461538461538464 0.04326923076923077
