0 0.7019230769230769 0.5084134615384616 0.5913461538461539 0.5024038461538461
0 0.7055288461538461 0.1310096153846154 0.5841346153846154 0.24759615384615385
0 0.37740384615384615 0.2668269230769231 0.5528846153846154 0.3894230769230769
0 0.09735576923076923 0.25961538461538464 0.18509615384615385 0.28365384615384615
0 0.23197115384615385 0.5408653846153846 0.41586538461538464 0.2692307692307692
0 0.4879807692307692 0.8064903846153846 0.6586538461538461 0.3870192307692308
0 0.12379807692307693 0.7776442307692307 0.23798076923076922 0.2860576923076923
0 0.28365384615384615 0.9555288461538461 0.23557692307692307 0.0889423076923077
0 0.10216346153846154 0.9483173076923077 0.19471153846153846 0.10336538461538461
0 0.04807692307692308 0.5997596153846154 0.08653846153846154 0.18028846153846154
