0 0.8545673076923077 0.12379807692307693 0.29086538461538464 0.23317307692307693
0 0.8689903846153846 0.3088942307692308 0.25721153846153844 0.20432692307692307
0 0.5072115384615384 0.5096153846153846 0.5769230769230769 0.4182692307692308
0 0.12259615384615384 0.4326923076923077 0.22596153846153846 0.21634615384615385
0 0.9567307692307693 0.4543269230769231 0.09134615384615384 0.125
0 0.8629807692307693 0.43028846153846156 0.14423076923076922 0.1346153846153846
0 0.7211538461538461 0.6682692307692307 0.13942307692307693 0.10096153846153846
0 0.8197115384615384 0.59375 0.13942307692307693 0.10096153846153846
0 0.8100961538461539 0.5096153846153846 0.07692307692307693 0.0673076923076923
0 0.9411057692307693 0.5240384615384616 0.11298076923076923 0.09134615384615384
0 0.9855769230769231 0.5637019230769231 0.028846153846153848 0.07932692307692307
0 0.9230769230769231 0.5889423076923077 0.08653846153846154 0.08173076923076923
0 0.875 0.6598557692307693 0.1346153846153846 0.09375
0 0.9699519230769231 0.6574519230769231 0.06009615384615385 0.10817307692307693
0 0.9567307692307693 0.7391826923076923 0.09134615384615384 0.0889423076923077
0 0.8317307692307693 0.7451923076923077 0.15384615384615385 0.10096153846153846
0 0.6923076923076923 0.7740384615384616 0.12980769230769232 0.10096153846153846
0 0.8533653846153846 0.8137019230769231 0.16346153846153846 0.09375
0 0.7475961538461539 0.8713942307692307 0.057692307692307696 0.10817307692307693
0 0.6658653846153846 0.8401442307692307 0.1201923076923077 0.09375
0 0.6322115384615384 0.9074519230769231 0.14423076923076922 0.10817307692307693
0 0.4831730769230769 0.9579326923076923 0.14423076923076922 0.08413461538461539
0 0.5144230769230769 0.8725961538461539 0.1346153846153846 0.08653846153846154
0 0.5240384615384616 0.7740384615384616 0.15384615384615385 0.10576923076923077
0 0.6298076923076923 0.7091346153846154 0.09615384615384616 0.07692307692307693
0 0.3918269230769231 0.8052884615384616 0.08653846153846154 0.10576923076923077
0 0.375 0.8978365384615384 0.125 0.09375
0 0.31971153846153844 0.9399038461538461 0.07692307692307693 0.0673076923076923
0 0.2824519230769231 0.8557692307692307 0.11298076923076923 0.07692307692307693
0 0.30288461538461536 0.71875 0.15384615384615385 0.09615384615384616
0 0.23317307692307693 0.6153846153846154 0.1201923076923077 0.1201923076923077
0 0.14302884615384615 0.5336538461538461 0.11298076923076923 0.07211538461538461
0 0.13221153846153846 0.6322115384615384 0.15384615384615385 0.11538461538461539
0 0.1875 0.7079326923076923 0.08173076923076923 0.05048076923076923
0 0.20552884615384615 0.8052884615384616 0.10817307692307693 0.1201923076923077
0 0.17548076923076922 0.8870192307692307 0.13942307692307693 0.0625
0 0.05889423076923077 0.9495192307692307 0.10336538461538461 0.10096153846153846
0 0.03365384615384615 0.8269230769230769 0.052884615384615384 0.1346153846153846
0 0.08774038461538461 0.8016826923076923 0.10817307692307693 0.13221153846153846
0 0.03365384615384615 0.7067307692307693 0.052884615384615384 0.09134615384615384
0 0.038461538461538464 0.6105769230769231 0.0625 0.08173076923076923
