0 0.8329326923076923 0.15264423076923078 0.11298076923076923 0.18509615384615385
0 0.7331730769230769 0.20432692307692307 0.20192307692307693 0.17307692307692307
0 0.8052884615384616 0.05889423076923077 0.12980769230769232 0.10336538461538461
0 0.6334134615384616 0.33413461538461536 0.25240384615384615 0.20673076923076922
0 0.8052884615384616 0.49399038461538464 0.15865384615384615 0.18028846153846154
0 0.7740384615384616 0.7644230769230769 0.21153846153846154 0.1778846153846154
0 0.8317307692307693 0.6646634615384616 0.125 0.12259615384615384
0 0.5673076923076923 0.8425480769230769 0.22115384615384615 0.21875
0 0.65625 0.6610576923076923 0.22115384615384615 0.19230769230769232
0 0.6153846153846154 0.5024038461538461 0.20673076923076922 0.16826923076923078
0 0.3786057692307692 0.3557692307692308 0.31971153846153844 0.20673076923076922
0 0.41346153846153844 0.22716346153846154 0.12980769230769232 0.21875
0 0.6826923076923077 0.11658653846153846 0.3798076923076923 0.21875
0 0.48197115384615385 0.6478365384615384 0.17548076923076922 0.14182692307692307
0 0.3557692307692308 0.8701923076923077 0.19230769230769232 0.25961538461538464
0 0.21634615384615385 0.8185096153846154 0.12980769230769232 0.10817307692307693
0 0.3173076923076923 0.640625 0.15384615384615385 0.12259615384615384
0 0.4026442307692308 0.5168269230769231 0.18028846153846154 0.1201923076923077
0 0.20432692307692307 0.4963942307692308 0.14423076923076922 0.12259615384615384
0 0.2668269230769231 0.44591346153846156 0.09134615384615384 0.08413461538461539
0 0.23076923076923078 0.38100961538461536 0.052884615384615384 0.08413461538461539
0 0.1778846153846154 0.3401442307692308 0.09134615384615384 0.10336538461538461
0 0.28365384615384615 0.2608173076923077 0.12980769230769232 0.08413461538461539
0 0.1466346153846154 0.2548076923076923 0.07211538461538461 0.08173076923076923
0 0.20192307692307693 0.25600961538461536 0.07692307692307693 0.06490384615384616
0 0.07211538461538461 0.18629807692307693 0.12980769230769232 0.10336538461538461
0 0.06971153846153846 0.039663461538461536 0.125 0.06490384615384616
0 0.09254807692307693 0.6165865384615384 0.10817307692307693 0.0889423076923077
0 0.08533653846153846 0.7920673076923077 0.11298076923076923 0.08413461538461539
0 0.09495192307692307 0.9206730769230769 0.11298076923076923 0.09615384615384616
