0 0.7091346153846154 0.4567307692307692 0.36538461538461536 0.5288461538461539
0 0.7115384615384616 0.6947115384615384 0.125 0.004807692307692308
0 0.6153846153846154 0.7067307692307693 0.13942307692307693 0.09615384615384616
0 0.5817307692307693 0.1875 0.04326923076923077 0.03365384615384615
0 0.25721153846153844 0.4675480769230769 0.3701923076923077 0.5168269230769231
0 0.265625 0.1875 0.10336538461538461 0.0673076923076923
0 0.3737980769230769 0.19951923076923078 0.07451923076923077 0.028846153846153848
0 0.15504807692307693 0.19951923076923078 0.07451923076923077 0.028846153846153848
0 0.43990384615384615 0.43990384615384615 0.03365384615384615 0.2403846153846154
0 0.19471153846153846 0.7319711538461539 0.09615384615384616 0.055288461538461536
0 0.2860576923076923 0.7379807692307693 0.0673076923076923 0.038461538461538464
0 0.3798076923076923 0.7307692307692307 0.08173076923076923 0.04326923076923077
0 0.2403846153846154 0.7524038461538461 0.2403846153846154 0.0673076923076923
2 0.7079326923076923 0.4807692307692308 0.46875 0.7451923076923077
