0 0.8173076923076923 0.46153846153846156 0.08173076923076923 0.038461538461538464
0 0.8485576923076923 0.2980769230769231 0.09134615384615384 0.04807692307692308
0 0.8629807692307693 0.3798076923076923 0.07692307692307693 0.08173076923076923
0 0.8846153846153846 0.18028846153846154 0.0625 0.0673076923076923
0 0.9399038461538461 0.15144230769230768 0.09615384615384616 0.04807692307692308
0 0.9134615384615384 0.052884615384615384 0.09615384615384616 0.052884615384615384
0 0.9783653846153846 0.12259615384615384 0.04326923076923077 0.057692307692307696
0 0.9723557692307693 0.21995192307692307 0.055288461538461536 0.07451923076923077
0 0.9110576923076923 0.2668269230769231 0.052884615384615384 0.0625
0 0.9495192307692307 0.3112980769230769 0.09615384615384616 0.05048076923076923
0 0.9423076923076923 0.3701923076923077 0.08173076923076923 0.052884615384615384
0 0.9230769230769231 0.4254807692307692 0.09615384615384616 0.052884615384615384
0 0.9134615384615384 0.46875 0.08653846153846154 0.04807692307692308
0 0.8822115384615384 0.5288461538461539 0.057692307692307696 0.057692307692307696
0 0.9375 0.5252403846153846 0.052884615384615384 0.06971153846153846
0 0.9014423076923077 0.5793269230769231 0.0625 0.04807692307692308
0 0.9038461538461539 0.6394230769230769 0.08653846153846154 0.057692307692307696
0 0.875 0.6923076923076923 0.08173076923076923 0.038461538461538464
0 0.90625 0.7475961538461539 0.07211538461538461 0.04807692307692308
0 0.9699519230769231 0.734375 0.06009615384615385 0.026442307692307692
0 0.9831730769230769 0.6838942307692307 0.03365384615384615 0.040865384615384616
0 0.9675480769230769 0.6514423076923077 0.03125 0.052884615384615384
0 0.9699519230769231 0.7007211538461539 0.06009615384615385 0.040865384615384616
0 0.9242788461538461 0.7139423076923077 0.04567307692307692 0.03365384615384615
0 0.9855769230769231 0.6213942307692307 0.028846153846153848 0.06490384615384616
0 0.9615384615384616 0.5817307692307693 0.052884615384615384 0.057692307692307696
0 0.9807692307692307 0.5240384615384616 0.038461538461538464 0.07211538461538461
0 0.9807692307692307 0.4675480769230769 0.038461538461538464 0.05048076923076923
0 0.9747596153846154 0.42788461538461536 0.05048076923076923 0.052884615384615384
0 0.9807692307692307 0.3894230769230769 0.038461538461538464 0.04807692307692308
0 0.9903846153846154 0.34134615384615385 0.02403846153846154 0.04326923076923077
0 0.84375 0.9507211538461539 0.09134615384615384 0.05048076923076923
0 0.6850961538461539 0.9615384615384616 0.07211538461538461 0.04807692307692308
0 0.6706730769230769 0.8269230769230769 0.08173076923076923 0.03365384615384615
0 0.6129807692307693 0.8413461538461539 0.0625 0.04807692307692308
0 0.5769230769230769 0.8798076923076923 0.07211538461538461 0.03365384615384615
0 0.5649038461538461 0.7932692307692307 0.057692307692307696 0.04807692307692308
0 0.5973557692307693 0.7524038461538461 0.040865384615384616 0.04326923076923077
0 0.6057692307692307 0.71875 0.0673076923076923 0.028846153846153848
0 0.5841346153846154 0.6778846153846154 0.0673076923076923 0.04807692307692308
0 0.53125 0.6550480769230769 0.052884615384615384 0.06971153846153846
0 0.46634615384615385 0.6009615384615384 0.057692307692307696 0.04807692307692308
0 0.41586538461538464 0.6105769230769231 0.0673076923076923 0.052884615384615384
0 0.4206730769230769 0.5384615384615384 0.07692307692307693 0.038461538461538464
0 0.16826923076923078 0.6286057692307693 0.07211538461538461 0.05048076923076923
0 0.0985576923076923 0.7331730769230769 0.0673076923076923 0.057692307692307696
0 0.44471153846153844 0.7355769230769231 0.07211538461538461 0.04807692307692308
0 0.5444711538461539 0.7608173076923077 0.04567307692307692 0.05048076923076923
0 0.5 0.78125 0.052884615384615384 0.052884615384615384
0 0.45913461538461536 0.8497596153846154 0.0625 0.05048076923076923
0 0.4423076923076923 0.8004807692307693 0.057692307692307696 0.057692307692307696
0 0.4519230769230769 0.9110576923076923 0.07692307692307693 0.04326923076923077
0 0.4326923076923077 0.9507211538461539 0.08173076923076923 0.036057692307692304
0 0.21153846153846154 0.890625 0.40384615384615385 0.21875
0 0.8365384615384616 0.14182692307692307 0.3269230769230769 0.27403846153846156
0 0.8064903846153846 0.7403846153846154 0.3870192307692308 0.5192307692307693
0 0.5649038461538461 0.8858173076923077 0.3942307692307692 0.2283653846153846
0 0.5012019230769231 0.055288461538461536 0.2764423076923077 0.10576923076923077
0 0.1466346153846154 0.4254807692307692 0.10096153846153846 0.052884615384615384
0 0.25961538461538464 0.4230769230769231 0.052884615384615384 0.0673076923076923
0 0.1875 0.3581730769230769 0.0625 0.04326923076923077
0 0.07932692307692307 0.36778846153846156 0.0625 0.07692307692307693
0 0.10576923076923077 0.31009615384615385 0.08173076923076923 0.04807692307692308
0 0.10336538461538461 0.25600961538461536 0.08653846153846154 0.06971153846153846
0 0.038461538461538464 0.28125 0.0625 0.07692307692307693
0 0.027644230769230768 0.21153846153846154 0.040865384615384616 0.052884615384615384
0 0.06009615384615385 0.18990384615384615 0.08173076923076923 0.07692307692307693
0 0.17548076923076922 0.14903846153846154 0.0673076923076923 0.057692307692307696
0 0.31009615384615385 0.46274038461538464 0.052884615384615384 0.05048076923076923
0 0.28365384615384615 0.05048076923076923 0.0673076923076923 0.07692307692307693
0 0.3269230769230769 0.10096153846153846 0.07211538461538461 0.0673076923076923
0 0.375 0.16105769230769232 0.12980769230769232 0.08173076923076923
0 0.13221153846153846 0.046875 0.07692307692307693 0.08413461538461539
0 0.21033653846153846 0.09134615384615384 0.11778846153846154 0.07211538461538461
0 0.20072115384615385 0.2860576923076923 0.11778846153846154 0.052884615384615384
0 0.375 0.25961538461538464 0.057692307692307696 0.0673076923076923
0 0.5144230769230769 0.21754807692307693 0.07692307692307693 0.0889423076923077
0 0.46875 0.3762019230769231 0.10096153846153846 0.05048076923076923
0 0.10336538461538461 0.5661057692307693 0.057692307692307696 0.06971153846153846
0 0.2764423076923077 0.25 0.5384615384615384 0.47596153846153844
0 0.28365384615384615 0.6706730769230769 0.5480769230769231 0.40384615384615385
0 0.6682692307692307 0.046875 0.17307692307692307 0.08413461538461539
0 0.6334134615384616 0.3870192307692308 0.4206730769230769 0.5673076923076923
0 0.47716346153846156 0.2932692307692308 0.04567307692307692 0.052884615384615384
0 0.5264423076923077 0.3004807692307692 0.052884615384615384 0.0625
0 0.5456730769230769 0.2644230769230769 0.052884615384615384 0.057692307692307696
0 0.5600961538461539 0.3112980769230769 0.057692307692307696 0.05048076923076923
0 0.5793269230769231 0.33413461538461536 0.07692307692307693 0.057692307692307696
0 0.6057692307692307 0.29086538461538464 0.057692307692307696 0.052884615384615384
0 0.5985576923076923 0.24158653846153846 0.0625 0.05048076923076923
0 0.6466346153846154 0.25961538461538464 0.057692307692307696 0.052884615384615384
0 0.6466346153846154 0.20432692307692307 0.0673076923076923 0.038461538461538464
0 0.5769230769230769 0.20673076923076922 0.0625 0.04326923076923077
0 0.6081730769230769 0.17067307692307693 0.07211538461538461 0.038461538461538464
0 0.6201923076923077 0.1346153846153846 0.0673076923076923 0.04807692307692308
