0 0.41346153846153844 0.7836538461538461 0.4807692307692308 0.42788461538461536
0 0.484375 0.703125 0.4831730769230769 0.5889423076923077
0 0.5456730769230769 0.6634615384615384 0.49038461538461536 0.6682692307692307
0 0.6983173076923077 0.6153846153846154 0.3629807692307692 0.5721153846153846
0 0.7163461538461539 0.49158653846153844 0.41346153846153844 0.4639423076923077
0 0.6838942307692307 0.2668269230769231 0.39663461538461536 0.24519230769230768
0 0.5985576923076923 0.171875 0.44711538461538464 0.3389423076923077
0 0.9086538461538461 0.47115384615384615 0.11057692307692307 0.4951923076923077
0 0.8798076923076923 0.11298076923076923 0.10096153846153846 0.22115384615384615
0 0.9471153846153846 0.16826923076923078 0.10576923076923077 0.3317307692307692
0 0.14182692307692307 0.24519230769230768 0.27403846153846156 0.4807692307692308
