0 0.9579326923076923 0.9639423076923077 0.08413461538461539 0.07211538461538461
0 0.96875 0.8413461538461539 0.0625 0.16826923076923078
0 0.9399038461538461 0.6995192307692307 0.10096153846153846 0.23557692307692307
0 0.8653846153846154 0.6346153846153846 0.09615384615384616 0.23557692307692307
0 0.9651442307692307 0.6069711538461539 0.06971153846153846 0.13701923076923078
0 0.9326923076923077 0.4266826923076923 0.1346153846153846 0.3004807692307692
0 0.7091346153846154 0.4014423076923077 0.20192307692307693 0.17307692307692307
0 0.6382211538461539 0.24278846153846154 0.17548076923076922 0.16826923076923078
0 0.5588942307692307 0.36538461538461536 0.17548076923076922 0.2980769230769231
0 0.41586538461538464 0.39302884615384615 0.13942307692307693 0.28125
0 0.27403846153846156 0.5216346153846154 0.1875 0.2644230769230769
0 0.22115384615384615 0.65625 0.11057692307692307 0.19230769230769232
0 0.11538461538461539 0.6454326923076923 0.10096153846153846 0.16105769230769232
0 0.06971153846153846 0.7115384615384616 0.08653846153846154 0.1778846153846154
0 0.055288461538461536 0.8545673076923077 0.09615384615384616 0.16105769230769232
0 0.028846153846153848 0.9723557692307693 0.04807692307692308 0.055288461538461536
0 0.17067307692307693 0.8581730769230769 0.14423076923076922 0.1971153846153846
0 0.2932692307692308 0.7956730769230769 0.13942307692307693 0.20673076923076922
0 0.3581730769230769 0.9543269230769231 0.21153846153846154 0.09134615384615384
0 0.20072115384615385 0.9675480769230769 0.10817307692307693 0.06490384615384616
0 0.4182692307692308 0.7848557692307693 0.10576923076923077 0.21875
0 0.43028846153846156 0.5841346153846154 0.1346153846153846 0.23557692307692307
0 0.48677884615384615 0.5817307692307693 0.0985576923076923 0.16826923076923078
0 0.6153846153846154 0.75 0.14423076923076922 0.20192307692307693
0 0.7548076923076923 0.8629807692307693 0.12980769230769232 0.25961538461538464
0 0.8653846153846154 0.8966346153846154 0.10576923076923077 0.17307692307692307
0 0.8461538461538461 0.7788461538461539 0.0673076923076923 0.10576923076923077
0 0.7548076923076923 0.4951923076923077 0.20673076923076922 0.23557692307692307
0 0.5973557692307693 0.6117788461538461 0.17067307692307693 0.21875
0 0.7379807692307693 0.6754807692307693 0.16826923076923078 0.1346153846153846
0 0.6021634615384616 0.8894230769230769 0.1658653846153846 0.22115384615384615
0 0.515625 0.9302884615384616 0.13701923076923078 0.14423076923076922
