0 0.9639423076923077 0.5240384615384616 0.0673076923076923 0.17307692307692307
0 0.9074519230769231 0.5504807692307693 0.18028846153846154 0.22115384615384615
0 0.8725961538461539 0.53125 0.08653846153846154 0.20192307692307693
0 0.8641826923076923 0.6382211538461539 0.22355769230769232 0.13221153846153846
0 0.9290865384615384 0.7247596153846154 0.13701923076923078 0.11298076923076923
0 0.9326923076923077 0.8221153846153846 0.12980769230769232 0.08173076923076923
0 0.9038461538461539 0.9182692307692307 0.1875 0.125
0 0.8725961538461539 0.8954326923076923 0.08653846153846154 0.06971153846153846
0 0.8389423076923077 0.8401442307692307 0.16346153846153846 0.11298076923076923
0 0.7572115384615384 0.8629807692307693 0.11057692307692307 0.14903846153846154
0 0.7620192307692307 0.9447115384615384 0.11057692307692307 0.08173076923076923
0 0.6899038461538461 0.9507211538461539 0.14903846153846154 0.08413461538461539
0 0.5625 0.9675480769230769 0.125 0.06490384615384616
0 0.5552884615384616 0.8293269230769231 0.3076923076923077 0.20673076923076922
0 0.7355769230769231 0.7427884615384616 0.11057692307692307 0.09134615384615384
0 0.6586538461538461 0.6237980769230769 0.4375 0.18990384615384615
0 0.7908653846153846 0.5384615384615384 0.15384615384615385 0.15384615384615385
0 0.6850961538461539 0.5084134615384616 0.0673076923076923 0.036057692307692304
0 0.6466346153846154 0.5408653846153846 0.23076923076923078 0.14423076923076922
0 0.6670673076923077 0.4423076923076923 0.10336538461538461 0.052884615384615384
0 0.5637019230769231 0.4230769230769231 0.06009615384615385 0.038461538461538464
0 0.5264423076923077 0.5072115384615384 0.0673076923076923 0.03365384615384615
0 0.33653846153846156 0.6177884615384616 0.27403846153846156 0.15384615384615385
0 0.45913461538461536 0.6802884615384616 0.24519230769230768 0.16826923076923078
0 0.6165865384615384 0.7091346153846154 0.13701923076923078 0.07211538461538461
0 0.31971153846153844 0.9362980769230769 0.3605769230769231 0.12740384615384615
0 0.08533653846153846 0.8858173076923077 0.16105769230769232 0.09375
0 0.028846153846153848 0.8149038461538461 0.04807692307692308 0.08653846153846154
0 0.05889423076923077 0.6550480769230769 0.10817307692307693 0.2668269230769231
0 0.09134615384615384 0.5769230769230769 0.08653846153846154 0.0625
0 0.09495192307692307 0.5264423076923077 0.14182692307692307 0.057692307692307696
0 0.20432692307692307 0.421875 0.07692307692307693 0.06490384615384616
0 0.375 0.39302884615384615 0.11057692307692307 0.06490384615384616
0 0.43990384615384615 0.4567307692307692 0.1201923076923077 0.08653846153846154
0 0.3389423076923077 0.5108173076923077 0.09134615384615384 0.15625
0 0.19471153846153846 0.5637019230769231 0.20673076923076922 0.21875
0 0.1658653846153846 0.6862980769230769 0.0673076923076923 0.036057692307692304
0 0.13701923076923078 0.7211538461538461 0.04807692307692308 0.03365384615384615
0 0.11057692307692307 0.7367788461538461 0.028846153846153848 0.021634615384615384
0 0.1346153846153846 0.84375 0.0673076923076923 0.04326923076923077
0 0.17067307692307693 0.875 0.07211538461538461 0.038461538461538464
0 0.22596153846153846 0.890625 0.052884615384615384 0.036057692307692304
0 0.2956730769230769 0.8774038461538461 0.04807692307692308 0.038461538461538464
0 0.34615384615384615 0.8882211538461539 0.052884615384615384 0.040865384615384616
0 0.3317307692307692 0.8509615384615384 0.0673076923076923 0.03365384615384615
0 0.24639423076923078 0.859375 0.06009615384615385 0.040865384615384616
0 0.20793269230769232 0.8389423076923077 0.06009615384615385 0.04326923076923077
0 0.14182692307692307 0.8004807692307693 0.07211538461538461 0.03365384615384615
0 0.15625 0.7740384615384616 0.0673076923076923 0.04326923076923077
0 0.21153846153846154 0.7956730769230769 0.0673076923076923 0.04326923076923077
0 0.21634615384615385 0.7295673076923077 0.052884615384615384 0.036057692307692304
0 0.2512019230769231 0.7019230769230769 0.06009615384615385 0.019230769230769232
0 0.2548076923076923 0.7596153846153846 0.0673076923076923 0.04326923076923077
0 0.2800480769230769 0.78125 0.06009615384615385 0.04326923076923077
0 0.28966346153846156 0.8245192307692307 0.06009615384615385 0.04326923076923077
0 0.34615384615384615 0.8245192307692307 0.04326923076923077 0.028846153846153848
0 0.3317307692307692 0.7908653846153846 0.052884615384615384 0.038461538461538464
