0 0.9266826923076923 0.6802884615384616 0.1466346153846154 0.44711538461538464
0 0.9206730769230769 0.8677884615384616 0.15384615384615385 0.10096153846153846
0 0.7367788461538461 0.7439903846153846 0.2764423076923077 0.3581730769230769
0 0.4110576923076923 0.8317307692307693 0.3173076923076923 0.18269230769230768
0 0.08173076923076923 0.8449519230769231 0.15865384615384615 0.1466346153846154
0 0.2403846153846154 0.8052884615384616 0.21153846153846154 0.23557692307692307
0 0.46634615384615385 0.7355769230769231 0.23076923076923078 0.27403846153846156
0 0.5528846153846154 0.5625 0.3557692307692308 0.5
0 0.7067307692307693 0.42427884615384615 0.23076923076923078 0.30528846153846156
0 0.8737980769230769 0.28125 0.24759615384615385 0.3894230769230769
0 0.7271634615384616 0.1346153846153846 0.25240384615384615 0.2644230769230769
0 0.9110576923076923 0.0733173076923077 0.1778846153846154 0.14182692307692307
0 0.5288461538461539 0.24759615384615385 0.16826923076923078 0.17307692307692307
0 0.4362980769230769 0.34975961538461536 0.25721153846153844 0.3581730769230769
0 0.5552884615384616 0.10216346153846154 0.16346153846153846 0.19951923076923078
0 0.3870192307692308 0.08413461538461539 0.19230769230769232 0.16346153846153846
0 0.3173076923076923 0.19471153846153846 0.1778846153846154 0.25961538461538464
0 0.2644230769230769 0.03485576923076923 0.057692307692307696 0.06490384615384616
0 0.12139423076923077 0.10216346153846154 0.23798076923076922 0.19951923076923078
0 0.15144230769230768 0.296875 0.28365384615384615 0.37740384615384615
0 0.29086538461538464 0.49158653846153844 0.17307692307692307 0.3245192307692308
0 0.15504807692307693 0.6634615384615384 0.2764423076923077 0.375
0 0.03245192307692308 0.6442307692307693 0.06009615384615385 0.28365384615384615
0 0.018028846153846152 0.3317307692307692 0.03125 0.2692307692307692
0 0.5012019230769231 0.4639423076923077 0.9975961538461539 0.9230769230769231
