0 0.96875 0.6105769230769231 0.0673076923076923 0.4182692307692308
0 0.9134615384615384 0.3425480769230769 0.17307692307692307 0.6610576923076923
0 0.8245192307692307 0.28125 0.02403846153846154 0.08653846153846154
0 0.8028846153846154 0.18028846153846154 0.038461538461538464 0.0625
0 0.8076923076923077 0.23798076923076922 0.014423076923076924 0.03365384615384615
0 0.7908653846153846 0.11658653846153846 0.02403846153846154 0.06971153846153846
0 0.7644230769230769 0.21995192307692307 0.028846153846153848 0.06971153846153846
0 0.7836538461538461 0.046875 0.02403846153846154 0.06971153846153846
0 0.8233173076923077 0.04326923076923077 0.036057692307692304 0.0625
0 0.7944711538461539 0.5997596153846154 0.0985576923076923 0.3389423076923077
0 0.7163461538461539 0.44591346153846156 0.0673076923076923 0.38221153846153844
0 0.7427884615384616 0.22355769230769232 0.17307692307692307 0.42788461538461536
0 0.5841346153846154 0.4423076923076923 0.11057692307692307 0.375
0 0.6286057692307693 0.3389423076923077 0.11778846153846154 0.6538461538461539
0 0.5384615384615384 0.3389423076923077 0.019230769230769232 0.0625
0 0.5240384615384616 0.34134615384615385 0.009615384615384616 0.052884615384615384
0 0.5192307692307693 0.27163461538461536 0.019230769230769232 0.052884615384615384
0 0.5649038461538461 0.2932692307692308 0.02403846153846154 0.04326923076923077
0 0.5709134615384616 0.21634615384615385 0.01201923076923077 0.04326923076923077
0 0.5649038461538461 0.11538461538461539 0.009615384615384616 0.052884615384615384
0 0.5480769230769231 0.13341346153846154 0.014423076923076924 0.06971153846153846
0 0.53125 0.13701923076923078 0.019230769230769232 0.0625
0 0.5192307692307693 0.20192307692307693 0.014423076923076924 0.03365384615384615
0 0.5216346153846154 0.038461538461538464 0.02403846153846154 0.052884615384615384
0 0.5432692307692307 0.055288461538461536 0.02403846153846154 0.052884615384615384
0 0.5745192307692307 0.04326923076923077 0.02403846153846154 0.0625
0 0.47115384615384615 0.18509615384615385 0.09134615384615384 0.34615384615384615
0 0.5024038461538461 0.49038461538461536 0.03365384615384615 0.19230769230769232
0 0.4639423076923077 0.5072115384615384 0.04326923076923077 0.1201923076923077
0 0.49278846153846156 0.3629807692307692 0.0625 0.14903846153846154
0 0.4230769230769231 0.5901442307692307 0.057692307692307696 0.3389423076923077
0 0.36778846153846156 0.4110576923076923 0.16826923076923078 0.47115384615384615
0 0.3713942307692308 0.18509615384615385 0.14182692307692307 0.34615384615384615
0 0.31971153846153844 0.12379807692307693 0.019230769230769232 0.06971153846153846
0 0.2956730769230769 0.17307692307692307 0.019230769230769232 0.0625
0 0.28125 0.10817307692307693 0.009615384615384616 0.03365384615384615
0 0.25 0.1778846153846154 0.09134615384615384 0.3317307692307692
0 0.2776442307692308 0.3245192307692308 0.016826923076923076 0.1201923076923077
0 0.31009615384615385 0.5384615384615384 0.125 0.3557692307692308
0 0.19591346153846154 0.5552884615384616 0.13701923076923078 0.375
0 0.1310096153846154 0.6514423076923077 0.040865384615384616 0.12980769230769232
0 0.05889423076923077 0.5072115384615384 0.11298076923076923 0.5721153846153846
0 0.04326923076923077 0.13221153846153846 0.07692307692307693 0.25
0 0.10817307692307693 0.15625 0.04326923076923077 0.2692307692307692
0 0.17427884615384615 0.3329326923076923 0.10817307692307693 0.43509615384615385
0 0.15384615384615385 0.35096153846153844 0.019230769230769232 0.052884615384615384
0 0.1346153846153846 0.39903846153846156 0.019230769230769232 0.04326923076923077
0 0.12980769230769232 0.34134615384615385 0.019230769230769232 0.052884615384615384
0 0.10336538461538461 0.34615384615384615 0.019230769230769232 0.04326923076923077
