0 0.5552884615384616 0.5048076923076923 0.8846153846153846 0.9423076923076923
0 0.3918269230769231 0.28125 0.5432692307692307 0.49038461538461536
0 0.5336538461538461 0.38100961538461536 0.5865384615384616 0.5456730769230769
0 0.6141826923076923 0.5288461538461539 0.6081730769230769 0.5721153846153846
0 0.7367788461538461 0.6430288461538461 0.5264423076923077 0.5841346153846154
0 0.7764423076923077 0.7211538461538461 0.44711538461538464 0.5288461538461539
4 0.3125 0.9591346153846154 0.4807692307692308 0.08173076923076923
4 0.28125 0.8509615384615384 0.40865384615384615 0.13942307692307693
4 0.20432692307692307 0.7163461538461539 0.2644230769230769 0.1201923076923077
4 0.19831730769230768 0.6274038461538461 0.24278846153846154 0.052884615384615384
4 0.15625 0.5480769230769231 0.16826923076923078 0.09615384615384616
4 0.12980769230769232 0.4831730769230769 0.10576923076923077 0.02403846153846154
4 0.10096153846153846 0.234375 0.04807692307692308 0.4543269230769231
4 0.2283653846153846 0.10336538461538461 0.20673076923076922 0.1971153846153846
4 0.1622596153846154 0.23317307692307693 0.07451923076923077 0.0625
4 0.22355769230769232 0.22115384615384615 0.04807692307692308 0.038461538461538464
4 0.13822115384615385 0.28966346153846156 0.026442307692307692 0.04567307692307692
4 0.16466346153846154 0.2764423076923077 0.026442307692307692 0.019230769230769232
4 0.12980769230769232 0.3173076923076923 0.009615384615384616 0.009615384615384616
4 0.203125 0.24519230769230768 0.021634615384615384 0.019230769230769232
4 0.25600961538461536 0.21394230769230768 0.021634615384615384 0.02403846153846154
4 0.3737980769230769 0.038461538461538464 0.08413461538461539 0.0625
4 0.7103365384615384 0.018028846153846152 0.5793269230769231 0.026442307692307692
4 0.9242788461538461 0.12620192307692307 0.15144230769230768 0.24278846153846154
4 0.7536057692307693 0.055288461538461536 0.18028846153846154 0.09615384615384616
4 0.9615384615384616 0.30649038461538464 0.07692307692307693 0.11778846153846154
4 0.9639423076923077 0.8185096153846154 0.07211538461538461 0.3629807692307692
4 0.7451923076923077 0.9915865384615384 0.3798076923076923 0.016826923076923076
4 0.8545673076923077 0.9182692307692307 0.13701923076923078 0.125
4 0.8858173076923077 0.7932692307692307 0.07451923076923077 0.11538461538461539
4 0.9110576923076923 0.7151442307692307 0.038461538461538464 0.040865384615384616
4 0.828125 0.8329326923076923 0.03125 0.04567307692307692
4 0.7596153846153846 0.9543269230769231 0.052884615384615384 0.052884615384615384
