0 0.3954326923076923 0.5480769230769231 0.08413461538461539 0.1201923076923077
0 0.24278846153846154 0.8088942307692307 0.0625 0.09375
0 0.1875 0.9399038461538461 0.10096153846153846 0.10576923076923077
0 0.47836538461538464 0.5 0.10576923076923077 0.08173076923076923
0 0.49278846153846156 0.5793269230769231 0.11538461538461539 0.0673076923076923
0 0.18509615384615385 0.4579326923076923 0.08173076923076923 0.08413461538461539
0 0.3329326923076923 0.1658653846153846 0.0889423076923077 0.11057692307692307
0 0.4014423076923077 0.10817307692307693 0.07692307692307693 0.10096153846153846
0 0.5456730769230769 0.28966346153846156 0.08173076923076923 0.08413461538461539
0 0.6009615384615384 0.4110576923076923 0.11057692307692307 0.09615384615384616
0 0.6682692307692307 0.3004807692307692 0.1201923076923077 0.10576923076923077
0 0.7043269230769231 0.34615384615384615 0.09615384615384616 0.08173076923076923
0 0.8485576923076923 0.5144230769230769 0.10576923076923077 0.09615384615384616
0 0.7331730769230769 0.5697115384615384 0.12980769230769232 0.10096153846153846
0 0.8329326923076923 0.6081730769230769 0.09375 0.10576923076923077
0 0.7788461538461539 0.6959134615384616 0.1201923076923077 0.14182692307692307
0 0.9459134615384616 0.765625 0.10817307692307693 0.12259615384615384
0 0.8449519230769231 0.8966346153846154 0.08413461538461539 0.09615384615384616
0 0.9855769230769231 0.9699519230769231 0.028846153846153848 0.06009615384615385
0 0.9831730769230769 0.4206730769230769 0.03365384615384615 0.08173076923076923
0 0.9014423076923077 0.06490384615384616 0.07211538461538461 0.0625
0 0.7548076923076923 0.038461538461538464 0.07211538461538461 0.0625
0 0.9831730769230769 0.08173076923076923 0.038461538461538464 0.057692307692307696
0 0.9855769230769231 0.016826923076923076 0.028846153846153848 0.028846153846153848
0 0.040865384615384616 0.06009615384615385 0.0673076923076923 0.0625
0 0.25721153846153844 0.03365384615384615 0.0625 0.04326923076923077
0 0.15745192307692307 0.11298076923076923 0.19951923076923078 0.07211538461538461
0 0.6802884615384616 0.15384615384615385 0.13942307692307693 0.1778846153846154
0 0.7740384615384616 0.23317307692307693 0.22596153846153846 0.052884615384615384
0 0.8677884615384616 0.3485576923076923 0.24519230769230768 0.1971153846153846
0 0.12139423076923077 0.5504807692307693 0.08413461538461539 0.08173076923076923
0 0.07932692307692307 0.47596153846153844 0.07211538461538461 0.04807692307692308
0 0.20552884615384615 0.5444711538461539 0.08413461538461539 0.0889423076923077
0 0.26322115384615385 0.49759615384615385 0.08413461538461539 0.07692307692307693
0 0.31490384615384615 0.5649038461538461 0.0625 0.07692307692307693
0 0.6502403846153846 0.5360576923076923 0.08413461538461539 0.10576923076923077
0 0.9411057692307693 0.65625 0.11778846153846154 0.14423076923076922
0 0.5961538461538461 0.7788461538461539 0.12980769230769232 0.11057692307692307
