0 0.9627403846153846 0.7728365384615384 0.07451923076923077 0.17067307692307693
0 0.8725961538461539 0.6971153846153846 0.12980769230769232 0.11538461538461539
0 0.8954326923076923 0.6141826923076923 0.1466346153846154 0.21875
0 0.9110576923076923 0.5805288461538461 0.15384615384615385 0.15144230769230768
0 0.9807692307692307 0.5985576923076923 0.03365384615384615 0.1875
0 0.953125 0.47115384615384615 0.09375 0.11057692307692307
0 0.9543269230769231 0.3786057692307692 0.08653846153846154 0.10817307692307693
0 0.8725961538461539 0.29927884615384615 0.09134615384615384 0.1658653846153846
0 0.8533653846153846 0.4230769230769231 0.1778846153846154 0.20673076923076922
0 0.8257211538461539 0.45552884615384615 0.22355769230769232 0.10817307692307693
0 0.6995192307692307 0.3173076923076923 0.14903846153846154 0.13942307692307693
0 0.7788461538461539 0.3004807692307692 0.08173076923076923 0.0673076923076923
0 0.640625 0.3918269230769231 0.2860576923076923 0.1346153846153846
0 0.7055288461538461 0.5252403846153846 0.25721153846153844 0.1658653846153846
0 0.7475961538461539 0.6262019230769231 0.14903846153846154 0.0889423076923077
0 0.6730769230769231 0.7091346153846154 0.15384615384615385 0.14903846153846154
0 0.6418269230769231 0.7043269230769231 0.10576923076923077 0.21153846153846154
0 0.5733173076923077 0.7800480769230769 0.06009615384615385 0.08413461538461539
0 0.4807692307692308 0.6995192307692307 0.3125 0.2644230769230769
0 0.3401442307692308 0.8449519230769231 0.16105769230769232 0.0985576923076923
0 0.22115384615384615 0.7536057692307693 0.23076923076923078 0.23798076923076922
0 0.2644230769230769 0.5829326923076923 0.15865384615384615 0.17548076923076922
0 0.18389423076923078 0.6754807692307693 0.12740384615384615 0.15384615384615385
0 0.3485576923076923 0.5625 0.12980769230769232 0.11538461538461539
0 0.4483173076923077 0.4699519230769231 0.24278846153846154 0.3004807692307692
0 0.6129807692307693 0.45072115384615385 0.3173076923076923 0.25240384615384615
0 0.5949519230769231 0.2620192307692308 0.10336538461538461 0.14423076923076922
0 0.46274038461538464 0.32572115384615385 0.08413461538461539 0.0889423076923077
0 0.40865384615384615 0.390625 0.09134615384615384 0.09375
0 0.3473557692307692 0.35216346153846156 0.10817307692307693 0.0985576923076923
0 0.29086538461538464 0.2860576923076923 0.12980769230769232 0.20192307692307693
0 0.2127403846153846 0.3161057692307692 0.16105769230769232 0.17067307692307693
0 0.15745192307692307 0.34975961538461536 0.040865384615384616 0.05048076923076923
0 0.19591346153846154 0.40384615384615385 0.07932692307692307 0.07692307692307693
0 0.12259615384615384 0.4230769230769231 0.07211538461538461 0.07211538461538461
0 0.16466346153846154 0.43028846153846156 0.07451923076923077 0.04807692307692308
0 0.12860576923076922 0.47596153846153844 0.06490384615384616 0.057692307692307696
0 0.051682692307692304 0.41466346153846156 0.08413461538461539 0.10817307692307693
0 0.04326923076923077 0.49759615384615385 0.08173076923076923 0.1201923076923077
0 0.09254807692307693 0.5072115384615384 0.18028846153846154 0.12980769230769232
0 0.0625 0.7415865384615384 0.1201923076923077 0.14182692307692307
0 0.015625 0.8161057692307693 0.026442307692307692 0.10336538461538461
0 0.03125 0.8786057692307693 0.057692307692307696 0.021634615384615384
0 0.2956730769230769 0.46875 0.16346153846153846 0.11538461538461539
0 0.44471153846153844 0.2920673076923077 0.08173076923076923 0.08413461538461539
0 0.23197115384615385 0.4375 0.03125 0.052884615384615384
0 0.16346153846153846 0.5973557692307693 0.0625 0.036057692307692304
0 0.08653846153846154 0.6310096153846154 0.10576923076923077 0.10336538461538461
