0 0.21514423076923078 0.2608173076923077 0.16105769230769232 0.2283653846153846
0 0.1502403846153846 0.4735576923076923 0.14182692307692307 0.1875
0 0.14182692307692307 0.609375 0.10096153846153846 0.12259615384615384
0 0.1502403846153846 0.75 0.11778846153846154 0.16826923076923078
0 0.32211538461538464 0.9555288461538461 0.07692307692307693 0.08413461538461539
0 0.25240384615384615 0.9507211538461539 0.057692307692307696 0.07451923076923077
0 0.26802884615384615 0.9338942307692307 0.2668269230769231 0.13221153846153846
0 0.21875 0.8701923076923077 0.21153846153846154 0.25961538461538464
0 0.33533653846153844 0.8485576923076923 0.06971153846153846 0.11057692307692307
0 0.32572115384615385 0.6442307692307693 0.2860576923076923 0.3317307692307692
0 0.2980769230769231 0.42908653846153844 0.13942307692307693 0.07932692307692307
0 0.33774038461538464 0.30288461538461536 0.09375 0.125
0 0.35336538461538464 0.4026442307692308 0.07692307692307693 0.07451923076923077
0 0.5120192307692307 0.34615384615384615 0.25 0.3125
0 0.4206730769230769 0.15144230769230768 0.02403846153846154 0.028846153846153848
0 0.5096153846153846 0.1658653846153846 0.03365384615384615 0.028846153846153848
0 0.6947115384615384 0.234375 0.2692307692307692 0.23317307692307693
0 0.6490384615384616 0.15144230769230768 0.02403846153846154 0.028846153846153848
0 0.6322115384615384 0.17067307692307693 0.019230769230769232 0.019230769230769232
0 0.6430288461538461 0.40384615384615385 0.10817307692307693 0.16826923076923078
0 0.6442307692307693 0.6069711538461539 0.3269230769230769 0.3581730769230769
0 0.8509615384615384 0.4483173076923077 0.15384615384615385 0.21875
0 0.7572115384615384 0.8028846153846154 0.28365384615384615 0.3125
0 0.5012019230769231 0.8353365384615384 0.2668269230769231 0.3293269230769231
0 0.6466346153846154 0.9459134615384616 0.14903846153846154 0.10817307692307693
0 0.7884615384615384 0.9591346153846154 0.15865384615384615 0.08173076923076923
0 0.9050480769230769 0.8317307692307693 0.06009615384615385 0.18269230769230768
0 0.9411057692307693 0.6574519230769231 0.11778846153846154 0.17067307692307693
0 0.8677884615384616 0.6129807692307693 0.14903846153846154 0.11057692307692307
