0 0.8305288461538461 0.06850961538461539 0.15625 0.12259615384615384
0 0.6911057692307693 0.028846153846153848 0.13221153846153846 0.04326923076923077
0 0.7548076923076923 0.08774038461538461 0.10096153846153846 0.06971153846153846
0 0.6754807692307693 0.10216346153846154 0.125 0.0985576923076923
0 0.5661057692307693 0.04326923076923077 0.13221153846153846 0.07692307692307693
0 0.5 0.09615384615384616 0.1201923076923077 0.057692307692307696
0 0.5817307692307693 0.10096153846153846 0.052884615384615384 0.038461538461538464
0 0.3798076923076923 0.08774038461538461 0.1778846153846154 0.0889423076923077
0 0.4098557692307692 0.036057692307692304 0.13221153846153846 0.057692307692307696
0 0.25961538461538464 0.1141826923076923 0.19230769230769232 0.06971153846153846
0 0.21634615384615385 0.08173076923076923 0.17307692307692307 0.057692307692307696
0 0.21153846153846154 0.026442307692307692 0.28846153846153844 0.038461538461538464
0 0.11899038461538461 0.06009615384615385 0.2091346153846154 0.10576923076923077
0 0.16105769230769232 0.1466346153846154 0.125 0.02403846153846154
0 0.07932692307692307 0.12740384615384615 0.14903846153846154 0.0673076923076923
0 0.04927884615384615 0.046875 0.0889423076923077 0.08413461538461539
0 0.17548076923076922 0.28125 0.16826923076923078 0.09134615384615384
0 0.23677884615384615 0.19951923076923078 0.15625 0.10096153846153846
0 0.36538461538461536 0.19951923076923078 0.17307692307692307 0.11538461538461539
0 0.31971153846153844 0.3137019230769231 0.1778846153846154 0.12259615384615384
0 0.1935096153846154 0.3485576923076923 0.13221153846153846 0.0625
0 0.06370192307692307 0.2512019230769231 0.11778846153846154 0.08413461538461539
0 0.03125 0.2091346153846154 0.052884615384615384 0.0673076923076923
0 0.08052884615384616 0.32572115384615385 0.10817307692307693 0.06971153846153846
0 0.021634615384615384 0.34375 0.03365384615384615 0.057692307692307696
0 0.019230769230769232 0.28125 0.028846153846153848 0.0673076923076923
0 0.6694711538461539 0.18028846153846154 0.35336538461538464 0.0673076923076923
0 0.6887019230769231 0.25 0.28125 0.08653846153846154
0 0.5480769230769231 0.25240384615384615 0.3701923076923077 0.09615384615384616
0 0.4495192307692308 0.2920673076923077 0.2692307692307692 0.17548076923076922
0 0.49038461538461536 0.3389423076923077 0.16346153846153846 0.08653846153846154
0 0.6045673076923077 0.3293269230769231 0.23317307692307693 0.10576923076923077
0 0.5889423076923077 0.3798076923076923 0.14423076923076922 0.09615384615384616
0 0.6298076923076923 0.3894230769230769 0.1971153846153846 0.16346153846153846
0 0.7596153846153846 0.3317307692307692 0.14903846153846154 0.14903846153846154
0 0.7632211538461539 0.375 0.13221153846153846 0.08653846153846154
0 0.11298076923076923 0.9567307692307693 0.11538461538461539 0.08653846153846154
0 0.17427884615384615 0.9795673076923077 0.05048076923076923 0.040865384615384616
0 0.18028846153846154 0.9447115384615384 0.0673076923076923 0.03365384615384615
0 0.17307692307692307 0.9086538461538461 0.052884615384615384 0.028846153846153848
0 0.22115384615384615 0.9014423076923077 0.0673076923076923 0.04326923076923077
0 0.2668269230769231 0.9411057692307693 0.1201923076923077 0.06971153846153846
0 0.28365384615384615 0.9014423076923077 0.07211538461538461 0.03365384615384615
0 0.3389423076923077 0.921875 0.07211538461538461 0.05048076923076923
0 0.3401442307692308 0.9711538461538461 0.10336538461538461 0.057692307692307696
0 0.2644230769230769 0.9879807692307693 0.08653846153846154 0.02403846153846154
0 0.43990384615384615 0.9807692307692307 0.10096153846153846 0.038461538461538464
0 0.4855769230769231 0.9447115384615384 0.125 0.057692307692307696
0 0.5528846153846154 0.9795673076923077 0.1346153846153846 0.040865384615384616
0 0.6550480769230769 0.9699519230769231 0.12259615384615384 0.06009615384615385
0 0.7283653846153846 0.8990384615384616 0.1778846153846154 0.11538461538461539
0 0.8581730769230769 0.859375 0.1778846153846154 0.0889423076923077
0 0.6586538461538461 0.8076923076923077 0.14903846153846154 0.0673076923076923
0 0.6177884615384616 0.8701923076923077 0.0673076923076923 0.0673076923076923
0 0.7475961538461539 0.8245192307692307 0.052884615384615384 0.038461538461538464
0 0.8521634615384616 0.9447115384615384 0.15625 0.08653846153846154
0 0.8365384615384616 0.7680288461538461 0.21634615384615385 0.11298076923076923
0 0.9014423076923077 0.7127403846153846 0.19230769230769232 0.13221153846153846
0 0.7091346153846154 0.6298076923076923 0.2403846153846154 0.1201923076923077
0 0.6490384615384616 0.7163461538461539 0.20192307692307693 0.09615384615384616
0 0.5168269230769231 0.7824519230769231 0.09615384615384616 0.06971153846153846
0 0.5120192307692307 0.8521634615384616 0.1201923076923077 0.06971153846153846
0 0.5180288461538461 0.90625 0.08413461538461539 0.04326923076923077
0 0.4254807692307692 0.8846153846153846 0.09134615384615384 0.057692307692307696
0 0.41346153846153844 0.8100961538461539 0.13942307692307693 0.09615384615384616
0 0.36899038461538464 0.7560096153846154 0.10817307692307693 0.04567307692307692
0 0.4375 0.7512019230769231 0.052884615384615384 0.026442307692307692
0 0.3125 0.7956730769230769 0.09134615384615384 0.0673076923076923
0 0.3245192307692308 0.8581730769230769 0.09134615384615384 0.057692307692307696
0 0.2127403846153846 0.7463942307692307 0.10817307692307693 0.06009615384615385
0 0.10096153846153846 0.7307692307692307 0.125 0.0625
0 0.10817307692307693 0.7896634615384616 0.13942307692307693 0.06971153846153846
0 0.22115384615384615 0.7980769230769231 0.10096153846153846 0.052884615384615384
0 0.18269230769230768 0.8485576923076923 0.14423076923076922 0.07211538461538461
0 0.019230769230769232 0.7548076923076923 0.028846153846153848 0.052884615384615384
0 0.019230769230769232 0.6983173076923077 0.028846153846153848 0.06009615384615385
0 0.08173076923076923 0.6478365384615384 0.15384615384615385 0.10336538461538461
0 0.15625 0.5865384615384616 0.1971153846153846 0.10576923076923077
0 0.19951923076923078 0.6850961538461539 0.1201923076923077 0.08173076923076923
0 0.3245192307692308 0.6274038461538461 0.13942307692307693 0.11538461538461539
0 0.41947115384615385 0.6141826923076923 0.28125 0.0985576923076923
0 0.4735576923076923 0.6923076923076923 0.1971153846153846 0.07692307692307693
0 0.35336538461538464 0.6959134615384616 0.16346153846153846 0.07932692307692307
0 0.9471153846153846 0.42788461538461536 0.10096153846153846 0.028846153846153848
0 0.9495192307692307 0.4579326923076923 0.09615384615384616 0.026442307692307692
0 0.9759615384615384 0.4423076923076923 0.04326923076923077 0.019230769230769232
0 0.9230769230769231 0.47596153846153844 0.14903846153846154 0.038461538461538464
0 0.9254807692307693 0.5 0.07211538461538461 0.02403846153846154
0 0.9591346153846154 0.5072115384615384 0.07692307692307693 0.038461538461538464
0 0.9675480769230769 0.5372596153846154 0.036057692307692304 0.026442307692307692
0 0.9242788461538461 0.5612980769230769 0.10817307692307693 0.04567307692307692
0 0.8533653846153846 0.5829326923076923 0.14423076923076922 0.026442307692307692
0 0.8641826923076923 0.5336538461538461 0.06009615384615385 0.08653846153846154
0 0.90625 0.5456730769230769 0.04807692307692308 0.028846153846153848
0 0.8629807692307693 0.5336538461538461 0.052884615384615384 0.08653846153846154
0 0.8197115384615384 0.5300480769230769 0.09134615384615384 0.0889423076923077
0 0.8197115384615384 0.4963942307692308 0.0673076923076923 0.0889423076923077
0 0.7944711538461539 0.4831730769230769 0.06009615384615385 0.0625
0 0.7872596153846154 0.5889423076923077 0.06009615384615385 0.09615384615384616
0 0.7331730769230769 0.5108173076923077 0.04807692307692308 0.07932692307692307
0 0.7548076923076923 0.4831730769230769 0.028846153846153848 0.057692307692307696
0 0.7644230769230769 0.4387019230769231 0.25 0.026442307692307692
0 0.8197115384615384 0.41225961538461536 0.3173076923076923 0.026442307692307692
0 0.6538461538461539 0.4951923076923077 0.125 0.07211538461538461
0 0.6502403846153846 0.5216346153846154 0.13221153846153846 0.0625
0 0.6826923076923077 0.5625 0.14903846153846154 0.04326923076923077
0 0.5829326923076923 0.5600961538461539 0.06009615384615385 0.028846153846153848
0 0.6298076923076923 0.5528846153846154 0.10096153846153846 0.0625
0 0.5384615384615384 0.5420673076923077 0.0673076923076923 0.07932692307692307
0 0.5336538461538461 0.5697115384615384 0.0673076923076923 0.09134615384615384
0 0.49038461538461536 0.5600961538461539 0.09134615384615384 0.1201923076923077
0 0.5024038461538461 0.484375 0.17307692307692307 0.026442307692307692
0 0.4831730769230769 0.49759615384615385 0.04807692307692308 0.10576923076923077
0 0.47596153846153844 0.4206730769230769 0.1201923076923077 0.028846153846153848
0 0.4182692307692308 0.4375 0.04326923076923077 0.04807692307692308
0 0.38221153846153844 0.53125 0.13942307692307693 0.057692307692307696
0 0.3894230769230769 0.5600961538461539 0.11538461538461539 0.0673076923076923
0 0.3798076923076923 0.49759615384615385 0.14423076923076922 0.0673076923076923
0 0.35096153846153844 0.4879807692307692 0.07211538461538461 0.052884615384615384
0 0.375 0.5288461538461539 0.14423076923076922 0.019230769230769232
0 0.34615384615384615 0.43149038461538464 0.10096153846153846 0.016826923076923076
0 0.33774038461538464 0.44350961538461536 0.08413461538461539 0.036057692307692304
0 0.21634615384615385 0.421875 0.16346153846153846 0.026442307692307692
0 0.21033653846153846 0.44711538461538464 0.18509615384615385 0.02403846153846154
0 0.2283653846153846 0.47596153846153844 0.125 0.02403846153846154
0 0.22956730769230768 0.49759615384615385 0.15625 0.02403846153846154
0 0.17908653846153846 0.5264423076923077 0.23317307692307693 0.028846153846153848
0 0.20432692307692307 0.5168269230769231 0.028846153846153848 0.09615384615384616
0 0.07932692307692307 0.5048076923076923 0.14903846153846154 0.038461538461538464
0 0.07932692307692307 0.5012019230769231 0.14903846153846154 0.03125
0 0.0673076923076923 0.46875 0.125 0.04326923076923077
0 0.038461538461538464 0.4423076923076923 0.04807692307692308 0.03365384615384615
0 0.06009615384615385 0.41225961538461536 0.07692307692307693 0.026442307692307692
0 0.10817307692307693 0.44591346153846156 0.0673076923076923 0.026442307692307692
0 0.10576923076923077 0.42788461538461536 0.07211538461538461 0.03365384615384615
0 0.09615384615384616 0.4795673076923077 0.07692307692307693 0.036057692307692304
