0 0.28365384615384615 0.5625 0.21153846153846154 0.32211538461538464
0 0.23677884615384615 0.49038461538461536 0.3245192307692308 0.7307692307692307
0 0.4362980769230769 0.3389423076923077 0.20432692307692307 0.3317307692307692
0 0.5060096153846154 0.12139423076923077 0.18509615384615385 0.22355769230769232
0 0.6274038461538461 0.2644230769230769 0.1778846153846154 0.2403846153846154
0 0.6322115384615384 0.4735576923076923 0.18269230769230768 0.28365384615384615
0 0.47596153846153844 0.6009615384615384 0.18269230769230768 0.3125
0 0.3473557692307692 0.8401442307692307 0.18028846153846154 0.31971153846153844
0 0.7836538461538461 0.4326923076923077 0.17307692307692307 0.2692307692307692
0 0.75 0.6622596153846154 0.10576923076923077 0.21394230769230768
0 0.6730769230769231 0.6778846153846154 0.08173076923076923 0.14903846153846154
0 0.6165865384615384 0.6370192307692307 0.021634615384615384 0.04326923076923077
0 0.5528846153846154 0.6622596153846154 0.09615384615384616 0.18028846153846154
0 0.6129807692307693 0.7355769230769231 0.10096153846153846 0.15384615384615385
0 0.47836538461538464 0.7932692307692307 0.11057692307692307 0.09134615384615384
0 0.4014423076923077 0.90625 0.0673076923076923 0.14903846153846154
0 0.47475961538461536 0.9134615384615384 0.08413461538461539 0.14903846153846154
0 0.5336538461538461 0.8822115384615384 0.08653846153846154 0.16346153846153846
0 0.5168269230769231 0.9795673076923077 0.10096153846153846 0.040865384615384616
0 0.42908653846153844 0.984375 0.07932692307692307 0.03125
0 0.5961538461538461 0.8112980769230769 0.09615384615384616 0.0985576923076923
0 0.6262019230769231 0.9134615384615384 0.0985576923076923 0.14903846153846154
0 0.6262019230769231 0.9867788461538461 0.11778846153846154 0.026442307692307692
0 0.7331730769230769 0.9350961538461539 0.10576923076923077 0.125
0 0.7019230769230769 0.8016826923076923 0.10096153846153846 0.14182692307692307
0 0.7403846153846154 0.7259615384615384 0.07692307692307693 0.09134615384615384
0 0.7764423076923077 0.8461538461538461 0.08653846153846154 0.15865384615384615
0 0.8365384615384616 0.7211538461538461 0.07692307692307693 0.14903846153846154
0 0.8822115384615384 0.6057692307692307 0.07211538461538461 0.11538461538461539
