0 0.021634615384615384 0.04807692307692308 0.028846153846153848 0.07692307692307693
0 0.057692307692307696 0.1310096153846154 0.10096153846153846 0.0985576923076923
0 0.14182692307692307 0.14302884615384615 0.11057692307692307 0.15625
0 0.09134615384615384 0.04567307692307692 0.09134615384615384 0.07211538461538461
0 0.17908653846153846 0.06009615384615385 0.0985576923076923 0.08173076923076923
0 0.23076923076923078 0.15144230769230768 0.07692307692307693 0.13942307692307693
0 0.3004807692307692 0.1045673076923077 0.07692307692307693 0.0985576923076923
0 0.2620192307692308 0.036057692307692304 0.09134615384615384 0.057692307692307696
0 0.31971153846153844 0.028846153846153848 0.057692307692307696 0.04326923076923077
0 0.3918269230769231 0.038461538461538464 0.08653846153846154 0.0625
0 0.026442307692307692 0.27884615384615385 0.038461538461538464 0.08173076923076923
0 0.019230769230769232 0.3641826923076923 0.02403846153846154 0.0889423076923077
0 0.016826923076923076 0.45913461538461536 0.019230769230769232 0.0673076923076923
0 0.14302884615384615 0.5360576923076923 0.0985576923076923 0.1201923076923077
0 0.07451923076923077 0.6081730769230769 0.1346153846153846 0.125
0 0.039663461538461536 0.7247596153846154 0.06490384615384616 0.15144230769230768
0 0.14903846153846154 0.7355769230769231 0.14903846153846154 0.17307692307692307
0 0.08653846153846154 0.8389423076923077 0.15384615384615385 0.17307692307692307
0 0.23076923076923078 0.6274038461538461 0.14423076923076922 0.16826923076923078
0 0.3269230769230769 0.7019230769230769 0.11057692307692307 0.14423076923076922
0 0.3293269230769231 0.8125 0.10576923076923077 0.11057692307692307
0 0.22355769230769232 0.8076923076923077 0.1201923076923077 0.17307692307692307
0 0.17548076923076922 0.9447115384615384 0.14903846153846154 0.10576923076923077
0 0.30408653846153844 0.3629807692307692 0.13701923076923078 0.14423076923076922
0 0.31490384615384615 0.4879807692307692 0.10576923076923077 0.125
0 0.38822115384615385 0.5204326923076923 0.07932692307692307 0.0985576923076923
0 0.4519230769230769 0.5721153846153846 0.09134615384615384 0.11057692307692307
0 0.5132211538461539 0.609375 0.07932692307692307 0.0889423076923077
0 0.5420673076923077 0.5384615384615384 0.0985576923076923 0.125
0 0.47836538461538464 0.5240384615384616 0.038461538461538464 0.019230769230769232
0 0.4699519230769231 0.4639423076923077 0.07932692307692307 0.11057692307692307
0 0.4014423076923077 0.47115384615384615 0.0625 0.08173076923076923
0 0.37740384615384615 0.4026442307692308 0.07211538461538461 0.0985576923076923
0 0.4387019230769231 0.35096153846153844 0.11778846153846154 0.14423076923076922
0 0.38100961538461536 0.27403846153846156 0.07932692307692307 0.10576923076923077
0 0.4495192307692308 0.22115384615384615 0.125 0.14423076923076922
0 0.5060096153846154 0.2403846153846154 0.07932692307692307 0.12980769230769232
0 0.5360576923076923 0.10336538461538461 0.10576923076923077 0.11057692307692307
0 0.5432692307692307 0.13221153846153846 0.15384615384615385 0.11538461538461539
0 0.6105769230769231 0.22956730769230768 0.125 0.15144230769230768
0 0.5456730769230769 0.375 0.09615384615384616 0.1201923076923077
0 0.5120192307692307 0.43990384615384615 0.10576923076923077 0.07211538461538461
0 0.6201923076923077 0.43990384615384615 0.10096153846153846 0.1346153846153846
0 0.6274038461538461 0.5372596153846154 0.07692307692307693 0.0889423076923077
0 0.71875 0.43990384615384615 0.10096153846153846 0.125
0 0.7247596153846154 0.31490384615384615 0.08413461538461539 0.11538461538461539
0 0.6334134615384616 0.3125 0.0985576923076923 0.1201923076923077
0 0.6730769230769231 0.23798076923076922 0.0625 0.0625
0 0.7524038461538461 0.3581730769230769 0.0625 0.07211538461538461
0 0.7091346153846154 0.07692307692307693 0.1346153846153846 0.1346153846153846
0 0.8004807692307693 0.17548076923076922 0.125 0.1875
0 0.8786057692307693 0.21634615384615385 0.0985576923076923 0.14423076923076922
0 0.8858173076923077 0.0985576923076923 0.13701923076923078 0.11057692307692307
0 0.8569711538461539 0.040865384615384616 0.17067307692307693 0.0673076923076923
0 0.9699519230769231 0.10336538461538461 0.06009615384615385 0.1971153846153846
0 0.9278846153846154 0.41947115384615385 0.07692307692307693 0.09375
0 0.9086538461538461 0.36778846153846156 0.04326923076923077 0.04326923076923077
0 0.9651442307692307 0.36177884615384615 0.06971153846153846 0.11778846153846154
0 0.9915865384615384 0.30408653846153844 0.016826923076923076 0.055288461538461536
0 0.96875 0.46153846153846156 0.0625 0.09615384615384616
0 0.8016826923076923 0.5 0.0985576923076923 0.12980769230769232
0 0.7283653846153846 0.5757211538461539 0.08653846153846154 0.09375
0 0.65625 0.640625 0.11057692307692307 0.0985576923076923
0 0.6009615384615384 0.7199519230769231 0.13942307692307693 0.0889423076923077
0 0.6466346153846154 0.7692307692307693 0.1201923076923077 0.14423076923076922
0 0.6586538461538461 0.8509615384615384 0.04807692307692308 0.04326923076923077
0 0.734375 0.8545673076923077 0.11778846153846154 0.0985576923076923
0 0.7379807692307693 0.7608173076923077 0.09134615384615384 0.0889423076923077
0 0.71875 0.6742788461538461 0.08653846153846154 0.09375
0 0.8100961538461539 0.6454326923076923 0.10096153846153846 0.16105769230769232
0 0.8954326923076923 0.7379807692307693 0.11778846153846154 0.14423076923076922
0 0.8521634615384616 0.5456730769230769 0.11778846153846154 0.125
0 0.9086538461538461 0.6009615384615384 0.10576923076923077 0.125
0 0.9615384615384616 0.6430288461538461 0.052884615384615384 0.09375
0 0.44471153846153844 0.8197115384615384 0.09134615384615384 0.07211538461538461
0 0.3557692307692308 0.9326923076923077 0.10096153846153846 0.11057692307692307
0 0.2620192307692308 0.9771634615384616 0.08653846153846154 0.04567307692307692
0 0.33533653846153844 0.9855769230769231 0.0889423076923077 0.028846153846153848
0 0.39663461538461536 0.9615384615384616 0.052884615384615384 0.07692307692307693
0 0.44711538461538464 0.9074519230769231 0.09134615384615384 0.0889423076923077
0 0.44711538461538464 0.9723557692307693 0.07211538461538461 0.055288461538461536
0 0.5204326923076923 0.9771634615384616 0.07932692307692307 0.04567307692307692
0 0.5324519230769231 0.9050480769230769 0.08413461538461539 0.09375
0 0.5024038461538461 0.8581730769230769 0.057692307692307696 0.0625
0 0.59375 0.9230769230769231 0.04807692307692308 0.057692307692307696
0 0.5793269230769231 0.9723557692307693 0.0673076923076923 0.055288461538461536
0 0.6394230769230769 0.9699519230769231 0.057692307692307696 0.06009615384615385
0 0.8245192307692307 0.9639423076923077 0.07692307692307693 0.057692307692307696
0 0.9038461538461539 0.9675480769230769 0.10096153846153846 0.06490384615384616
0 0.8677884615384616 0.9158653846153846 0.09615384615384616 0.07692307692307693
0 0.9411057692307693 0.8629807692307693 0.06490384615384616 0.04326923076923077
0 0.9543269230769231 0.9266826923076923 0.0625 0.0889423076923077
0 0.9759615384615384 0.9795673076923077 0.04807692307692308 0.040865384615384616
0 0.984375 0.90625 0.03125 0.10096153846153846
0 0.9783653846153846 0.8197115384615384 0.04807692307692308 0.0625
