0 0.7764423076923077 0.22596153846153846 0.375 0.35096153846153844
0 0.8341346153846154 0.2548076923076923 0.25 0.34615384615384615
0 0.8004807692307693 0.4987980769230769 0.19230769230769232 0.1466346153846154
0 0.6694711538461539 0.5793269230769231 0.28125 0.19230769230769232
0 0.8209134615384616 0.7692307692307693 0.0889423076923077 0.14423076923076922
0 0.75 0.8581730769230769 0.2548076923076923 0.16826923076923078
0 0.3473557692307692 0.8425480769230769 0.17067307692307693 0.09375
0 0.3713942307692308 0.8557692307692307 0.3918269230769231 0.1778846153846154
0 0.2932692307692308 0.7151442307692307 0.3269230769230769 0.17548076923076922
0 0.27163461538461536 0.5024038461538461 0.25 0.1201923076923077
0 0.29086538461538464 0.4014423076923077 0.23076923076923078 0.10576923076923077
0 0.3317307692307692 0.17548076923076922 0.3701923076923077 0.23076923076923078
