0 0.7692307692307693 0.9747596153846154 0.1971153846153846 0.05048076923076923
0 0.8653846153846154 0.9182692307692307 0.07692307692307693 0.15865384615384615
0 0.8389423076923077 0.8701923076923077 0.1201923076923077 0.1971153846153846
0 0.7896634615384616 0.8317307692307693 0.15625 0.18269230769230768
0 0.8521634615384616 0.7127403846153846 0.09375 0.12259615384615384
0 0.8509615384615384 0.6105769230769231 0.10576923076923077 0.09134615384615384
0 0.8545673076923077 0.5480769230769231 0.0985576923076923 0.057692307692307696
0 0.7403846153846154 0.4675480769230769 0.3173076923076923 0.24759615384615385
0 0.7524038461538461 0.2980769230769231 0.2932692307692308 0.20192307692307693
0 0.8701923076923077 0.20192307692307693 0.057692307692307696 0.1971153846153846
0 0.6935096153846154 0.1466346153846154 0.3485576923076923 0.13942307692307693
0 0.7043269230769231 0.055288461538461536 0.40384615384615385 0.10096153846153846
0 0.5673076923076923 0.17548076923076922 0.23557692307692307 0.13942307692307693
0 0.59375 0.3605769230769231 0.2548076923076923 0.21634615384615385
0 0.6947115384615384 0.7139423076923077 0.23076923076923078 0.28365384615384615
0 0.5240384615384616 0.8485576923076923 0.375 0.30288461538461536
0 0.29447115384615385 0.890625 0.28125 0.21875
0 0.23918269230769232 0.9447115384615384 0.15144230769230768 0.10576923076923077
0 0.08653846153846154 0.9495192307692307 0.16826923076923078 0.10096153846153846
0 0.039663461538461536 0.8137019230769231 0.07451923076923077 0.2956730769230769
0 0.1778846153846154 0.7704326923076923 0.17307692307692307 0.17548076923076922
0 0.12259615384615384 0.84375 0.08173076923076923 0.12980769230769232
0 0.22115384615384615 0.6346153846153846 0.2692307692307692 0.2403846153846154
0 0.37259615384615385 0.6682692307692307 0.2692307692307692 0.2644230769230769
0 0.5697115384615384 0.6201923076923077 0.125 0.13942307692307693
0 0.4951923076923077 0.47115384615384615 0.3269230769230769 0.13942307692307693
0 0.4795673076923077 0.3605769230769231 0.21394230769230768 0.13942307692307693
0 0.4543269230769231 0.22355769230769232 0.19230769230769232 0.1346153846153846
0 0.2548076923076923 0.2956730769230769 0.3701923076923077 0.14903846153846154
0 0.18509615384615385 0.49158653846153844 0.36538461538461536 0.2668269230769231
0 0.055288461538461536 0.6610576923076923 0.10576923076923077 0.09615384615384616
0 0.036057692307692304 0.5432692307692307 0.0673076923076923 0.11057692307692307
0 0.12740384615384615 0.4254807692307692 0.2403846153846154 0.15865384615384615
0 0.1045673076923077 0.3629807692307692 0.20432692307692307 0.18269230769230768
0 0.055288461538461536 0.2403846153846154 0.10576923076923077 0.1778846153846154
0 0.22716346153846154 0.16105769230769232 0.4495192307692308 0.12980769230769232
0 0.40865384615384615 0.11298076923076923 0.11538461538461539 0.10576923076923077
0 0.5408653846153846 0.055288461538461536 0.22596153846153846 0.10096153846153846
0 0.3918269230769231 0.019230769230769232 0.12980769230769232 0.028846153846153848
0 0.27283653846153844 0.04807692307692308 0.09375 0.08653846153846154
0 0.12860576923076922 0.06490384615384616 0.25240384615384615 0.1201923076923077
0 0.04927884615384615 0.10817307692307693 0.09375 0.04326923076923077
0 0.15504807692307693 0.021634615384615384 0.24278846153846154 0.03365384615384615
0 0.45552884615384615 0.5024038461538461 0.90625 0.9951923076923077
