0 0.9411057692307693 0.9314903846153846 0.11778846153846154 0.13221153846153846
0 0.7896634615384616 0.9014423076923077 0.17067307692307693 0.19230769230769232
0 0.6778846153846154 0.7740384615384616 0.1778846153846154 0.2403846153846154
0 0.6694711538461539 0.9723557692307693 0.06490384615384616 0.05048076923076923
0 0.5324519230769231 0.9266826923076923 0.19951923076923078 0.14182692307692307
0 0.8197115384615384 0.6334134615384616 0.16346153846153846 0.24759615384615385
0 0.8918269230769231 0.5949519230769231 0.1346153846153846 0.21394230769230768
0 0.9747596153846154 0.5793269230769231 0.05048076923076923 0.20192307692307693
0 0.6995192307692307 0.5084134615384616 0.1778846153846154 0.2668269230769231
0 0.7908653846153846 0.4338942307692308 0.09134615384615384 0.17548076923076922
0 0.8894230769230769 0.41466346153846156 0.13942307692307693 0.18028846153846154
0 0.9615384615384616 0.4050480769230769 0.07692307692307693 0.18028846153846154
0 0.9507211538461539 0.20673076923076922 0.0985576923076923 0.21153846153846154
0 0.7139423076923077 0.26802884615384615 0.1778846153846154 0.25721153846153844
0 0.8509615384615384 0.3112980769230769 0.10576923076923077 0.11298076923076923
0 0.8233173076923077 0.21995192307692307 0.12740384615384615 0.22355769230769232
0 0.5048076923076923 0.84375 0.1971153846153846 0.1875
0 0.6466346153846154 0.90625 0.08653846153846154 0.08173076923076923
0 0.38100961538461536 0.9567307692307693 0.10817307692307693 0.08173076923076923
0 0.28966346153846156 0.8329326923076923 0.2091346153846154 0.3293269230769231
0 0.16105769230769232 0.9507211538461539 0.14903846153846154 0.09375
0 0.09134615384615384 0.8413461538461539 0.1778846153846154 0.3125
0 0.18269230769230768 0.6742788461538461 0.1346153846153846 0.2283653846153846
0 0.2776442307692308 0.546875 0.17067307692307693 0.25721153846153844
0 0.39903846153846156 0.6117788461538461 0.20192307692307693 0.31009615384615385
0 0.4074519230769231 0.8028846153846154 0.06009615384615385 0.08173076923076923
0 0.5516826923076923 0.6358173076923077 0.16105769230769232 0.27163461538461536
0 0.5805288461538461 0.5 0.07451923076923077 0.11057692307692307
0 0.5540865384615384 0.34375 0.15625 0.24519230769230768
0 0.484375 0.46634615384615385 0.08413461538461539 0.08653846153846154
0 0.3954326923076923 0.34975961538461536 0.16105769230769232 0.23317307692307693
0 0.05889423076923077 0.609375 0.11298076923076923 0.27163461538461536
0 0.10096153846153846 0.515625 0.13942307692307693 0.17548076923076922
0 0.17307692307692307 0.3942307692307692 0.1875 0.27884615384615385
0 0.2512019230769231 0.3161057692307692 0.12740384615384615 0.17067307692307693
0 0.25 0.12259615384615384 0.16826923076923078 0.2403846153846154
0 0.46033653846153844 0.14783653846153846 0.1466346153846154 0.25721153846153844
0 0.515625 0.030048076923076924 0.07932692307692307 0.055288461538461536
0 0.6057692307692307 0.11177884615384616 0.16346153846153846 0.21875
0 0.7403846153846154 0.07692307692307693 0.14423076923076922 0.14903846153846154
0 0.8257211538461539 0.08413461538461539 0.06490384615384616 0.08653846153846154
0 0.8257211538461539 0.02403846153846154 0.040865384615384616 0.04326923076923077
0 0.921875 0.0733173076923077 0.15625 0.14182692307692307
0 0.8930288461538461 0.19951923076923078 0.05048076923076923 0.15384615384615385
0 0.24278846153846154 0.02403846153846154 0.17307692307692307 0.04326923076923077
0 0.15504807692307693 0.16466346153846154 0.11778846153846154 0.18028846153846154
0 0.07211538461538461 0.35096153846153844 0.13942307692307693 0.25961538461538464
0 0.05048076923076923 0.19951923076923078 0.09615384615384616 0.14423076923076922
0 0.11899038461538461 0.09014423076923077 0.18028846153846154 0.17548076923076922
0 0.03125 0.040865384615384616 0.057692307692307696 0.07692307692307693
0 0.019230769230769232 0.08653846153846154 0.03365384615384615 0.08173076923076923
0 0.015625 0.15625 0.026442307692307692 0.1201923076923077
0 0.5012019230769231 0.5 0.9975961538461539 0.9951923076923077
