0 0.7920673076923077 0.8942307692307693 0.17067307692307693 0.20673076923076922
0 0.9459134615384616 0.8677884615384616 0.10817307692307693 0.21634615384615385
0 0.9591346153846154 0.9819711538461539 0.07692307692307693 0.03125
0 0.6766826923076923 0.7512019230769231 0.18028846153846154 0.23798076923076922
0 0.8185096153846154 0.6237980769230769 0.16105769230769232 0.23798076923076922
0 0.8954326923076923 0.5805288461538461 0.12740384615384615 0.18990384615384615
0 0.9759615384615384 0.5685096153846154 0.04326923076923077 0.18990384615384615
0 0.890625 0.42427884615384615 0.14182692307692307 0.18509615384615385
0 0.9591346153846154 0.4014423076923077 0.07692307692307693 0.17307692307692307
0 0.9495192307692307 0.23076923076923078 0.09615384615384616 0.21153846153846154
0 0.9266826923076923 0.08413461538461539 0.1466346153846154 0.16346153846153846
0 0.828125 0.11057692307692307 0.05048076923076923 0.0673076923076923
0 0.8233173076923077 0.23076923076923078 0.12740384615384615 0.21153846153846154
0 0.890625 0.2247596153846154 0.03125 0.1466346153846154
0 0.8521634615384616 0.33533653846153844 0.0985576923076923 0.09375
0 0.7151442307692307 0.2824519230769231 0.18028846153846154 0.23317307692307693
0 0.6033653846153846 0.11658653846153846 0.15384615384615385 0.2283653846153846
0 0.7451923076923077 0.08173076923076923 0.1346153846153846 0.15865384615384615
0 0.7199519230769231 0.15625 0.07932692307692307 0.04326923076923077
0 0.828125 0.037259615384615384 0.06009615384615385 0.06971153846153846
0 0.6586538461538461 0.018028846153846152 0.052884615384615384 0.03125
0 0.5528846153846154 0.35216346153846156 0.15865384615384615 0.22355769230769232
0 0.5769230769230769 0.5024038461538461 0.0625 0.09134615384615384
0 0.5528846153846154 0.6322115384615384 0.16346153846153846 0.2548076923076923
0 0.5060096153846154 0.8197115384615384 0.19951923076923078 0.16346153846153846
0 0.5336538461538461 0.9122596153846154 0.21153846153846154 0.17067307692307693
0 0.6694711538461539 0.9603365384615384 0.07451923076923077 0.07451923076923077
0 0.6502403846153846 0.8846153846153846 0.0889423076923077 0.10096153846153846
0 0.36899038461538464 0.9447115384615384 0.15144230769230768 0.10576923076923077
0 0.28725961538461536 0.8173076923076923 0.2091346153846154 0.3076923076923077
0 0.40024038461538464 0.6057692307692307 0.19471153846153846 0.2980769230769231
0 0.3954326923076923 0.3605769230769231 0.15625 0.21634615384615385
0 0.27163461538461536 0.5420673076923077 0.15865384615384615 0.24278846153846154
0 0.29447115384615385 0.421875 0.04567307692307692 0.03125
0 0.2608173076923077 0.3329326923076923 0.11298076923076923 0.17548076923076922
0 0.25240384615384615 0.140625 0.16826923076923078 0.23317307692307693
0 0.28365384615384615 0.028846153846153848 0.09134615384615384 0.052884615384615384
0 0.1875 0.04807692307692308 0.09615384615384616 0.09134615384615384
0 0.09975961538461539 0.09254807692307693 0.12740384615384615 0.18028846153846154
0 0.46274038461538464 0.171875 0.1466346153846154 0.24278846153846154
0 0.5096153846153846 0.039663461538461536 0.07692307692307693 0.07451923076923077
0 0.15264423076923078 0.18389423076923078 0.10336538461538461 0.18028846153846154
0 0.17307692307692307 0.3942307692307692 0.19230769230769232 0.2644230769230769
0 0.109375 0.5180288461538461 0.1466346153846154 0.17548076923076922
0 0.17548076923076922 0.6526442307692307 0.1346153846153846 0.18990384615384615
0 0.09254807692307693 0.8221153846153846 0.18028846153846154 0.2980769230769231
0 0.20192307692307693 0.9362980769230769 0.1875 0.12259615384615384
0 0.04927884615384615 0.9519230769230769 0.09375 0.09134615384615384
0 0.06129807692307692 0.6009615384615384 0.11778846153846154 0.23557692307692307
0 0.07211538461538461 0.35697115384615385 0.13942307692307693 0.23317307692307693
0 0.055288461538461536 0.21394230769230768 0.09615384615384616 0.11538461538461539
0 0.021634615384615384 0.15865384615384615 0.038461538461538464 0.17307692307692307
0 0.042067307692307696 0.052884615384615384 0.07932692307692307 0.10096153846153846
5 0.9122596153846154 0.8040865384615384 0.17548076923076922 0.3245192307692308
5 0.3317307692307692 0.2620192307692308 0.11057692307692307 0.21153846153846154
5 0.3942307692307692 0.08173076923076923 0.12980769230769232 0.15865384615384615
5 0.47115384615384615 0.02403846153846154 0.038461538461538464 0.04326923076923077
