0 0.25 0.5649038461538461 0.4423076923076923 0.42788461538461536
0 0.3762019230769231 0.8197115384615384 0.45913461538461536 0.22596153846153846
0 0.47596153846153844 0.8894230769230769 0.10576923076923077 0.09134615384615384
0 0.2668269230769231 0.5673076923076923 0.09615384615384616 0.09615384615384616
0 0.4423076923076923 0.5072115384615384 0.09134615384615384 0.04807692307692308
0 0.5072115384615384 0.6850961538461539 0.0625 0.0625
0 0.5240384615384616 0.6514423076923077 0.27403846153846156 0.20673076923076922
0 0.5853365384615384 0.7103365384615384 0.12259615384615384 0.0889423076923077
0 0.8245192307692307 0.7716346153846154 0.3173076923076923 0.18269230769230768
0 0.8028846153846154 0.5841346153846154 0.33653846153846156 0.2548076923076923
0 0.6382211538461539 0.34375 0.19951923076923078 0.5336538461538461
0 0.47596153846153844 0.3629807692307692 0.3605769230769231 0.3173076923076923
0 0.5841346153846154 0.5264423076923077 0.19230769230769232 0.04807692307692308
0 0.2403846153846154 0.25 0.14903846153846154 0.24519230769230768
0 0.18389423076923078 0.0673076923076923 0.3004807692307692 0.09615384615384616
0 0.6009615384615384 0.12620192307692307 0.5096153846153846 0.2091346153846154
0 0.9086538461538461 0.12740384615384615 0.13942307692307693 0.08653846153846154
0 0.8786057692307693 0.18028846153846154 0.04567307692307692 0.0625
0 0.9206730769230769 0.2439903846153846 0.0625 0.10817307692307693
0 0.8762019230769231 0.2644230769230769 0.05048076923076923 0.09615384615384616
0 0.8149038461538461 0.2704326923076923 0.08173076923076923 0.03125
0 0.7932692307692307 0.2247596153846154 0.11057692307692307 0.05048076923076923
0 0.7620192307692307 0.33052884615384615 0.07211538461538461 0.15144230769230768
0 0.8581730769230769 0.36778846153846156 0.2403846153846154 0.13942307692307693
0 0.9399038461538461 0.4495192307692308 0.07692307692307693 0.07211538461538461
0 0.84375 0.46153846153846156 0.09134615384615384 0.0625
0 0.7367788461538461 0.5216346153846154 0.05048076923076923 0.08173076923076923
0 0.8882211538461539 0.17548076923076922 0.19951923076923078 0.3125
