0 0.25961538461538464 0.7439903846153846 0.5048076923076923 0.30528846153846156
0 0.27163461538461536 0.9206730769230769 0.5240384615384616 0.15865384615384615
0 0.2932692307692308 0.640625 0.5 0.30528846153846156
0 0.33653846153846156 0.21033653846153846 0.5096153846153846 0.31490384615384615
0 0.2692307692307692 0.3269230769230769 0.5192307692307693 0.3317307692307692
0 0.453125 0.1971153846153846 0.5408653846153846 0.3894230769230769
0 0.5733173076923077 0.5096153846153846 0.18028846153846154 0.30288461538461536
0 0.75 0.515625 0.3076923076923077 0.2764423076923077
0 0.8149038461538461 0.640625 0.375 0.1658653846153846
0 0.7644230769230769 0.796875 0.3557692307692308 0.15144230769230768
