0 0.057692307692307696 0.359375 0.11057692307692307 0.23798076923076922
0 0.03245192307692308 0.23197115384615385 0.06009615384615385 0.0889423076923077
0 0.014423076923076924 0.4543269230769231 0.02403846153846154 0.15384615384615385
0 0.07692307692307693 0.48197115384615385 0.08173076923076923 0.13701923076923078
0 0.5625 0.11298076923076923 0.14423076923076922 0.22115384615384615
0 0.6875 0.14302884615384615 0.11057692307692307 0.11298076923076923
0 0.8052884615384616 0.21394230769230768 0.11538461538461539 0.22115384615384615
0 0.7548076923076923 0.30408653846153844 0.125 0.18509615384615385
0 0.8293269230769231 0.38461538461538464 0.0673076923076923 0.14423076923076922
0 0.7391826923076923 0.4206730769230769 0.09375 0.08173076923076923
0 0.8004807692307693 0.4206730769230769 0.04326923076923077 0.04807692307692308
0 0.6490384615384616 0.3858173076923077 0.11057692307692307 0.13701923076923078
0 0.6658653846153846 0.2800480769230769 0.08173076923076923 0.11298076923076923
0 0.5901442307692307 0.234375 0.13701923076923078 0.21394230769230768
0 0.5757211538461539 0.34134615384615385 0.06009615384615385 0.1201923076923077
0 0.5024038461538461 0.328125 0.10096153846153846 0.11298076923076923
0 0.5300480769230769 0.41586538461538464 0.1466346153846154 0.125
0 0.42788461538461536 0.4338942307692308 0.057692307692307696 0.0889423076923077
0 0.4230769230769231 0.3581730769230769 0.10576923076923077 0.1971153846153846
0 0.4338942307692308 0.25961538461538464 0.10336538461538461 0.07211538461538461
0 0.44711538461538464 0.1875 0.09134615384615384 0.14423076923076922
0 0.36538461538461536 0.2283653846153846 0.08173076923076923 0.1201923076923077
0 0.32572115384615385 0.35216346153846156 0.09375 0.16105769230769232
0 0.31490384615384615 0.24519230769230768 0.04326923076923077 0.07692307692307693
0 0.27884615384615385 0.29086538461538464 0.038461538461538464 0.028846153846153848
0 0.25721153846153844 0.33533653846153844 0.04326923076923077 0.06009615384615385
0 0.2439903846153846 0.39783653846153844 0.026442307692307692 0.06490384615384616
0 0.2692307692307692 0.4098557692307692 0.038461538461538464 0.06490384615384616
0 0.171875 0.38461538461538464 0.06971153846153846 0.07211538461538461
0 0.22115384615384615 0.4050480769230769 0.038461538461538464 0.06490384615384616
0 0.1201923076923077 0.3786057692307692 0.019230769230769232 0.06009615384615385
0 0.15384615384615385 0.4254807692307692 0.0625 0.07211538461538461
0 0.8329326923076923 0.9230769230769231 0.06009615384615385 0.14903846153846154
0 0.8197115384615384 0.8221153846153846 0.08653846153846154 0.2932692307692308
0 0.8161057692307693 0.5913461538461539 0.09375 0.27403846153846156
0 0.6754807692307693 0.8581730769230769 0.1971153846153846 0.27884615384615385
0 0.7572115384615384 0.7151442307692307 0.08173076923076923 0.13701923076923078
0 0.7536057692307693 0.5805288461538461 0.10336538461538461 0.23798076923076922
0 0.6418269230769231 0.5841346153846154 0.16826923076923078 0.2548076923076923
0 0.6502403846153846 0.7475961538461539 0.1466346153846154 0.16826923076923078
0 0.6802884615384616 0.4831730769230769 0.08173076923076923 0.07692307692307693
0 0.7956730769230769 0.4795673076923077 0.0625 0.06009615384615385
0 0.5384615384615384 0.5637019230769231 0.11538461538461539 0.21394230769230768
0 0.5240384615384616 0.8028846153846154 0.1346153846153846 0.2932692307692308
0 0.5288461538461539 0.9675480769230769 0.1346153846153846 0.06009615384615385
0 0.43028846153846156 0.9350961538461539 0.11538461538461539 0.125
0 0.4375 0.7824519230769231 0.10576923076923077 0.23798076923076922
0 0.4495192307692308 0.5721153846153846 0.1201923076923077 0.2548076923076923
0 0.3485576923076923 0.5528846153846154 0.09134615384615384 0.20673076923076922
0 0.38461538461538464 0.6995192307692307 0.0625 0.08173076923076923
0 0.3004807692307692 0.7668269230769231 0.16826923076923078 0.27884615384615385
0 0.28365384615384615 0.9254807692307693 0.17307692307692307 0.14423076923076922
0 0.18629807692307693 0.9134615384615384 0.09375 0.16826923076923078
0 0.203125 0.734375 0.09375 0.21394230769230768
0 0.10096153846153846 0.9050480769230769 0.11057692307692307 0.18509615384615385
0 0.03365384615384615 0.9290865384615384 0.038461538461538464 0.13701923076923078
0 0.14182692307692307 0.7608173076923077 0.0625 0.18509615384615385
0 0.25 0.6021634615384616 0.1201923076923077 0.0889423076923077
0 0.3016826923076923 0.5 0.13701923076923078 0.125
0 0.15384615384615385 0.6346153846153846 0.0625 0.10576923076923077
0 0.2127403846153846 0.5 0.11298076923076923 0.14903846153846154
0 0.12379807692307693 0.5120192307692307 0.06971153846153846 0.125
0 0.057692307692307696 0.6658653846153846 0.11057692307692307 0.24519230769230768
0 0.07451923076923077 0.7379807692307693 0.125 0.24519230769230768
0 0.02403846153846154 0.8918269230769231 0.038461538461538464 0.20673076923076922
