0 0.7776442307692307 0.9350961538461539 0.0889423076923077 0.125
0 0.8365384615384616 0.8221153846153846 0.07692307692307693 0.15865384615384615
0 0.9002403846153846 0.9014423076923077 0.06971153846153846 0.15865384615384615
0 0.9350961538461539 0.8112980769230769 0.09134615384615384 0.15625
0 0.9627403846153846 0.7776442307692307 0.07451923076923077 0.12259615384615384
0 0.9639423076923077 0.6454326923076923 0.07211538461538461 0.14182692307692307
0 0.9230769230769231 0.5612980769230769 0.08173076923076923 0.15144230769230768
0 0.8509615384615384 0.6225961538461539 0.09134615384615384 0.12980769230769232
0 0.9158653846153846 0.4411057692307692 0.09134615384615384 0.1466346153846154
0 0.9807692307692307 0.5012019230769231 0.038461538461538464 0.15144230769230768
0 0.9711538461538461 0.36778846153846156 0.057692307692307696 0.1346153846153846
0 0.9771634615384616 0.2608173076923077 0.040865384615384616 0.12259615384615384
0 0.8834134615384616 0.2980769230769231 0.11298076923076923 0.16346153846153846
0 0.9110576923076923 0.19951923076923078 0.10576923076923077 0.10096153846153846
0 0.6899038461538461 0.9411057692307693 0.08653846153846154 0.11298076923076923
0 0.6971153846153846 0.8293269230769231 0.09615384615384616 0.1346153846153846
0 0.6310096153846154 0.8930288461538461 0.055288461538461536 0.10817307692307693
0 0.5456730769230769 0.8221153846153846 0.0673076923076923 0.15865384615384615
0 0.48677884615384615 0.7620192307692307 0.06971153846153846 0.1346153846153846
0 0.5240384615384616 0.6694711538461539 0.09615384615384616 0.18509615384615385
0 0.4074519230769231 0.6947115384615384 0.0889423076923077 0.16826923076923078
0 0.5889423076923077 0.7415865384615384 0.0673076923076923 0.14182692307692307
0 0.6490384615384616 0.6911057692307693 0.10576923076923077 0.18509615384615385
0 0.6983173076923077 0.7247596153846154 0.06971153846153846 0.11778846153846154
0 0.7091346153846154 0.6358173076923077 0.0625 0.08413461538461539
0 0.7572115384615384 0.5697115384615384 0.10096153846153846 0.16826923076923078
0 0.6682692307692307 0.5084134615384616 0.09134615384615384 0.1466346153846154
0 0.7139423076923077 0.4170673076923077 0.09134615384615384 0.15144230769230768
0 0.7776442307692307 0.39903846153846156 0.09375 0.16346153846153846
0 0.8028846153846154 0.25961538461538464 0.08653846153846154 0.12980769230769232
0 0.8329326923076923 0.17427884615384615 0.06971153846153846 0.11778846153846154
0 0.8978365384615384 0.0733173076923077 0.11298076923076923 0.14182692307692307
0 0.9807692307692307 0.05889423076923077 0.03365384615384615 0.11298076923076923
0 0.6009615384615384 0.5673076923076923 0.08653846153846154 0.10576923076923077
0 0.5480769230769231 0.5012019230769231 0.09134615384615384 0.15144230769230768
0 0.5661057692307693 0.44350961538461536 0.06009615384615385 0.11778846153846154
0 0.46875 0.5625 0.08173076923076923 0.12980769230769232
0 0.4338942307692308 0.5384615384615384 0.07932692307692307 0.12980769230769232
0 0.4543269230769231 0.42788461538461536 0.10576923076923077 0.12980769230769232
0 0.5048076923076923 0.36778846153846156 0.09134615384615384 0.125
0 0.40865384615384615 0.35336538461538464 0.09134615384615384 0.16346153846153846
0 0.35216346153846156 0.44350961538461536 0.08413461538461539 0.10817307692307693
0 0.3401442307692308 0.5949519230769231 0.10336538461538461 0.11778846153846154
0 0.3557692307692308 0.3762019230769231 0.03365384615384615 0.05048076923076923
0 0.42427884615384615 0.22596153846153846 0.06009615384615385 0.12980769230769232
0 0.49759615384615385 0.27524038461538464 0.09134615384615384 0.11778846153846154
0 0.5336538461538461 0.22115384615384615 0.1201923076923077 0.15865384615384615
0 0.5901442307692307 0.13341346153846154 0.10336538461538461 0.1466346153846154
0 0.6370192307692307 0.31971153846153844 0.08653846153846154 0.13942307692307693
0 0.6670673076923077 0.18629807692307693 0.07932692307692307 0.18509615384615385
0 0.7091346153846154 0.2800480769230769 0.057692307692307696 0.09375
0 0.7427884615384616 0.1658653846153846 0.0673076923076923 0.1346153846153846
0 0.7908653846153846 0.06009615384615385 0.07692307692307693 0.10096153846153846
0 0.6947115384615384 0.027644230769230768 0.09134615384615384 0.05048076923076923
0 0.546875 0.06129807692307692 0.0985576923076923 0.11778846153846154
0 0.375 0.1935096153846154 0.13942307692307693 0.18990384615384615
0 0.2704326923076923 0.28365384615384615 0.07932692307692307 0.1346153846153846
0 0.1778846153846154 0.18629807692307693 0.09615384615384616 0.15144230769230768
0 0.21634615384615385 0.05048076923076923 0.10096153846153846 0.09615384615384616
0 0.2848557692307692 0.13221153846153846 0.0985576923076923 0.15865384615384615
0 0.30649038461538464 0.03125 0.09375 0.057692307692307696
0 0.4675480769230769 0.036057692307692304 0.10336538461538461 0.0673076923076923
0 0.4110576923076923 0.05889423076923077 0.11057692307692307 0.11298076923076923
0 0.09254807692307693 0.039663461538461536 0.08413461538461539 0.07451923076923077
0 0.15384615384615385 0.039663461538461536 0.04326923076923077 0.07451923076923077
