0 0.8846153846153846 0.8834134615384616 0.23076923076923078 0.2283653846153846
0 0.9423076923076923 0.671875 0.11538461538461539 0.4254807692307692
0 0.9387019230769231 0.3401442307692308 0.12259615384615384 0.3389423076923077
0 0.8653846153846154 0.13581730769230768 0.25 0.2668269230769231
0 0.7776442307692307 0.453125 0.19951923076923078 0.38221153846153844
0 0.5360576923076923 0.4807692307692308 0.23076923076923078 0.4519230769230769
0 0.6875 0.7524038461538461 0.23076923076923078 0.41346153846153844
0 0.6682692307692307 0.9783653846153846 0.125 0.038461538461538464
0 0.6225961538461539 0.37259615384615385 0.11538461538461539 0.3317307692307692
0 0.6778846153846154 0.15144230769230768 0.16826923076923078 0.2980769230769231
0 0.5072115384615384 0.1778846153846154 0.1875 0.2644230769230769
0 0.5348557692307693 0.057692307692307696 0.16105769230769232 0.11057692307692307
0 0.4050480769230769 0.04326923076923077 0.11298076923076923 0.08173076923076923
0 0.39783653846153844 0.14182692307692307 0.11298076923076923 0.2403846153846154
0 0.33413461538461536 0.35096153846153844 0.08653846153846154 0.21634615384615385
0 0.4014423076923077 0.40625 0.16346153846153846 0.30288461538461536
0 0.3004807692307692 0.7307692307692307 0.27884615384615385 0.5192307692307693
0 0.4639423076923077 0.8185096153846154 0.2403846153846154 0.3581730769230769
0 0.17307692307692307 0.9423076923076923 0.1778846153846154 0.11057692307692307
0 0.04567307692307692 0.9266826923076923 0.08653846153846154 0.14182692307692307
0 0.0889423076923077 0.6826923076923077 0.16826923076923078 0.32211538461538464
0 0.18028846153846154 0.4110576923076923 0.2403846153846154 0.4182692307692308
0 0.27163461538461536 0.16105769230769232 0.15865384615384615 0.30288461538461536
0 0.18870192307692307 0.10576923076923077 0.055288461538461536 0.20192307692307693
0 0.0829326923076923 0.0985576923076923 0.16105769230769232 0.19230769230769232
0 0.10096153846153846 0.27884615384615385 0.15384615384615385 0.2548076923076923
0 0.01201923076923077 0.2956730769230769 0.019230769230769232 0.2548076923076923
