0 0.9110576923076923 0.23076923076923078 0.1778846153846154 0.20192307692307693
0 0.9362980769230769 0.34615384615384615 0.12740384615384615 0.1971153846153846
0 0.9002403846153846 0.33533653846153844 0.19951923076923078 0.27163461538461536
0 0.8137019230769231 0.3112980769230769 0.21875 0.24759615384615385
0 0.9447115384615384 0.45552884615384615 0.11057692307692307 0.13221153846153846
0 0.9026442307692307 0.5865384615384616 0.11298076923076923 0.40384615384615385
0 0.8245192307692307 0.43990384615384615 0.16826923076923078 0.28365384615384615
0 0.7548076923076923 0.5084134615384616 0.07692307692307693 0.33413461538461536
0 0.7728365384615384 0.6442307692307693 0.09375 0.36538461538461536
0 0.8064903846153846 0.6911057692307693 0.07932692307692307 0.18509615384615385
0 0.8497596153846154 0.5817307692307693 0.1466346153846154 0.3076923076923077
0 0.8774038461538461 0.671875 0.038461538461538464 0.24759615384615385
0 0.9639423076923077 0.6141826923076923 0.0673076923076923 0.2283653846153846
0 0.9711538461538461 0.8112980769230769 0.057692307692307696 0.15144230769230768
0 0.9675480769230769 0.9014423076923077 0.06009615384615385 0.16826923076923078
0 0.9387019230769231 0.9182692307692307 0.055288461538461536 0.15865384615384615
0 0.8918269230769231 0.8581730769230769 0.04807692307692308 0.27884615384615385
0 0.8509615384615384 0.8473557692307693 0.057692307692307696 0.3004807692307692
0 0.8004807692307693 0.9014423076923077 0.04326923076923077 0.19230769230769232
0 0.75 0.8966346153846154 0.038461538461538464 0.20192307692307693
0 0.6766826923076923 0.43990384615384615 0.06490384615384616 0.44711538461538464
0 0.6838942307692307 0.5757211538461539 0.06971153846153846 0.5697115384615384
0 0.6286057692307693 0.45552884615384615 0.05048076923076923 0.3293269230769231
0 0.5877403846153846 0.45913461538461536 0.11778846153846154 0.39903846153846156
0 0.6983173076923077 0.8966346153846154 0.06490384615384616 0.20192307692307693
0 0.7163461538461539 0.9567307692307693 0.057692307692307696 0.08173076923076923
0 0.8076923076923077 0.9447115384615384 0.04326923076923077 0.08173076923076923
0 0.6009615384615384 0.8509615384615384 0.07692307692307693 0.1201923076923077
0 0.5877403846153846 0.9074519230769231 0.0889423076923077 0.18028846153846154
0 0.59375 0.8449519230769231 0.04807692307692308 0.14182692307692307
0 0.5228365384615384 0.8221153846153846 0.10817307692307693 0.35096153846153844
0 0.49158653846153844 0.6466346153846154 0.04567307692307692 0.3269230769230769
0 0.5949519230769231 0.6550480769230769 0.24759615384615385 0.5841346153846154
0 0.5060096153846154 0.33052884615384615 0.055288461538461536 0.15144230769230768
0 0.44471153846153844 0.5540865384615384 0.0625 0.46875
0 0.44350961538461536 0.6622596153846154 0.036057692307692304 0.10336538461538461
0 0.3605769230769231 0.8882211538461539 0.0625 0.21875
0 0.38221153846153844 0.9375 0.052884615384615384 0.1201923076923077
0 0.4098557692307692 0.6670673076923077 0.07451923076923077 0.6610576923076923
0 0.4206730769230769 0.9122596153846154 0.07211538461538461 0.17067307692307693
0 0.35216346153846156 0.5360576923076923 0.05048076923076923 0.5625
0 0.3004807692307692 0.42908653846153844 0.07211538461538461 0.4495192307692308
0 0.30649038461538464 0.6526442307692307 0.055288461538461536 0.5697115384615384
0 0.19110576923076922 0.38100961538461536 0.17548076923076922 0.38221153846153844
0 0.22355769230769232 0.3161057692307692 0.10576923076923077 0.17067307692307693
0 0.16105769230769232 0.47836538461538464 0.09134615384615384 0.15384615384615385
0 0.20793269230769232 0.5841346153846154 0.06971153846153846 0.11538461538461539
0 0.26802884615384615 0.6622596153846154 0.06490384615384616 0.13701923076923078
0 0.24278846153846154 0.4723557692307692 0.04326923076923077 0.15144230769230768
0 0.21153846153846154 0.8004807692307693 0.052884615384615384 0.3942307692307692
0 0.24639423076923078 0.8473557692307693 0.07451923076923077 0.3004807692307692
0 0.04447115384615385 0.38221153846153844 0.08413461538461539 0.07211538461538461
0 0.03485576923076923 0.4519230769230769 0.06490384615384616 0.07692307692307693
0 0.06490384615384616 0.515625 0.125 0.17548076923076922
0 0.037259615384615384 0.6310096153846154 0.06971153846153846 0.10817307692307693
0 0.05889423076923077 0.6766826923076923 0.11298076923076923 0.24759615384615385
0 0.03485576923076923 0.8629807692307693 0.06490384615384616 0.21153846153846154
0 0.051682692307692304 0.9098557692307693 0.04567307692307692 0.17548076923076922
0 0.14182692307692307 0.8257211538461539 0.0625 0.34375
0 0.06129807692307692 0.1814903846153846 0.11778846153846154 0.3581730769230769
0 0.11298076923076923 0.2127403846153846 0.0673076923076923 0.4206730769230769
0 0.13822115384615385 0.18269230769230768 0.04567307692307692 0.3605769230769231
0 0.16826923076923078 0.15865384615384615 0.038461538461538464 0.3125
0 0.19110576923076922 0.13341346153846154 0.021634615384615384 0.2620192307692308
0 0.5997596153846154 0.06850961538461539 0.8004807692307693 0.13221153846153846
0 0.5096153846153846 0.15865384615384615 0.6201923076923077 0.038461538461538464
0 0.9435096153846154 0.16466346153846154 0.11298076923076923 0.06009615384615385
0 0.9711538461538461 0.22596153846153846 0.052884615384615384 0.052884615384615384
0 0.5228365384615384 0.21634615384615385 0.37259615384615385 0.07692307692307693
0 0.39302884615384615 0.2956730769230769 0.040865384615384616 0.08173076923076923
0 0.44591346153846156 0.29086538461538464 0.06490384615384616 0.08173076923076923
0 0.4675480769230769 0.3545673076923077 0.021634615384615384 0.05048076923076923
0 0.5865384615384616 0.27283653846153844 0.038461538461538464 0.11298076923076923
0 0.5012019230769231 0.5 0.9975961538461539 0.9951923076923077
