0 0.25240384615384615 0.20673076923076922 0.3557692307692308 0.27403846153846156
0 0.49038461538461536 0.23197115384615385 0.20192307692307693 0.18509615384615385
0 0.6322115384615384 0.12740384615384615 0.21634615384615385 0.1778846153846154
0 0.6117788461538461 0.28846153846153844 0.18509615384615385 0.15384615384615385
0 0.37259615384615385 0.41346153846153844 0.2932692307692308 0.22115384615384615
0 0.41586538461538464 0.6105769230769231 0.27884615384615385 0.1971153846153846
0 0.5384615384615384 0.46153846153846156 0.16346153846153846 0.18269230769230768
0 0.6694711538461539 0.4375 0.17067307692307693 0.14903846153846154
0 0.625 0.5793269230769231 0.15865384615384615 0.15865384615384615
0 0.7283653846153846 0.5673076923076923 0.09615384615384616 0.12980769230769232
0 0.5264423076923077 0.7355769230769231 0.19230769230769232 0.16346153846153846
0 0.37740384615384615 0.8317307692307693 0.30288461538461536 0.22115384615384615
0 0.7379807692307693 0.6899038461538461 0.13942307692307693 0.12980769230769232
0 0.6634615384615384 0.7355769230769231 0.16346153846153846 0.1778846153846154
0 0.7295673076923077 0.8341346153846154 0.18509615384615385 0.15865384615384615
0 0.5288461538461539 0.9038461538461539 0.22596153846153846 0.1875
4 0.11899038461538461 0.6670673076923077 0.22355769230769232 0.6658653846153846
4 0.04326923076923077 0.22596153846153846 0.07211538461538461 0.23076923076923078
4 0.32572115384615385 0.9699519230769231 0.20432692307692307 0.06009615384615385
4 0.25961538461538464 0.9326923076923077 0.052884615384615384 0.02403846153846154
4 0.23918269230769232 0.9134615384615384 0.03125 0.03365384615384615
4 0.23317307692307693 0.6165865384615384 0.08653846153846154 0.24759615384615385
4 0.7247596153846154 0.9567307692307693 0.21875 0.08653846153846154
4 0.4543269230769231 0.11538461538461539 0.13942307692307693 0.052884615384615384
