0 0.31009615384615385 0.2956730769230769 0.1778846153846154 0.23076923076923078
0 0.4026442307692308 0.4423076923076923 0.17548076923076922 0.25
0 0.23557692307692307 0.5769230769230769 0.20673076923076922 0.28846153846153844
0 0.19230769230769232 0.6129807692307693 0.1875 0.5480769230769231
0 0.42788461538461536 0.23317307692307693 0.12980769230769232 0.07211538461538461
0 0.5697115384615384 0.30288461538461536 0.1971153846153846 0.23557692307692307
0 0.6814903846153846 0.16105769230769232 0.17067307692307693 0.125
0 0.5913461538461539 0.14903846153846154 0.0625 0.10576923076923077
0 0.7644230769230769 0.49278846153846156 0.22596153846153846 0.07692307692307693
0 0.7379807692307693 0.39783653846153844 0.2403846153846154 0.3293269230769231
0 0.5324519230769231 0.4206730769230769 0.24759615384615385 0.34615384615384615
0 0.6442307692307693 0.6586538461538461 0.1778846153846154 0.22115384615384615
0 0.6754807692307693 0.8100961538461539 0.12980769230769232 0.16826923076923078
0 0.6574519230769231 0.8798076923076923 0.0985576923076923 0.057692307692307696
0 0.5889423076923077 0.8798076923076923 0.0625 0.057692307692307696
0 0.6971153846153846 0.9543269230769231 0.11057692307692307 0.07692307692307693
0 0.5360576923076923 0.7752403846153846 0.1201923076923077 0.15144230769230768
0 0.5168269230769231 0.6754807692307693 0.15384615384615385 0.17307692307692307
0 0.4375 0.8966346153846154 0.10096153846153846 0.10096153846153846
0 0.3269230769230769 0.9350961538461539 0.14423076923076922 0.1346153846153846
0 0.39663461538461536 0.7668269230769231 0.1875 0.2403846153846154
0 0.2439903846153846 0.8197115384615384 0.17067307692307693 0.22115384615384615
0 0.4230769230769231 0.9699519230769231 0.1346153846153846 0.06009615384615385
0 0.5252403846153846 0.9098557692307693 0.11298076923076923 0.18028846153846154
0 0.6069711538461539 0.9543269230769231 0.06490384615384616 0.09134615384615384
0 0.6598557692307693 0.9122596153846154 0.10817307692307693 0.17548076923076922
0 0.6790865384615384 0.8004807692307693 0.15625 0.10096153846153846
0 0.3798076923076923 0.6045673076923077 0.11538461538461539 0.08413461538461539
0 0.8245192307692307 0.6201923076923077 0.20673076923076922 0.1346153846153846
0 0.7475961538461539 0.6971153846153846 0.10576923076923077 0.21634615384615385
0 0.8545673076923077 0.7788461538461539 0.13701923076923078 0.16826923076923078
0 0.7704326923076923 0.8990384615384616 0.13701923076923078 0.16826923076923078
0 0.8569711538461539 0.9350961538461539 0.10817307692307693 0.12980769230769232
0 0.7680288461538461 0.21754807692307693 0.07932692307692307 0.08413461538461539
0 0.6730769230769231 0.25721153846153844 0.0625 0.04807692307692308
2 0.890625 0.5480769230769231 0.21875 0.9038461538461539
2 0.13341346153846154 0.5456730769230769 0.25721153846153844 0.9086538461538461
5 0.4014423076923077 0.14182692307692307 0.3701923076923077 0.10096153846153846
5 0.15865384615384615 0.2980769230769231 0.11538461538461539 0.34134615384615385
5 0.38221153846153844 0.609375 0.10096153846153846 0.09375
5 0.14543269230769232 0.7403846153846154 0.026442307692307692 0.11538461538461539
