0 0.5444711538461539 0.5985576923076923 0.22355769230769232 0.17307692307692307
0 0.5252403846153846 0.5841346153846154 0.0985576923076923 0.08653846153846154
0 0.5012019230769231 0.46634615384615385 0.18028846153846154 0.16826923076923078
0 0.8317307692307693 0.22596153846153846 0.21634615384615385 0.3317307692307692
0 0.8689903846153846 0.2536057692307692 0.14182692307692307 0.3245192307692308
0 0.8846153846153846 0.5192307692307693 0.11538461538461539 0.1346153846153846
0 0.8028846153846154 0.5949519230769231 0.15865384615384615 0.18509615384615385
0 0.8413461538461539 0.7788461538461539 0.04807692307692308 0.125
0 0.8028846153846154 0.8629807692307693 0.15865384615384615 0.16346153846153846
0 0.5372596153846154 0.8894230769230769 0.14182692307692307 0.11538461538461539
0 0.546875 0.7884615384615384 0.13701923076923078 0.09615384615384616
0 0.24519230769230768 0.8353365384615384 0.21153846153846154 0.21394230769230768
0 0.17548076923076922 0.640625 0.0673076923076923 0.06971153846153846
0 0.18269230769230768 0.6730769230769231 0.052884615384615384 0.04326923076923077
0 0.19831730769230768 0.5829326923076923 0.055288461538461536 0.06971153846153846
0 0.3125 0.6430288461538461 0.03365384615384615 0.06971153846153846
0 0.24639423076923078 0.5288461538461539 0.0985576923076923 0.07692307692307693
0 0.2091346153846154 0.28966346153846156 0.14423076923076922 0.30528846153846156
0 0.23557692307692307 0.125 0.12980769230769232 0.125
0 0.4254807692307692 0.16105769230769232 0.16826923076923078 0.13942307692307693
0 0.49158653846153844 0.2956730769230769 0.13701923076923078 0.13942307692307693
0 0.5168269230769231 0.11298076923076923 0.1201923076923077 0.10576923076923077
