0 0.5120192307692307 0.49038461538461536 0.4375 0.25
0 0.5444711538461539 0.2620192307692308 0.3581730769230769 0.23076923076923078
0 0.5841346153846154 0.10096153846153846 0.3894230769230769 0.16346153846153846
0 0.34615384615384615 0.1201923076923077 0.22596153846153846 0.22115384615384615
0 0.19471153846153846 0.14903846153846154 0.25 0.20673076923076922
0 0.23317307692307693 0.3701923076923077 0.39903846153846156 0.18269230769230768
0 0.27163461538461536 0.33052884615384615 0.3076923076923077 0.19951923076923078
0 0.15384615384615385 0.5480769230769231 0.2548076923076923 0.2692307692307692
0 0.36658653846153844 0.5528846153846154 0.21875 0.14903846153846154
0 0.4110576923076923 0.6947115384615384 0.3317307692307692 0.20673076923076922
0 0.7139423076923077 0.6298076923076923 0.32211538461538464 0.20673076923076922
0 0.8365384615384616 0.4543269230769231 0.3317307692307692 0.1971153846153846
0 0.7403846153846154 0.28125 0.25 0.1875
0 0.765625 0.7716346153846154 0.31490384615384615 0.15384615384615385
0 0.4735576923076923 0.8581730769230769 0.3317307692307692 0.21634615384615385
0 0.19951923076923078 0.7884615384615384 0.25 0.22115384615384615
0 0.2692307692307692 0.9423076923076923 0.20673076923076922 0.11538461538461539
