0 0.71875 0.11538461538461539 0.3605769230769231 0.21634615384615385
0 0.6514423076923077 0.3004807692307692 0.09134615384615384 0.12980769230769232
0 0.7524038461538461 0.23798076923076922 0.12980769230769232 0.09134615384615384
0 0.7427884615384616 0.33653846153846156 0.09615384615384616 0.10576923076923077
0 0.84375 0.35216346153846156 0.1346153846153846 0.1658653846153846
0 0.8581730769230769 0.24639423076923078 0.09134615384615384 0.06971153846153846
0 0.7956730769230769 0.6334134615384616 0.21634615384615385 0.18509615384615385
0 0.7836538461538461 0.49278846153846156 0.23076923076923078 0.16346153846153846
0 0.6634615384615384 0.49759615384615385 0.08173076923076923 0.0625
0 0.6742788461538461 0.4326923076923077 0.10336538461538461 0.0673076923076923
0 0.6009615384615384 0.390625 0.08173076923076923 0.05048076923076923
0 0.5384615384615384 0.4326923076923077 0.09134615384615384 0.0625
0 0.5504807692307693 0.375 0.08173076923076923 0.0673076923076923
0 0.5793269230769231 0.30288461538461536 0.0625 0.07211538461538461
0 0.5865384615384616 0.49038461538461536 0.09134615384615384 0.057692307692307696
0 0.6225961538461539 0.5432692307692307 0.08173076923076923 0.04807692307692308
0 0.5649038461538461 0.5432692307692307 0.0625 0.0625
0 0.47115384615384615 0.4254807692307692 0.07211538461538461 0.057692307692307696
0 0.4735576923076923 0.36778846153846156 0.08653846153846154 0.057692307692307696
0 0.4831730769230769 0.3088942307692308 0.09134615384615384 0.05048076923076923
0 0.42908653846153844 0.375 0.036057692307692304 0.057692307692307696
0 0.4110576923076923 0.34375 0.0625 0.052884615384615384
0 0.41586538461538464 0.46153846153846156 0.07211538461538461 0.0673076923076923
0 0.3389423076923077 0.4230769230769231 0.07211538461538461 0.052884615384615384
0 0.40625 0.41346153846153844 0.0625 0.03365384615384615
0 0.36778846153846156 0.38461538461538464 0.08173076923076923 0.04807692307692308
0 0.3485576923076923 0.4807692307692308 0.052884615384615384 0.057692307692307696
0 0.28966346153846156 0.3004807692307692 0.24278846153846154 0.16346153846153846
0 0.25 0.20192307692307693 0.14423076923076922 0.057692307692307696
0 0.31850961538461536 0.1658653846153846 0.18509615384615385 0.1778846153846154
0 0.3485576923076923 0.08413461538461539 0.1346153846153846 0.125
0 0.6466346153846154 0.6394230769230769 0.09134615384615384 0.11538461538461539
0 0.546875 0.7932692307692307 0.18028846153846154 0.14903846153846154
0 0.6177884615384616 0.9014423076923077 0.15865384615384615 0.15384615384615385
0 0.7788461538461539 0.9375 0.23076923076923078 0.125
0 0.8401442307692307 0.8245192307692307 0.18028846153846154 0.2932692307692308
0 0.7091346153846154 0.7548076923076923 0.16346153846153846 0.14423076923076922
0 0.7199519230769231 0.8521634615384616 0.10336538461538461 0.08413461538461539
0 0.48677884615384615 0.9122596153846154 0.37259615384615385 0.17548076923076922
0 0.30288461538461536 0.7067307692307693 0.4855769230769231 0.2932692307692308
0 0.2692307692307692 0.4254807692307692 0.13942307692307693 0.10576923076923077
