0 0.3088942307692308 0.3701923076923077 0.24759615384615385 0.3076923076923077
0 0.23076923076923078 0.6971153846153846 0.44711538461538464 0.6105769230769231
0 0.44711538461538464 0.4807692307692308 0.125 0.2692307692307692
0 0.5745192307692307 0.5192307692307693 0.13942307692307693 0.36538461538461536
0 0.5420673076923077 0.30528846153846156 0.22355769230769232 0.27884615384615385
0 0.4026442307692308 0.22596153846153846 0.0889423076923077 0.11057692307692307
0 0.7235576923076923 0.3581730769230769 0.1971153846153846 0.28365384615384615
0 0.6995192307692307 0.6358173076923077 0.3173076923076923 0.3389423076923077
0 0.5132211538461539 0.703125 0.0889423076923077 0.21875
0 0.4519230769230769 0.6754807692307693 0.09134615384615384 0.20673076923076922
0 0.359375 0.8221153846153846 0.11778846153846154 0.27403846153846156
0 0.4266826923076923 0.8245192307692307 0.0985576923076923 0.21153846153846154
0 0.20673076923076922 0.8810096153846154 0.40384615384615385 0.23798076923076922
0 0.4879807692307692 0.8810096153846154 0.08653846153846154 0.23798076923076922
0 0.6201923076923077 0.8701923076923077 0.20192307692307693 0.23557692307692307
0 0.8882211538461539 0.5420673076923077 0.22355769230769232 0.43509615384615385
