0 0.23317307692307693 0.21394230769230768 0.3269230769230769 0.25
0 0.140625 0.6262019230769231 0.2620192307692308 0.2668269230769231
0 0.3894230769230769 0.44471153846153844 0.5240384615384616 0.2692307692307692
0 0.7451923076923077 0.31850961538461536 0.3269230769230769 0.18028846153846154
0 0.5144230769230769 0.1971153846153846 0.3557692307692308 0.21153846153846154
0 0.6394230769230769 0.12620192307692307 0.3798076923076923 0.19951923076923078
0 0.8076923076923077 0.4206730769230769 0.34615384615384615 0.21153846153846154
0 0.7692307692307693 0.6045673076923077 0.46153846153846156 0.27163461538461536
0 0.39663461538461536 0.7596153846153846 0.4182692307692308 0.2932692307692308
0 0.7956730769230769 0.7788461538461539 0.40384615384615385 0.20673076923076922
0 0.6081730769230769 0.8569711538461539 0.35096153846153844 0.22355769230769232
