0 0.90625 0.5264423076923077 0.1875 0.40865384615384615
0 0.8389423076923077 0.7800480769230769 0.32211538461538464 0.21875
0 0.8293269230769231 0.8737980769230769 0.34134615384615385 0.14182692307692307
0 0.8485576923076923 0.9495192307692307 0.30288461538461536 0.09615384615384616
0 0.3112980769230769 0.8497596153846154 0.12740384615384615 0.2956730769230769
0 0.44591346153846156 0.8509615384615384 0.13701923076923078 0.28846153846153844
0 0.45913461538461536 0.9387019230769231 0.4326923076923077 0.11778846153846154
0 0.36177884615384615 0.9831730769230769 0.06971153846153846 0.028846153846153848
0 0.6346153846153846 0.7259615384615384 0.3605769230769231 0.4375
0 0.140625 0.8365384615384616 0.23798076923076922 0.12980769230769232
0 0.09495192307692307 0.7908653846153846 0.18509615384615385 0.36538461538461536
0 0.1814903846153846 0.6165865384615384 0.0985576923076923 0.06490384615384616
0 0.22956730769230768 0.5745192307692307 0.06009615384615385 0.125
0 0.2848557692307692 0.6105769230769231 0.026442307692307692 0.07692307692307693
0 0.20673076923076922 0.6706730769230769 0.40865384615384615 0.1778846153846154
0 0.2548076923076923 0.6057692307692307 0.5 0.20192307692307693
0 0.4423076923076923 0.4831730769230769 0.1971153846153846 0.28365384615384615
0 0.5853365384615384 0.4495192307692308 0.1466346153846154 0.27884615384615385
0 0.6346153846153846 0.5625 0.09134615384615384 0.125
0 0.7259615384615384 0.46634615384615385 0.10576923076923077 0.23076923076923078
0 0.7836538461538461 0.5733173076923077 0.057692307692307696 0.19471153846153846
0 0.7331730769230769 0.23197115384615385 0.23557692307692307 0.37259615384615385
0 0.9098557692307693 0.11057692307692307 0.12740384615384615 0.21153846153846154
0 0.9699519230769231 0.038461538461538464 0.06009615384615385 0.07211538461538461
0 0.8040865384615384 0.030048076923076924 0.0889423076923077 0.05048076923076923
0 0.042067307692307696 0.4254807692307692 0.07451923076923077 0.1971153846153846
0 0.02283653846153846 0.2692307692307692 0.036057692307692304 0.1346153846153846
0 0.056490384615384616 0.1658653846153846 0.10817307692307693 0.23076923076923078
0 0.13701923076923078 0.2644230769230769 0.08173076923076923 0.3557692307692308
0 0.20192307692307693 0.30288461538461536 0.09134615384615384 0.14903846153846154
0 0.30649038461538464 0.24879807692307693 0.0985576923076923 0.11298076923076923
0 0.3485576923076923 0.21033653846153846 0.11057692307692307 0.14182692307692307
0 0.15264423076923078 0.09615384615384616 0.0985576923076923 0.18269230769230768
0 0.22956730769230768 0.06610576923076923 0.06490384615384616 0.0889423076923077
0 0.2548076923076923 0.15144230769230768 0.08653846153846154 0.09615384615384616
0 0.25 0.21995192307692307 0.028846153846153848 0.11298076923076923
0 0.32572115384615385 0.11538461538461539 0.06971153846153846 0.07211538461538461
0 0.2848557692307692 0.09134615384615384 0.05048076923076923 0.057692307692307696
0 0.36778846153846156 0.055288461538461536 0.052884615384615384 0.09615384615384616
0 0.3389423076923077 0.042067307692307696 0.03365384615384615 0.07451923076923077
0 0.3076923076923077 0.019230769230769232 0.028846153846153848 0.028846153846153848
0 0.4651442307692308 0.15865384615384615 0.10336538461538461 0.14903846153846154
0 0.4362980769230769 0.2860576923076923 0.06971153846153846 0.12980769230769232
0 0.44471153846153844 0.11057692307692307 0.11538461538461539 0.10576923076923077
0 0.5192307692307693 0.109375 0.11538461538461539 0.1658653846153846
0 0.6502403846153846 0.15745192307692307 0.2764423076923077 0.30528846153846156
0 0.484375 0.013221153846153846 0.12259615384615384 0.016826923076923076
