0 0.8918269230769231 0.9350961538461539 0.11538461538461539 0.125
0 0.9711538461538461 0.9435096153846154 0.057692307692307696 0.10817307692307693
0 0.9651442307692307 0.8449519230769231 0.06971153846153846 0.12740384615384615
0 0.9098557692307693 0.8257211538461539 0.08413461538461539 0.10817307692307693
0 0.828125 0.9122596153846154 0.09375 0.12740384615384615
0 0.8221153846153846 0.7752403846153846 0.10096153846153846 0.17548076923076922
0 0.7956730769230769 0.6430288461538461 0.14903846153846154 0.17548076923076922
0 0.8978365384615384 0.6177884615384616 0.055288461538461536 0.09615384615384616
0 0.8882211538461539 0.7091346153846154 0.06490384615384616 0.125
0 0.9326923076923077 0.7295673076923077 0.038461538461538464 0.10336538461538461
0 0.7632211538461539 0.5372596153846154 0.09375 0.10817307692307693
0 0.7908653846153846 0.4375 0.15384615384615385 0.15865384615384615
0 0.9074519230769231 0.4326923076923077 0.18028846153846154 0.27403846153846156
0 0.9615384615384616 0.6117788461538461 0.07211538461538461 0.11298076923076923
0 0.9675480769230769 0.71875 0.06009615384615385 0.1346153846153846
0 0.8076923076923077 0.2403846153846154 0.11057692307692307 0.14423076923076922
0 0.9002403846153846 0.2692307692307692 0.11298076923076923 0.13942307692307693
0 0.9651442307692307 0.2536057692307692 0.06971153846153846 0.10817307692307693
0 0.6802884615384616 0.5216346153846154 0.0673076923076923 0.13942307692307693
0 0.8533653846153846 0.10817307692307693 0.28846153846153844 0.21153846153846154
0 0.9675480769230769 0.09014423076923077 0.06009615384615385 0.1658653846153846
0 0.5997596153846154 0.34975961538461536 0.12740384615384615 0.17067307692307693
0 0.6370192307692307 0.4326923076923077 0.057692307692307696 0.08653846153846154
0 0.6394230769230769 0.4855769230769231 0.04807692307692308 0.0673076923076923
0 0.5841346153846154 0.45072115384615385 0.057692307692307696 0.12259615384615384
0 0.6442307692307693 0.5348557692307693 0.038461538461538464 0.040865384615384616
0 0.5180288461538461 0.36778846153846156 0.0889423076923077 0.14423076923076922
0 0.5060096153846154 0.49158653846153844 0.10817307692307693 0.17548076923076922
0 0.5889423076923077 0.5697115384615384 0.11538461538461539 0.1346153846153846
0 0.6622596153846154 0.6466346153846154 0.08413461538461539 0.125
0 0.5408653846153846 0.6598557692307693 0.10576923076923077 0.16105769230769232
0 0.5997596153846154 0.6935096153846154 0.05048076923076923 0.11298076923076923
0 0.71875 0.8786057692307693 0.1346153846153846 0.17548076923076922
0 0.7644230769230769 0.9663461538461539 0.09615384615384616 0.0625
0 0.7103365384615384 0.7728365384615384 0.14182692307692307 0.16105769230769232
0 0.7103365384615384 0.5637019230769231 0.10336538461538461 0.23798076923076922
0 0.5793269230769231 0.7848557692307693 0.10576923076923077 0.10817307692307693
0 0.5925480769230769 0.8966346153846154 0.22355769230769232 0.20192307692307693
0 0.4266826923076923 0.9375 0.12740384615384615 0.1201923076923077
0 0.43509615384615385 0.8112980769230769 0.09134615384615384 0.12259615384615384
0 0.4831730769230769 0.7415865384615384 0.1201923076923077 0.10817307692307693
0 0.43990384615384615 0.6346153846153846 0.13942307692307693 0.13942307692307693
0 0.38822115384615385 0.5204326923076923 0.13221153846153846 0.12740384615384615
0 0.2932692307692308 0.47115384615384615 0.07692307692307693 0.09134615384615384
0 0.2668269230769231 0.5588942307692307 0.10576923076923077 0.15625
0 0.3076923076923077 0.6286057692307693 0.11538461538461539 0.18028846153846154
0 0.3629807692307692 0.7115384615384616 0.13942307692307693 0.19230769230769232
0 0.30528846153846156 0.8497596153846154 0.14423076923076922 0.16105769230769232
0 0.36658653846153844 0.9182692307692307 0.06971153846153846 0.13942307692307693
0 0.2704326923076923 0.9483173076923077 0.14182692307692307 0.0985576923076923
0 0.23317307692307693 0.7475961538461539 0.09615384615384616 0.14903846153846154
0 0.22956730769230768 0.6105769230769231 0.05048076923076923 0.125
0 0.16706730769230768 0.6778846153846154 0.07451923076923077 0.1346153846153846
0 0.5144230769230769 0.07451923076923077 0.15865384615384615 0.14423076923076922
0 0.5456730769230769 0.22115384615384615 0.1346153846153846 0.14903846153846154
0 0.24879807692307693 0.04447115384615385 0.0985576923076923 0.08413461538461539
0 0.3942307692307692 0.046875 0.10576923076923077 0.0889423076923077
0 0.36538461538461536 0.08173076923076923 0.0625 0.08653846153846154
0 0.4254807692307692 0.1502403846153846 0.07211538461538461 0.10817307692307693
0 0.43509615384615385 0.24519230769230768 0.08653846153846154 0.14423076923076922
0 0.3557692307692308 0.21995192307692307 0.07211538461538461 0.18509615384615385
0 0.3088942307692308 0.12620192307692307 0.06490384615384616 0.10336538461538461
0 0.31490384615384615 0.23197115384615385 0.038461538461538464 0.0889423076923077
0 0.46153846153846156 0.3293269230769231 0.038461538461538464 0.13942307692307693
0 0.6021634615384616 0.03485576923076923 0.03125 0.03125
0 0.6298076923076923 0.046875 0.03365384615384615 0.036057692307692304
0 0.6310096153846154 0.09735576923076923 0.026442307692307692 0.036057692307692304
0 0.6081730769230769 0.09495192307692307 0.02403846153846154 0.040865384615384616
0 0.6646634615384616 0.11778846153846154 0.036057692307692304 0.04807692307692308
0 0.6959134615384616 0.109375 0.026442307692307692 0.036057692307692304
0 0.7007211538461539 0.1466346153846154 0.03125 0.052884615384615384
0 0.6622596153846154 0.16706730769230768 0.04567307692307692 0.05048076923076923
0 0.6286057692307693 0.12860576923076922 0.03125 0.036057692307692304
0 0.6045673076923077 0.13341346153846154 0.021634615384615384 0.036057692307692304
0 0.6177884615384616 0.17548076923076922 0.03365384615384615 0.04807692307692308
0 0.6526442307692307 0.21875 0.040865384615384616 0.0625
0 0.6237980769230769 0.21754807692307693 0.021634615384615384 0.036057692307692304
0 0.6995192307692307 0.203125 0.03365384615384615 0.05048076923076923
0 0.7355769230769231 0.19110576923076922 0.038461538461538464 0.055288461538461536
0 0.7019230769230769 0.25600961538461536 0.038461538461538464 0.040865384615384616
0 0.7319711538461539 0.24759615384615385 0.03125 0.057692307692307696
0 0.6634615384615384 0.28365384615384615 0.038461538461538464 0.04807692307692308
0 0.6298076923076923 0.27283653846153844 0.03365384615384615 0.04567307692307692
0 0.6838942307692307 0.3389423076923077 0.05048076923076923 0.07211538461538461
0 0.7283653846153846 0.30408653846153844 0.04807692307692308 0.04567307692307692
0 0.7608173076923077 0.30408653846153844 0.036057692307692304 0.04567307692307692
0 0.7716346153846154 0.33774038461538464 0.038461538461538464 0.040865384615384616
0 0.7259615384615384 0.35336538461538464 0.0673076923076923 0.052884615384615384
0 0.6814903846153846 0.38341346153846156 0.03125 0.03125
0 0.21634615384615385 0.12379807692307693 0.1201923076923077 0.055288461538461536
0 0.1875 0.1622596153846154 0.1201923076923077 0.08413461538461539
0 0.2620192307692308 0.18509615384615385 0.038461538461538464 0.0673076923076923
0 0.24519230769230768 0.24519230769230768 0.057692307692307696 0.07211538461538461
0 0.29927884615384615 0.28365384615384615 0.06009615384615385 0.08653846153846154
0 0.1778846153846154 0.20432692307692307 0.07211538461538461 0.07211538461538461
0 0.1466346153846154 0.25240384615384615 0.11538461538461539 0.19230769230769232
0 0.22596153846153846 0.3473557692307692 0.0625 0.06009615384615385
0 0.2512019230769231 0.31971153846153844 0.06971153846153846 0.09615384615384616
0 0.2692307692307692 0.3786057692307692 0.12980769230769232 0.06009615384615385
0 0.10096153846153846 0.22355769230769232 0.1201923076923077 0.20673076923076922
0 0.13581730769230768 0.515625 0.11298076923076923 0.0889423076923077
0 0.021634615384615384 0.25961538461538464 0.038461538461538464 0.052884615384615384
0 0.2439903846153846 0.4483173076923077 0.15144230769230768 0.12740384615384615
0 0.09134615384615384 0.3112980769230769 0.11538461538461539 0.25721153846153844
0 0.17427884615384615 0.4230769230769231 0.11298076923076923 0.1201923076923077
0 0.12379807692307693 0.4375 0.040865384615384616 0.04807692307692308
0 0.09254807692307693 0.4483173076923077 0.036057692307692304 0.04567307692307692
0 0.07211538461538461 0.4230769230769231 0.038461538461538464 0.04807692307692308
0 0.06009615384615385 0.3786057692307692 0.04807692307692308 0.040865384615384616
0 0.06610576923076923 0.5456730769230769 0.040865384615384616 0.04807692307692308
0 0.21514423076923078 0.8737980769230769 0.055288461538461536 0.06009615384615385
0 0.1875 0.9146634615384616 0.052884615384615384 0.06009615384615385
0 0.17067307692307693 0.8497596153846154 0.04326923076923077 0.055288461538461536
0 0.14302884615384615 0.8365384615384616 0.06971153846153846 0.07692307692307693
0 0.1045673076923077 0.7932692307692307 0.040865384615384616 0.0673076923076923
0 0.14302884615384615 0.7704326923076923 0.05048076923076923 0.06009615384615385
0 0.10697115384615384 0.9122596153846154 0.055288461538461536 0.055288461538461536
0 0.06009615384615385 0.8774038461538461 0.0625 0.0673076923076923
0 0.09735576923076923 0.8677884615384616 0.026442307692307692 0.019230769230769232
0 0.015625 0.8557692307692307 0.026442307692307692 0.07692307692307693
0 0.054086538461538464 0.8293269230769231 0.05048076923076923 0.02403846153846154
0 0.03365384615384615 0.7908653846153846 0.0625 0.052884615384615384
0 0.06850961538461539 0.7644230769230769 0.055288461538461536 0.0673076923076923
0 0.078125 0.7235576923076923 0.040865384615384616 0.052884615384615384
0 0.11658653846153846 0.7115384615384616 0.040865384615384616 0.07692307692307693
0 0.030048076923076924 0.7271634615384616 0.055288461538461536 0.07932692307692307
0 0.046875 0.6670673076923077 0.040865384615384616 0.06009615384615385
0 0.0625 0.6394230769230769 0.03365384615384615 0.04807692307692308
0 0.10096153846153846 0.6574519230769231 0.04326923076923077 0.05048076923076923
0 0.015625 0.6610576923076923 0.026442307692307692 0.07692307692307693
0 0.0625 0.5925480769230769 0.03365384615384615 0.04567307692307692
0 0.027644230769230768 0.5228365384615384 0.05048076923076923 0.06009615384615385
0 0.010817307692307692 0.546875 0.016826923076923076 0.06971153846153846
0 0.06129807692307692 0.5096153846153846 0.03125 0.02403846153846154
