0 0.9567307692307693 0.8846153846153846 0.08173076923076923 0.1346153846153846
0 0.9411057692307693 0.6766826923076923 0.11298076923076923 0.29086538461538464
0 0.9194711538461539 0.4098557692307692 0.16105769230769232 0.27163461538461536
0 0.8605769230769231 0.11298076923076923 0.27403846153846156 0.19230769230769232
0 0.9170673076923077 0.2848557692307692 0.1658653846153846 0.16105769230769232
0 0.7740384615384616 0.31971153846153844 0.17307692307692307 0.22115384615384615
0 0.7716346153846154 0.19591346153846154 0.11538461538461539 0.08413461538461539
0 0.8401442307692307 0.5576923076923077 0.12259615384615384 0.1346153846153846
0 0.7872596153846154 0.6754807692307693 0.11298076923076923 0.19230769230769232
0 0.890625 0.7307692307692307 0.11298076923076923 0.20192307692307693
0 0.8774038461538461 0.8870192307692307 0.08653846153846154 0.12980769230769232
0 0.734375 0.8161057692307693 0.2091346153846154 0.27163461538461536
0 0.625 0.9098557692307693 0.11057692307692307 0.08413461538461539
0 0.5228365384615384 0.9038461538461539 0.11778846153846154 0.09615384615384616
0 0.4951923076923077 0.7283653846153846 0.1971153846153846 0.2548076923076923
0 0.6081730769230769 0.7716346153846154 0.09615384615384616 0.13942307692307693
0 0.6574519230769231 0.6105769230769231 0.17067307692307693 0.19230769230769232
0 0.35216346153846156 0.7391826923076923 0.12259615384615384 0.18509615384615385
0 0.3233173076923077 0.8798076923076923 0.18509615384615385 0.10576923076923077
0 0.06971153846153846 0.8028846153846154 0.1346153846153846 0.23076923076923078
0 0.06971153846153846 0.7439903846153846 0.1346153846153846 0.41586538461538464
0 0.14182692307692307 0.3894230769230769 0.22596153846153846 0.25961538461538464
0 0.10336538461538461 0.17307692307692307 0.19230769230769232 0.2403846153846154
0 0.22716346153846154 0.15865384615384615 0.11778846153846154 0.20192307692307693
0 0.34134615384615385 0.13581730769230768 0.125 0.12740384615384615
0 0.4723557692307692 0.13822115384615385 0.19951923076923078 0.17067307692307693
0 0.484375 0.3016826923076923 0.25240384615384615 0.24759615384615385
0 0.6502403846153846 0.29927884615384615 0.11298076923076923 0.18990384615384615
0 0.6141826923076923 0.1935096153846154 0.0889423076923077 0.07932692307692307
0 0.6514423076923077 0.09375 0.18269230769230768 0.18269230769230768
0 0.7716346153846154 0.018028846153846152 0.12980769230769232 0.03125
0 0.8473557692307693 0.03485576923076923 0.05048076923076923 0.04567307692307692
0 0.9435096153846154 0.015625 0.11298076923076923 0.026442307692307692
0 0.44591346153846156 0.040865384615384616 0.23317307692307693 0.07692307692307693
0 0.08413461538461539 0.040865384615384616 0.16346153846153846 0.07692307692307693
0 0.3605769230769231 0.5024038461538461 0.17307692307692307 0.3173076923076923
0 0.5612980769230769 0.49038461538461536 0.21394230769230768 0.23076923076923078
0 0.23918269230769232 0.7331730769230769 0.10336538461538461 0.21634615384615385
0 0.18629807692307693 0.625 0.07451923076923077 0.10096153846153846
0 0.5012019230769231 0.47836538461538464 0.9975961538461539 0.9519230769230769
