0 0.2932692307692308 0.38461538461538464 0.5673076923076923 0.4375
0 0.07451923076923077 0.5961538461538461 0.12980769230769232 0.0625
0 0.037259615384615384 0.6237980769230769 0.055288461538461536 0.08413461538461539
0 0.09134615384615384 0.6754807692307693 0.11057692307692307 0.08653846153846154
0 0.06009615384615385 0.7319711538461539 0.10096153846153846 0.13221153846153846
0 0.22115384615384615 0.18389423076923078 0.4230769230769231 0.19471153846153846
0 0.07451923076923077 0.051682692307692304 0.12980769230769232 0.0985576923076923
0 0.37259615384615385 0.7956730769230769 0.6009615384615384 0.40865384615384615
0 0.5961538461538461 0.7307692307692307 0.6634615384615384 0.46634615384615385
0 0.9122596153846154 0.5817307692307693 0.17548076923076922 0.40384615384615385
0 0.6394230769230769 0.13341346153846154 0.3701923076923077 0.2620192307692308
0 0.5432692307692307 0.2860576923076923 0.24519230769230768 0.14423076923076922
3 0.7427884615384616 0.42788461538461536 0.46634615384615385 0.35096153846153844
