0 0.4170673076923077 0.29086538461538464 0.21875 0.3317307692307692
0 0.5456730769230769 0.4483173076923077 0.25 0.34375
0 0.7764423076923077 0.5384615384615384 0.24519230769230768 0.3701923076923077
0 0.7920673076923077 0.27403846153846156 0.23317307692307693 0.2692307692307692
0 0.6129807692307693 0.17668269230769232 0.21153846153846154 0.2956730769230769
0 0.06490384615384616 0.6394230769230769 0.11057692307692307 0.5096153846153846
0 0.15865384615384615 0.6418269230769231 0.11057692307692307 0.5576923076923077
0 0.7043269230769231 0.828125 0.4230769230769231 0.3389423076923077
0 0.5600961538461539 0.8461538461538461 0.21153846153846154 0.09134615384615384
0 0.6129807692307693 0.9459134615384616 0.7451923076923077 0.10336538461538461
0 0.31850961538461536 0.90625 0.2620192307692308 0.09134615384615384
0 0.9158653846153846 0.15264423076923078 0.16826923076923078 0.18028846153846154
0 0.8737980769230769 0.036057692307692304 0.05048076923076923 0.0673076923076923
0 0.6490384615384616 0.08413461538461539 0.375 0.16346153846153846
0 0.23317307692307693 0.1971153846153846 0.4567307692307692 0.3894230769230769
