0 0.3701923076923077 0.35697115384615385 0.3076923076923077 0.25721153846153844
0 0.36899038461538464 0.17067307692307693 0.0985576923076923 0.07211538461538461
0 0.390625 0.09254807692307693 0.09375 0.08413461538461539
0 0.4963942307692308 0.08413461538461539 0.09375 0.052884615384615384
0 0.47836538461538464 0.1466346153846154 0.11057692307692307 0.08173076923076923
0 0.45552884615384615 0.20552884615384615 0.08413461538461539 0.06009615384615385
0 0.5877403846153846 0.14903846153846154 0.0985576923076923 0.0673076923076923
0 0.5588942307692307 0.2127403846153846 0.08413461538461539 0.08413461538461539
0 0.6153846153846154 0.25240384615384615 0.052884615384615384 0.04807692307692308
0 0.8004807692307693 0.23076923076923078 0.39903846153846156 0.3557692307692308
0 0.4254807692307692 0.2692307692307692 0.2932692307692308 0.20192307692307693
0 0.9110576923076923 0.45913461538461536 0.15384615384615385 0.27884615384615385
0 0.6802884615384616 0.5384615384615384 0.34615384615384615 0.5096153846153846
0 0.49038461538461536 0.6706730769230769 0.6298076923076923 0.3557692307692308
0 0.3004807692307692 0.7475961538461539 0.38461538461538464 0.3173076923076923
0 0.7295673076923077 0.8870192307692307 0.5408653846153846 0.23076923076923078
0 0.36538461538461536 0.9362980769230769 0.28846153846153844 0.12740384615384615
