0 0.16105769230769232 0.8317307692307693 0.18269230769230768 0.20673076923076922
0 0.12740384615384615 0.9651442307692307 0.1346153846153846 0.06490384615384616
0 0.18509615384615385 0.6586538461538461 0.1346153846153846 0.1201923076923077
0 0.8052884615384616 0.5612980769230769 0.35096153846153844 0.4735576923076923
0 0.5144230769230769 0.7788461538461539 0.33653846153846156 0.4375
0 0.33413461538461536 0.9423076923076923 0.15384615384615385 0.11057692307692307
0 0.71875 0.8810096153846154 0.21634615384615385 0.23317307692307693
0 0.9146634615384616 0.7379807692307693 0.17067307692307693 0.5240384615384616
0 0.8389423076923077 0.8557692307692307 0.08653846153846154 0.15865384615384615
0 0.7608173076923077 0.8161057692307693 0.06009615384615385 0.0889423076923077
0 0.9350961538461539 0.30528846153846156 0.12980769230769232 0.36538461538461536
0 0.9471153846153846 0.09375 0.10576923076923077 0.18269230769230768
0 0.7740384615384616 0.17067307692307693 0.32211538461538464 0.33653846153846156
0 0.5276442307692307 0.28725961538461536 0.3245192307692308 0.4735576923076923
0 0.41346153846153844 0.057692307692307696 0.19230769230769232 0.11057692307692307
0 0.19951923076923078 0.18028846153846154 0.15865384615384615 0.35096153846153844
0 0.12259615384615384 0.2704326923076923 0.019230769230769232 0.03125
0 0.0625 0.3762019230769231 0.014423076923076924 0.03125
0 0.12139423076923077 0.42427884615384615 0.026442307692307692 0.03125
0 0.08774038461538461 0.53125 0.026442307692307692 0.038461538461538464
0 0.13221153846153846 0.5625 0.028846153846153848 0.04807692307692308
0 0.11057692307692307 0.5733173076923077 0.019230769230769232 0.026442307692307692
0 0.2668269230769231 0.45913461538461536 0.2644230769230769 0.34134615384615385
0 0.30408653846153844 0.6706730769230769 0.09375 0.125
0 0.31850961538461536 0.7788461538461539 0.09375 0.20673076923076922
0 0.19471153846153846 0.6706730769230769 0.12980769230769232 0.11538461538461539
0 0.3173076923076923 0.27163461538461536 0.125 0.15865384615384615
