0 0.7283653846153846 0.5060096153846154 0.2548076923076923 0.19471153846153846
0 0.875 0.5072115384615384 0.04807692307692308 0.15865384615384615
0 0.7980769230769231 0.6682692307692307 0.20192307692307693 0.14423076923076922
0 0.6394230769230769 0.6983173076923077 0.20673076923076922 0.17548076923076922
0 0.5 0.5072115384615384 0.24519230769230768 0.22115384615384615
0 0.36538461538461536 0.47115384615384615 0.13942307692307693 0.14903846153846154
0 0.37740384615384615 0.6129807692307693 0.14423076923076922 0.1346153846153846
0 0.44591346153846156 0.7403846153846154 0.15625 0.1346153846153846
0 0.4831730769230769 0.6430288461538461 0.10576923076923077 0.08413461538461539
0 0.41346153846153844 0.8653846153846154 0.125 0.09134615384615384
0 0.2860576923076923 0.8533653846153846 0.11057692307692307 0.16826923076923078
0 0.3581730769230769 0.7439903846153846 0.11538461538461539 0.12259615384615384
0 0.2608173076923077 0.7800480769230769 0.0889423076923077 0.14182692307692307
0 0.2403846153846154 0.6129807692307693 0.12980769230769232 0.19230769230769232
0 0.12379807692307693 0.49759615384615385 0.15625 0.1346153846153846
0 0.109375 0.640625 0.16105769230769232 0.12259615384615384
0 0.12259615384615384 0.7199519230769231 0.1346153846153846 0.08413461538461539
0 0.06850961538461539 0.7644230769230769 0.0889423076923077 0.09615384615384616
0 0.03125 0.6947115384615384 0.057692307692307696 0.09134615384615384
0 0.16105769230769232 0.8834134615384616 0.11057692307692307 0.10336538461538461
0 0.7451923076923077 0.8533653846153846 0.2980769230769231 0.22596153846153846
