0 0.8173076923076923 0.17548076923076922 0.3605769230769231 0.33653846153846156
0 0.59375 0.08173076923076923 0.0673076923076923 0.0625
0 0.6165865384615384 0.12740384615384615 0.06009615384615385 0.0625
0 0.625 0.08413461538461539 0.04326923076923077 0.028846153846153848
0 0.5865384615384616 0.19230769230769232 0.15384615384615385 0.057692307692307696
0 0.6670673076923077 0.22596153846153846 0.06009615384615385 0.07692307692307693
0 0.6129807692307693 0.2608173076923077 0.07211538461538461 0.036057692307692304
0 0.6105769230769231 0.7283653846153846 0.0673076923076923 0.0625
0 0.2824519230769231 0.056490384615384616 0.21875 0.0985576923076923
0 0.5612980769230769 0.23317307692307693 0.0985576923076923 0.0673076923076923
0 0.5192307692307693 0.1971153846153846 0.04807692307692308 0.038461538461538464
0 0.5096153846153846 0.13221153846153846 0.038461538461538464 0.09134615384615384
0 0.5576923076923077 0.1310096153846154 0.07211538461538461 0.0985576923076923
0 0.4951923076923077 0.23918269230769232 0.0673076923076923 0.036057692307692304
0 0.4831730769230769 0.20192307692307693 0.03365384615384615 0.038461538461538464
0 0.5048076923076923 0.28125 0.052884615384615384 0.04807692307692308
0 0.4567307692307692 0.2668269230769231 0.0673076923076923 0.03365384615384615
0 0.44471153846153844 0.24278846153846154 0.03365384615384615 0.014423076923076924
0 0.3894230769230769 0.27403846153846156 0.09134615384615384 0.038461538461538464
0 0.4519230769230769 0.3112980769230769 0.052884615384615384 0.05048076923076923
0 0.39903846153846156 0.3076923076923077 0.08173076923076923 0.02403846153846154
0 0.3641826923076923 0.34375 0.021634615384615384 0.02403846153846154
0 0.38341346153846156 0.32211538461538464 0.016826923076923076 0.014423076923076924
0 0.4014423076923077 0.35096153846153844 0.04326923076923077 0.04807692307692308
0 0.4375 0.359375 0.028846153846153848 0.05048076923076923
0 0.5649038461538461 0.0673076923076923 0.2403846153846154 0.1201923076923077
0 0.29086538461538464 0.13701923076923078 0.19230769230769232 0.08173076923076923
0 0.18990384615384615 0.2620192307692308 0.3701923076923077 0.24519230769230768
0 0.4254807692307692 0.18509615384615385 0.125 0.125
0 0.22115384615384615 0.40384615384615385 0.1875 0.10096153846153846
0 0.2512019230769231 0.46033653846153844 0.13701923076923078 0.08413461538461539
0 0.37740384615384615 0.44471153846153844 0.125 0.1201923076923077
0 0.5733173076923077 0.3629807692307692 0.25721153846153844 0.18269230769230768
0 0.6021634615384616 0.5841346153846154 0.25721153846153844 0.25
0 0.7836538461538461 0.44350961538461536 0.42788461538461536 0.31971153846153844
0 0.5877403846153846 0.9170673076923077 0.17548076923076922 0.1658653846153846
0 0.22956730769230768 0.9122596153846154 0.43509615384615385 0.17548076923076922
0 0.19951923076923078 0.6971153846153846 0.3942307692307692 0.2548076923076923
0 0.27884615384615385 0.5360576923076923 0.16826923076923078 0.052884615384615384
0 0.4855769230769231 0.8629807692307693 0.09134615384615384 0.0625
0 0.4639423076923077 0.8221153846153846 0.08173076923076923 0.052884615384615384
0 0.46153846153846156 0.7283653846153846 0.0673076923076923 0.052884615384615384
0 0.4423076923076923 0.7764423076923077 0.07211538461538461 0.04807692307692308
0 0.43028846153846156 0.71875 0.0673076923076923 0.052884615384615384
0 0.43028846153846156 0.6754807692307693 0.052884615384615384 0.028846153846153848
0 0.41346153846153844 0.6274038461538461 0.04326923076923077 0.04807692307692308
0 0.40384615384615385 0.59375 0.04807692307692308 0.02403846153846154
0 0.4182692307692308 0.5673076923076923 0.04326923076923077 0.02403846153846154
0 0.4567307692307692 0.6237980769230769 0.04326923076923077 0.05048076923076923
0 0.5420673076923077 0.7331730769230769 0.06009615384615385 0.0673076923076923
0 0.5985576923076923 0.7548076923076923 0.0673076923076923 0.052884615384615384
0 0.5745192307692307 0.8125 0.07211538461538461 0.0673076923076923
0 0.5300480769230769 0.7788461538461539 0.06009615384615385 0.04807692307692308
0 0.8221153846153846 0.7932692307692307 0.3605769230769231 0.41346153846153844
