0 0.46153846153846156 0.17067307692307693 0.46153846153846156 0.27884615384615385
0 0.26322115384615385 0.04567307692307692 0.14182692307692307 0.08173076923076923
0 0.1045673076923077 0.06971153846153846 0.18990384615384615 0.125
0 0.14543269230769232 0.16826923076923078 0.10817307692307693 0.07211538461538461
0 0.23317307692307693 0.13221153846153846 0.038461538461538464 0.03365384615384615
0 0.5144230769230769 0.04567307692307692 0.052884615384615384 0.038461538461538464
0 0.6153846153846154 0.02403846153846154 0.09134615384615384 0.03365384615384615
0 0.7932692307692307 0.09615384615384616 0.34134615384615385 0.1778846153846154
0 0.9086538461538461 0.3485576923076923 0.18269230769230768 0.20673076923076922
0 0.9435096153846154 0.15745192307692307 0.11298076923076923 0.1658653846153846
0 0.8774038461538461 0.4375 0.052884615384615384 0.028846153846153848
0 0.7199519230769231 0.4567307692307692 0.18509615384615385 0.28846153846153844
0 0.7283653846153846 0.2764423076923077 0.11538461538461539 0.07211538461538461
0 0.5192307692307693 0.3389423076923077 0.09615384615384616 0.057692307692307696
0 0.5625 0.4375 0.1971153846153846 0.125
0 0.7019230769230769 0.44350961538461536 0.08173076923076923 0.06971153846153846
0 0.42788461538461536 0.3798076923076923 0.052884615384615384 0.04326923076923077
0 0.2920673076923077 0.3894230769230769 0.14182692307692307 0.08173076923076923
0 0.171875 0.2932692307692308 0.14182692307692307 0.10576923076923077
0 0.052884615384615384 0.25721153846153844 0.08653846153846154 0.20673076923076922
0 0.12740384615384615 0.4735576923076923 0.2403846153846154 0.18269230769230768
0 0.2692307692307692 0.40024038461538464 0.3798076923076923 0.17548076923076922
0 0.9495192307692307 0.5348557692307693 0.04326923076923077 0.021634615384615384
0 0.9471153846153846 0.5168269230769231 0.04807692307692308 0.019230769230769232
0 0.9014423076923077 0.5456730769230769 0.04807692307692308 0.028846153846153848
0 0.9591346153846154 0.5697115384615384 0.052884615384615384 0.03365384615384615
0 0.9867788461538461 0.5360576923076923 0.026442307692307692 0.04807692307692308
0 0.96875 0.5985576923076923 0.04807692307692308 0.03365384615384615
0 0.9242788461538461 0.5901442307692307 0.06009615384615385 0.021634615384615384
0 0.9399038461538461 0.6153846153846154 0.04807692307692308 0.02403846153846154
0 0.9795673076923077 0.625 0.040865384615384616 0.019230769230769232
0 0.9903846153846154 0.6466346153846154 0.019230769230769232 0.019230769230769232
0 0.9927884615384616 0.5985576923076923 0.014423076923076924 0.03365384615384615
0 0.9975961538461539 0.5697115384615384 0.009615384615384616 0.019230769230769232
0 0.6682692307692307 0.5264423076923077 0.07211538461538461 0.038461538461538464
0 0.2980769230769231 0.5144230769230769 0.09134615384615384 0.052884615384615384
0 0.28125 0.5949519230769231 0.3798076923076923 0.16105769230769232
0 0.20673076923076922 0.6021634615384616 0.09134615384615384 0.036057692307692304
0 0.05889423076923077 0.5985576923076923 0.10336538461538461 0.11057692307692307
0 0.36538461538461536 0.7115384615384616 0.08173076923076923 0.057692307692307696
0 0.23557692307692307 0.7331730769230769 0.08653846153846154 0.052884615384615384
0 0.09375 0.7944711538461539 0.16826923076923078 0.20432692307692307
0 0.0625 0.6826923076923077 0.07692307692307693 0.028846153846153848
0 0.5096153846153846 0.7572115384615384 0.08653846153846154 0.03365384615384615
0 0.7091346153846154 0.7139423076923077 0.08653846153846154 0.057692307692307696
0 0.7932692307692307 0.6610576923076923 0.15865384615384615 0.08653846153846154
0 0.8088942307692307 0.7211538461538461 0.2668269230769231 0.1971153846153846
0 0.6358173076923077 0.7692307692307693 0.10336538461538461 0.07211538461538461
0 0.9759615384615384 0.7319711538461539 0.052884615384615384 0.11298076923076923
0 0.9302884615384616 0.5805288461538461 0.13942307692307693 0.16105769230769232
0 0.30288461538461536 0.8341346153846154 0.28365384615384615 0.1875
0 0.18028846153846154 0.953125 0.34615384615384615 0.09375
0 0.5348557692307693 0.9170673076923077 0.2620192307692308 0.1658653846153846
0 0.7403846153846154 0.9603365384615384 0.08173076923076923 0.055288461538461536
0 0.7764423076923077 0.8798076923076923 0.09134615384615384 0.0625
0 0.8377403846153846 0.8329326923076923 0.10336538461538461 0.040865384615384616
0 0.9326923076923077 0.8497596153846154 0.07692307692307693 0.06009615384615385
0 0.890625 0.9519230769230769 0.22355769230769232 0.09615384615384616
