0 0.9074519230769231 0.22235576923076922 0.18509615384615385 0.38221153846153844
0 0.9362980769230769 0.03125 0.12740384615384615 0.04326923076923077
0 0.9891826923076923 0.4411057692307692 0.021634615384615384 0.0985576923076923
0 0.8966346153846154 0.4951923076923077 0.20673076923076922 0.23076923076923078
0 0.9891826923076923 0.6262019230769231 0.021634615384615384 0.13221153846153846
0 0.8774038461538461 0.6286057692307693 0.1778846153846154 0.18028846153846154
0 0.9326923076923077 0.7043269230769231 0.1346153846153846 0.19230769230769232
0 0.9326923076923077 0.8317307692307693 0.1346153846153846 0.20192307692307693
0 0.9855769230769231 0.9266826923076923 0.02403846153846154 0.0985576923076923
0 0.8197115384615384 0.8329326923076923 0.09134615384615384 0.0985576923076923
0 0.8485576923076923 0.78125 0.038461538461538464 0.09134615384615384
0 0.7920673076923077 0.7199519230769231 0.12259615384615384 0.14182692307692307
0 0.7247596153846154 0.6334134615384616 0.12740384615384615 0.10336538461538461
0 0.7115384615384616 0.5300480769230769 0.16346153846153846 0.18028846153846154
0 0.7427884615384616 0.4110576923076923 0.1778846153846154 0.14903846153846154
0 0.7055288461538461 0.20192307692307693 0.2620192307692308 0.3894230769230769
0 0.5745192307692307 0.22235576923076922 0.09134615384615384 0.2956730769230769
0 0.453125 0.22596153846153846 0.2283653846153846 0.35096153846153844
0 0.5192307692307693 0.056490384615384616 0.20673076923076922 0.0985576923076923
0 0.3125 0.07091346153846154 0.19230769230769232 0.12740384615384615
0 0.34134615384615385 0.15384615384615385 0.02403846153846154 0.04807692307692308
0 0.35216346153846156 0.34375 0.17067307692307693 0.27884615384615385
0 0.4879807692307692 0.49278846153846156 0.15865384615384615 0.23557692307692307
0 0.5961538461538461 0.4230769230769231 0.13942307692307693 0.16346153846153846
0 0.5528846153846154 0.6057692307692307 0.1346153846153846 0.20192307692307693
0 0.49278846153846156 0.7043269230769231 0.10576923076923077 0.09134615384615384
0 0.4423076923076923 0.6057692307692307 0.08653846153846154 0.11538461538461539
0 0.3317307692307692 0.5576923076923077 0.12980769230769232 0.16826923076923078
0 0.65625 0.6730769230769231 0.1346153846153846 0.19230769230769232
0 0.6057692307692307 0.7463942307692307 0.08173076923076923 0.0985576923076923
0 0.6586538461538461 0.7860576923076923 0.028846153846153848 0.04807692307692308
0 0.7259615384615384 0.8100961538461539 0.09615384615384616 0.11538461538461539
0 0.7331730769230769 0.7403846153846154 0.07692307692307693 0.11057692307692307
0 0.14182692307692307 0.3581730769230769 0.16826923076923078 0.1971153846153846
0 0.2644230769230769 0.30288461538461536 0.11538461538461539 0.2403846153846154
0 0.2692307692307692 0.43990384615384615 0.03365384615384615 0.052884615384615384
0 0.22115384615384615 0.24519230769230768 0.16826923076923078 0.15865384615384615
0 0.23317307692307693 0.12620192307692307 0.20673076923076922 0.22355769230769232
0 0.08413461538461539 0.09375 0.15865384615384615 0.16826923076923078
0 0.07692307692307693 0.21153846153846154 0.14423076923076922 0.1971153846153846
0 0.0733173076923077 0.3293269230769231 0.13701923076923078 0.1778846153846154
0 0.13221153846153846 0.47596153846153844 0.1201923076923077 0.07211538461538461
0 0.22115384615384615 0.4735576923076923 0.09134615384615384 0.11057692307692307
0 0.25 0.5685096153846154 0.0625 0.10336538461538461
0 0.16346153846153846 0.5853365384615384 0.10096153846153846 0.13701923076923078
0 0.046875 0.5 0.08413461538461539 0.057692307692307696
0 0.03245192307692308 0.45072115384615385 0.055288461538461536 0.0889423076923077
0 0.05889423076923077 0.5997596153846154 0.11298076923076923 0.14182692307692307
0 0.08413461538461539 0.6826923076923077 0.0625 0.07211538461538461
0 0.028846153846153848 0.703125 0.04807692307692308 0.08413461538461539
0 0.15985576923076922 0.7079326923076923 0.08413461538461539 0.0985576923076923
0 0.22716346153846154 0.6478365384615384 0.07932692307692307 0.0985576923076923
0 0.25961538461538464 0.7163461538461539 0.0625 0.07211538461538461
0 0.3173076923076923 0.7055288461538461 0.08173076923076923 0.10336538461538461
0 0.38221153846153844 0.6394230769230769 0.04807692307692308 0.04807692307692308
0 0.42788461538461536 0.7259615384615384 0.07692307692307693 0.11538461538461539
0 0.3762019230769231 0.71875 0.036057692307692304 0.08653846153846154
0 0.49278846153846156 0.7740384615384616 0.07211538461538461 0.052884615384615384
0 0.5588942307692307 0.8004807692307693 0.06971153846153846 0.11057692307692307
0 0.5913461538461539 0.8918269230769231 0.0673076923076923 0.09134615384615384
0 0.6346153846153846 0.8341346153846154 0.0673076923076923 0.07692307692307693
0 0.5132211538461539 0.8822115384615384 0.06490384615384616 0.0673076923076923
0 0.4831730769230769 0.8389423076923077 0.07692307692307693 0.07692307692307693
0 0.4807692307692308 0.9158653846153846 0.057692307692307696 0.08653846153846154
0 0.42788461538461536 0.8293269230769231 0.0625 0.08653846153846154
0 0.4206730769230769 0.7307692307692307 0.0625 0.11057692307692307
0 0.38461538461538464 0.8040865384615384 0.0625 0.06009615384615385
0 0.35697115384615385 0.8798076923076923 0.09375 0.09134615384615384
0 0.328125 0.7932692307692307 0.08413461538461539 0.09134615384615384
0 0.2860576923076923 0.8137019230769231 0.04326923076923077 0.06009615384615385
0 0.22596153846153846 0.8100961538461539 0.07692307692307693 0.08173076923076923
0 0.24519230769230768 0.7740384615384616 0.08653846153846154 0.0673076923076923
0 0.14903846153846154 0.7752403846153846 0.07692307692307693 0.06009615384615385
0 0.08774038461538461 0.7307692307692307 0.055288461538461536 0.03365384615384615
0 0.2956730769230769 0.8918269230769231 0.0625 0.09134615384615384
0 0.2620192307692308 0.9302884615384616 0.04807692307692308 0.07211538461538461
0 0.22115384615384615 0.9038461538461539 0.057692307692307696 0.052884615384615384
0 0.22596153846153846 0.8653846153846154 0.07692307692307693 0.04326923076923077
0 0.16346153846153846 0.8798076923076923 0.04807692307692308 0.07211538461538461
0 0.15384615384615385 0.8341346153846154 0.0625 0.03365384615384615
0 0.11298076923076923 0.8557692307692307 0.0625 0.0673076923076923
0 0.10096153846153846 0.8149038461538461 0.057692307692307696 0.038461538461538464
0 0.11298076923076923 0.7752403846153846 0.04807692307692308 0.06009615384615385
0 0.07692307692307693 0.7788461538461539 0.04807692307692308 0.052884615384615384
0 0.03365384615384615 0.7920673076923077 0.0625 0.10336538461538461
0 0.07091346153846154 0.8605769230769231 0.05048076923076923 0.04326923076923077
