0 0.5240384615384616 0.5865384615384616 0.40384615384615385 0.7163461538461539
0 0.35336538461538464 0.2764423076923077 0.5240384615384616 0.5384615384615384
0 0.6298076923076923 0.07211538461538461 0.15384615384615385 0.12980769230769232
0 0.7163461538461539 0.1045673076923077 0.057692307692307696 0.11778846153846154
0 0.8185096153846154 0.14182692307692307 0.19951923076923078 0.2692307692307692
0 0.9134615384615384 0.06370192307692307 0.08653846153846154 0.11298076923076923
0 0.9206730769230769 0.22355769230769232 0.10576923076923077 0.21634615384615385
0 0.8954326923076923 0.4375 0.19951923076923078 0.27884615384615385
0 0.8269230769230769 0.31971153846153844 0.15384615384615385 0.3125
0 0.6802884615384616 0.25841346153846156 0.14423076923076922 0.19951923076923078
0 0.7620192307692307 0.5 0.13942307692307693 0.28365384615384615
0 0.8581730769230769 0.6418269230769231 0.09615384615384616 0.27884615384615385
0 0.8846153846153846 0.8149038461538461 0.057692307692307696 0.23557692307692307
0 0.7836538461538461 0.7800480769230769 0.15865384615384615 0.2956730769230769
0 0.8209134615384616 0.9206730769230769 0.13221153846153846 0.15865384615384615
0 0.6694711538461539 0.90625 0.28125 0.1875
0 0.3245192307692308 0.8245192307692307 0.07211538461538461 0.13942307692307693
0 0.27403846153846156 0.7824519230769231 0.0625 0.11778846153846154
0 0.3173076923076923 0.6514423076923077 0.11538461538461539 0.22115384615384615
0 0.23557692307692307 0.609375 0.0673076923076923 0.11778846153846154
0 0.20432692307692307 0.4831730769230769 0.04807692307692308 0.1778846153846154
0 0.13701923076923078 0.4230769230769231 0.11057692307692307 0.08653846153846154
0 0.1346153846153846 0.30288461538461536 0.09134615384615384 0.17307692307692307
0 0.12740384615384615 0.1778846153846154 0.057692307692307696 0.1346153846153846
0 0.11057692307692307 0.06009615384615385 0.052884615384615384 0.10096153846153846
0 0.08413461538461539 0.10697115384615384 0.057692307692307696 0.19951923076923078
0 0.057692307692307696 0.34134615384615385 0.10576923076923077 0.23557692307692307
0 0.06490384615384616 0.28365384615384615 0.0625 0.08653846153846154
0 0.06009615384615385 0.20192307692307693 0.04807692307692308 0.07692307692307693
0 0.0985576923076923 0.31009615384615385 0.038461538461538464 0.09615384615384616
0 0.10817307692307693 0.5408653846153846 0.08653846153846154 0.13942307692307693
0 0.16826923076923078 0.7055288461538461 0.20673076923076922 0.2956730769230769
0 0.15504807692307693 0.5408653846153846 0.055288461538461536 0.22596153846153846
0 0.23798076923076922 0.8665865384615384 0.12980769230769232 0.1466346153846154
