0 0.8305288461538461 0.6189903846153846 0.3389423076923077 0.41586538461538464
0 0.5108173076923077 0.9411057692307693 0.9783653846153846 0.11778846153846154
0 0.6394230769230769 0.6658653846153846 0.42788461538461536 0.35096153846153844
0 0.45072115384615385 0.7019230769230769 0.43990384615384615 0.3269230769230769
0 0.31850961538461536 0.7475961538461539 0.37740384615384615 0.24519230769230768
0 0.4014423076923077 0.46274038461538464 0.08173076923076923 0.06009615384615385
0 0.2980769230769231 0.4519230769230769 0.10096153846153846 0.038461538461538464
0 0.2764423076923077 0.47475961538461536 0.1201923076923077 0.05048076923076923
0 0.3245192307692308 0.5168269230769231 0.16346153846153846 0.03365384615384615
0 0.3581730769230769 0.28966346153846156 0.04326923076923077 0.021634615384615384
0 0.3233173076923077 0.30288461538461536 0.05048076923076923 0.02403846153846154
0 0.28846153846153844 0.31971153846153844 0.04326923076923077 0.02403846153846154
0 0.4735576923076923 0.30408653846153844 0.038461538461538464 0.03125
0 0.44711538461538464 0.34134615384615385 0.08173076923076923 0.052884615384615384
0 0.36177884615384615 0.3557692307692308 0.11298076923076923 0.04807692307692308
0 0.2980769230769231 0.3605769230769231 0.10096153846153846 0.07692307692307693
0 0.3293269230769231 0.22716346153846154 0.0625 0.03125
0 0.2860576923076923 0.2439903846153846 0.08653846153846154 0.03125
0 0.24278846153846154 0.26322115384615385 0.08653846153846154 0.03125
0 0.19831730769230768 0.32211538461538464 0.11298076923076923 0.11057692307692307
0 0.14182692307692307 0.31490384615384615 0.0625 0.057692307692307696
0 0.8016826923076923 0.25600961538461536 0.39663461538461536 0.5024038461538461
0 0.7427884615384616 0.11298076923076923 0.32211538461538464 0.22115384615384615
0 0.7283653846153846 0.19951923076923078 0.22115384615384615 0.1971153846153846
0 0.5877403846153846 0.08413461538461539 0.37740384615384615 0.15865384615384615
0 0.6033653846153846 0.11778846153846154 0.25961538461538464 0.1346153846153846
0 0.4651442307692308 0.042067307692307696 0.19951923076923078 0.07451923076923077
0 0.44711538461538464 0.08413461538461539 0.25961538461538464 0.14903846153846154
0 0.3293269230769231 0.15144230769230768 0.13942307692307693 0.0673076923076923
0 0.3557692307692308 0.042067307692307696 0.18269230769230768 0.07451923076923077
0 0.17548076923076922 0.02403846153846154 0.33653846153846156 0.038461538461538464
0 0.16346153846153846 0.09615384615384616 0.15865384615384615 0.08653846153846154
0 0.056490384615384616 0.3713942307692308 0.09375 0.040865384615384616
0 0.09495192307692307 0.40384615384615385 0.09375 0.04807692307692308
0 0.056490384615384616 0.44711538461538464 0.09375 0.04807692307692308
0 0.038461538461538464 0.4831730769230769 0.057692307692307696 0.028846153846153848
0 0.021634615384615384 0.5600961538461539 0.02403846153846154 0.052884615384615384
0 0.03365384615384615 0.31971153846153844 0.038461538461538464 0.03365384615384615
