0 0.06971153846153846 0.8305288461538461 0.125 0.2668269230769231
0 0.040865384615384616 0.6105769230769231 0.0673076923076923 0.19230769230769232
0 0.10576923076923077 0.4519230769230769 0.1971153846153846 0.22115384615384615
0 0.23557692307692307 0.5865384615384616 0.2548076923076923 0.24519230769230768
0 0.06971153846153846 0.25961538461538464 0.125 0.22115384615384615
0 0.15985576923076922 0.15144230769230768 0.2091346153846154 0.21634615384615385
0 0.2644230769230769 0.32091346153846156 0.23076923076923078 0.2620192307692308
0 0.3894230769230769 0.4375 0.21153846153846154 0.23557692307692307
0 0.5036057692307693 0.31971153846153844 0.19951923076923078 0.18269230769230768
0 0.40384615384615385 0.18990384615384615 0.23076923076923078 0.23076923076923078
0 0.2932692307692308 0.07572115384615384 0.21634615384615385 0.1466346153846154
0 0.46634615384615385 0.03125 0.15384615384615385 0.057692307692307696
0 0.578125 0.0985576923076923 0.2091346153846154 0.18269230769230768
0 0.6634615384615384 0.21514423076923078 0.21634615384615385 0.2091346153846154
0 0.7908653846153846 0.1045673076923077 0.21153846153846154 0.20432692307692307
0 0.8942307692307693 0.22355769230769232 0.21634615384615385 0.27884615384615385
0 0.8485576923076923 0.39302884615384615 0.23557692307692307 0.25721153846153844
0 0.9699519230769231 0.3762019230769231 0.06009615384615385 0.17067307692307693
0 0.9519230769230769 0.5817307692307693 0.10096153846153846 0.2403846153846154
0 0.7680288461538461 0.65625 0.25721153846153844 0.22115384615384615
0 0.7764423076923077 0.8485576923076923 0.30288461538461536 0.2980769230769231
0 0.49399038461538464 0.8930288461538461 0.2620192307692308 0.2091346153846154
0 0.27163461538461536 0.8112980769230769 0.2548076923076923 0.2668269230769231
0 0.6201923076923077 0.45913461538461536 0.27403846153846156 0.27884615384615385
0 0.484375 0.6550480769230769 0.2620192307692308 0.2620192307692308
0 0.9435096153846154 0.828125 0.11298076923076923 0.29086538461538464
