0 0.8269230769230769 0.9350961538461539 0.23557692307692307 0.07211538461538461
0 0.8882211538461539 0.9555288461538461 0.15625 0.03125
0 0.9483173076923077 0.8629807692307693 0.036057692307692304 0.12980769230769232
0 0.9254807692307693 0.7451923076923077 0.07692307692307693 0.04807692307692308
0 0.9170673076923077 0.6875 0.09375 0.08653846153846154
0 0.9110576923076923 0.5600961538461539 0.10096153846153846 0.1778846153846154
0 0.8293269230769231 0.36899038461538464 0.25961538461538464 0.22355769230769232
0 0.9278846153846154 0.4735576923076923 0.07211538461538461 0.13942307692307693
0 0.7524038461538461 0.140625 0.10576923076923077 0.0889423076923077
0 0.8846153846153846 0.18990384615384615 0.14903846153846154 0.32211538461538464
0 0.7572115384615384 0.265625 0.125 0.16105769230769232
0 0.6634615384615384 0.2403846153846154 0.07211538461538461 0.1346153846153846
0 0.6838942307692307 0.10096153846153846 0.09375 0.04326923076923077
0 0.6899038461538461 0.0625 0.07211538461538461 0.04807692307692308
0 0.6237980769230769 0.07211538461538461 0.036057692307692304 0.0673076923076923
0 0.6442307692307693 0.1466346153846154 0.07692307692307693 0.052884615384615384
0 0.6754807692307693 0.14423076923076922 0.038461538461538464 0.02403846153846154
0 0.5625 0.0829326923076923 0.08653846153846154 0.0889423076923077
0 0.5540865384615384 0.125 0.09375 0.08653846153846154
0 0.4651442307692308 0.109375 0.09375 0.0889423076923077
0 0.4170673076923077 0.0829326923076923 0.09375 0.0889423076923077
0 0.4879807692307692 0.04447115384615385 0.0673076923076923 0.03125
0 0.3389423076923077 0.10576923076923077 0.12980769230769232 0.125
0 0.2764423076923077 0.057692307692307696 0.052884615384615384 0.038461538461538464
0 0.15144230769230768 0.10096153846153846 0.08653846153846154 0.0625
0 0.14302884615384615 0.2932692307692308 0.15625 0.125
0 0.23076923076923078 0.2692307692307692 0.07211538461538461 0.04807692307692308
0 0.2932692307692308 0.2692307692307692 0.0625 0.057692307692307696
0 0.37740384615384615 0.27403846153846156 0.07211538461538461 0.07692307692307693
0 0.3629807692307692 0.36658653846153844 0.1201923076923077 0.09375
0 0.46153846153846156 0.20552884615384615 0.2644230769230769 0.09375
0 0.5685096153846154 0.296875 0.09375 0.0889423076923077
0 0.4807692307692308 0.25961538461538464 0.07211538461538461 0.11057692307692307
0 0.41947115384615385 0.2620192307692308 0.09375 0.125
0 0.49399038461538464 0.3629807692307692 0.15144230769230768 0.11057692307692307
0 0.5108173076923077 0.4362980769230769 0.0985576923076923 0.0889423076923077
0 0.6201923076923077 0.3473557692307692 0.14903846153846154 0.15144230769230768
0 0.14903846153846154 0.15384615384615385 0.18269230769230768 0.07211538461538461
0 0.19951923076923078 0.3701923076923077 0.1778846153846154 0.12980769230769232
0 0.32091346153846156 0.4230769230769231 0.0985576923076923 0.08173076923076923
0 0.2764423076923077 0.5216346153846154 0.1778846153846154 0.1875
0 0.4519230769230769 0.5288461538461539 0.17307692307692307 0.1778846153846154
0 0.4254807692307692 0.41586538461538464 0.0673076923076923 0.04807692307692308
0 0.6201923076923077 0.5108173076923077 0.1778846153846154 0.15625
0 0.7824519230769231 0.5360576923076923 0.15625 0.12980769230769232
0 0.7764423076923077 0.8725961538461539 0.125 0.10576923076923077
0 0.8629807692307693 0.8088942307692307 0.16346153846153846 0.15625
0 0.859375 0.7295673076923077 0.036057692307692304 0.036057692307692304
0 0.8365384615384616 0.7067307692307693 0.0673076923076923 0.0673076923076923
0 0.7788461538461539 0.7524038461538461 0.07211538461538461 0.052884615384615384
0 0.7379807692307693 0.7860576923076923 0.0673076923076923 0.057692307692307696
0 0.6875 0.7524038461538461 0.057692307692307696 0.052884615384615384
0 0.6802884615384616 0.7932692307692307 0.038461538461538464 0.052884615384615384
0 0.6514423076923077 0.8233173076923077 0.07211538461538461 0.026442307692307692
0 0.6346153846153846 0.8701923076923077 0.057692307692307696 0.07211538461538461
0 0.6754807692307693 0.8581730769230769 0.038461538461538464 0.04807692307692308
0 0.6201923076923077 0.9326923076923077 0.07211538461538461 0.0625
0 0.6754807692307693 0.9399038461538461 0.08653846153846154 0.052884615384615384
0 0.6826923076923077 0.8954326923076923 0.04326923076923077 0.036057692307692304
0 0.5661057692307693 0.9375 0.0985576923076923 0.0673076923076923
0 0.7884615384615384 0.6610576923076923 0.14423076923076922 0.12980769230769232
0 0.7427884615384616 0.71875 0.04807692307692308 0.038461538461538464
0 0.5793269230769231 0.5745192307692307 0.07211538461538461 0.052884615384615384
0 0.5096153846153846 0.6358173076923077 0.08653846153846154 0.0889423076923077
0 0.4170673076923077 0.6346153846153846 0.09375 0.07692307692307693
0 0.4639423076923077 0.6899038461538461 0.1201923076923077 0.08173076923076923
0 0.5456730769230769 0.7403846153846154 0.057692307692307696 0.0625
0 0.6370192307692307 0.6862980769230769 0.16826923076923078 0.16105769230769232
0 0.8629807692307693 0.6129807692307693 0.04807692307692308 0.04807692307692308
0 0.5793269230769231 0.7379807692307693 0.052884615384615384 0.04807692307692308
0 0.6201923076923077 0.7908653846153846 0.08173076923076923 0.0673076923076923
0 0.5504807692307693 0.8173076923076923 0.057692307692307696 0.0673076923076923
0 0.5793269230769231 0.84375 0.04326923076923077 0.04807692307692308
0 0.5925480769230769 0.8725961538461539 0.036057692307692304 0.0625
0 0.5552884615384616 0.8870192307692307 0.04807692307692308 0.052884615384615384
0 0.5108173076923077 0.875 0.0889423076923077 0.0673076923076923
0 0.49278846153846156 0.9038461538461539 0.057692307692307696 0.04326923076923077
0 0.4807692307692308 0.9399038461538461 0.08173076923076923 0.0625
0 0.4411057692307692 0.9014423076923077 0.036057692307692304 0.038461538461538464
0 0.41586538461538464 0.8894230769230769 0.057692307692307696 0.038461538461538464
0 0.3605769230769231 0.8605769230769231 0.07211538461538461 0.07211538461538461
0 0.3485576923076923 0.9158653846153846 0.07692307692307693 0.057692307692307696
0 0.44711538461538464 0.8028846153846154 0.16346153846153846 0.1346153846153846
0 0.35336538461538464 0.7283653846153846 0.057692307692307696 0.04807692307692308
0 0.31850961538461536 0.7067307692307693 0.03125 0.038461538461538464
0 0.33413461538461536 0.6610576923076923 0.0625 0.057692307692307696
0 0.33413461538461536 0.6105769230769231 0.0625 0.052884615384615384
0 0.28365384615384615 0.6514423076923077 0.04326923076923077 0.057692307692307696
0 0.17548076923076922 0.5432692307692307 0.04807692307692308 0.08173076923076923
0 0.16826923076923078 0.46634615384615385 0.04326923076923077 0.04326923076923077
0 0.0889423076923077 0.6081730769230769 0.11538461538461539 0.5048076923076923
0 0.27884615384615385 0.7788461538461539 0.07211538461538461 0.04326923076923077
0 0.27884615384615385 0.8329326923076923 0.0625 0.036057692307692304
0 0.23076923076923078 0.8798076923076923 0.16826923076923078 0.08653846153846154
0 0.14423076923076922 0.8942307692307693 0.038461538461538464 0.04807692307692308
0 0.057692307692307696 0.9447115384615384 0.04807692307692308 0.052884615384615384
0 0.22235576923076922 0.6995192307692307 0.15144230769230768 0.30288461538461536
0 0.23798076923076922 0.9471153846153846 0.28846153846153844 0.057692307692307696
0 0.4014423076923077 0.9519230769230769 0.07211538461538461 0.04807692307692308
0 0.4951923076923077 0.5048076923076923 0.9326923076923077 0.9519230769230769
