0 0.9639423076923077 0.12259615384615384 0.0673076923076923 0.23076923076923078
0 0.8822115384615384 0.0625 0.16826923076923078 0.11057692307692307
0 0.8954326923076923 0.13701923076923078 0.0985576923076923 0.09134615384615384
0 0.9711538461538461 0.3389423076923077 0.052884615384615384 0.20192307692307693
0 0.7620192307692307 0.11057692307692307 0.14423076923076922 0.20192307692307693
0 0.8257211538461539 0.18269230769230768 0.12740384615384615 0.16346153846153846
0 0.8822115384615384 0.27884615384615385 0.14423076923076922 0.20192307692307693
0 0.9591346153846154 0.4375 0.08173076923076923 0.125
0 0.8221153846153846 0.4831730769230769 0.20673076923076922 0.2403846153846154
0 0.8810096153846154 0.5625 0.15625 0.14903846153846154
0 0.9711538461538461 0.5216346153846154 0.057692307692307696 0.11057692307692307
0 0.9543269230769231 0.65625 0.09134615384615384 0.15865384615384615
0 0.9567307692307693 0.734375 0.08653846153846154 0.0985576923076923
0 0.9759615384615384 0.8317307692307693 0.04807692307692308 0.09134615384615384
0 0.8629807692307693 0.7163461538461539 0.10576923076923077 0.14903846153846154
0 0.8966346153846154 0.8341346153846154 0.11538461538461539 0.12980769230769232
0 0.9579326923076923 0.8990384615384616 0.08413461538461539 0.16346153846153846
0 0.9699519230769231 0.9795673076923077 0.06009615384615385 0.040865384615384616
0 0.9170673076923077 0.984375 0.055288461538461536 0.03125
0 0.8677884615384616 0.9495192307692307 0.10576923076923077 0.10096153846153846
0 0.8076923076923077 0.8100961538461539 0.09134615384615384 0.19230769230769232
0 0.7307692307692307 0.6995192307692307 0.125 0.15865384615384615
0 0.6009615384615384 0.07211538461538461 0.14903846153846154 0.125
0 0.6923076923076923 0.036057692307692304 0.052884615384615384 0.052884615384615384
0 0.65625 0.18629807692307693 0.22115384615384615 0.25721153846153844
0 0.7475961538461539 0.3293269230769231 0.125 0.19230769230769232
0 0.6382211538461539 0.3245192307692308 0.06490384615384616 0.07692307692307693
0 0.6947115384615384 0.4050480769230769 0.11057692307692307 0.13701923076923078
0 0.6947115384615384 0.5649038461538461 0.13942307692307693 0.16346153846153846
0 0.6153846153846154 0.6838942307692307 0.14903846153846154 0.18028846153846154
0 0.7091346153846154 0.8365384615384616 0.1201923076923077 0.15865384615384615
0 0.6586538461538461 0.8413461538461539 0.10096153846153846 0.14903846153846154
0 0.7163461538461539 0.9134615384615384 0.08173076923076923 0.07211538461538461
0 0.7848557692307693 0.9459134615384616 0.08413461538461539 0.10817307692307693
0 0.7055288461538461 0.9651442307692307 0.06971153846153846 0.06971153846153846
0 0.6237980769230769 0.9495192307692307 0.10817307692307693 0.10096153846153846
0 0.5745192307692307 0.8737980769230769 0.11057692307692307 0.13701923076923078
0 0.5240384615384616 0.7536057692307693 0.10096153846153846 0.18028846153846154
0 0.49278846153846156 0.6442307692307693 0.10096153846153846 0.11538461538461539
0 0.5384615384615384 0.5853365384615384 0.08653846153846154 0.06009615384615385
0 0.5949519230769231 0.5745192307692307 0.036057692307692304 0.038461538461538464
0 0.5889423076923077 0.49278846153846156 0.15384615384615385 0.16826923076923078
0 0.5288461538461539 0.36538461538461536 0.20673076923076922 0.16826923076923078
0 0.4543269230769231 0.13581730769230768 0.1971153846153846 0.25721153846153844
0 0.40384615384615385 0.22716346153846154 0.13942307692307693 0.21875
0 0.3317307692307692 0.08653846153846154 0.09134615384615384 0.15865384615384615
0 0.44591346153846156 0.026442307692307692 0.17067307692307693 0.038461538461538464
0 0.25 0.23076923076923078 0.18269230769230768 0.19230769230769232
0 0.3317307692307692 0.43149038461538464 0.21634615384615385 0.22355769230769232
0 0.4182692307692308 0.5769230769230769 0.125 0.12980769230769232
0 0.37740384615384615 0.6826923076923077 0.11538461538461539 0.15865384615384615
0 0.40625 0.7235576923076923 0.11538461538461539 0.15384615384615385
0 0.44711538461538464 0.84375 0.11057692307692307 0.1971153846153846
0 0.4723557692307692 0.9375 0.12740384615384615 0.125
0 0.5637019230769231 0.9759615384615384 0.07932692307692307 0.04807692307692308
0 0.3581730769230769 0.9495192307692307 0.11057692307692307 0.10096153846153846
0 0.30528846153846156 0.8918269230769231 0.15865384615384615 0.19230769230769232
0 0.22596153846153846 0.08653846153846154 0.16346153846153846 0.15865384615384615
0 0.0733173076923077 0.07211538461538461 0.14182692307692307 0.125
0 0.03125 0.15625 0.057692307692307696 0.04326923076923077
0 0.11298076923076923 0.1201923076923077 0.12980769230769232 0.125
0 0.09615384615384616 0.27163461538461536 0.14903846153846154 0.1971153846153846
0 0.20552884615384615 0.3557692307692308 0.0985576923076923 0.125
0 0.18028846153846154 0.4891826923076923 0.125 0.14182692307692307
0 0.12139423076923077 0.4495192307692308 0.12740384615384615 0.15865384615384615
0 0.03125 0.39302884615384615 0.052884615384615384 0.13701923076923078
0 0.01201923076923077 0.28125 0.019230769230769232 0.1875
0 0.055288461538461536 0.53125 0.10576923076923077 0.14903846153846154
0 0.15384615384615385 0.6225961538461539 0.1201923076923077 0.14903846153846154
0 0.2403846153846154 0.6105769230769231 0.08653846153846154 0.12980769230769232
0 0.3076923076923077 0.5528846153846154 0.125 0.09134615384615384
0 0.2980769230769231 0.6478365384615384 0.09615384615384616 0.0985576923076923
0 0.296875 0.7788461538461539 0.0985576923076923 0.1875
0 0.1875 0.7956730769230769 0.15865384615384615 0.2403846153846154
0 0.1935096153846154 0.9495192307692307 0.10817307692307693 0.10096153846153846
0 0.2608173076923077 0.984375 0.0985576923076923 0.03125
0 0.15144230769230768 0.9519230769230769 0.15865384615384615 0.09615384615384616
0 0.05889423076923077 0.8533653846153846 0.11298076923076923 0.23557692307692307
0 0.08653846153846154 0.7596153846153846 0.057692307692307696 0.11538461538461539
0 0.10336538461538461 0.6706730769230769 0.07692307692307693 0.1201923076923077
0 0.03485576923076923 0.6262019230769231 0.06490384615384616 0.0985576923076923
0 0.03485576923076923 0.7067307692307693 0.06490384615384616 0.11057692307692307
0 0.037259615384615384 0.9795673076923077 0.06971153846153846 0.040865384615384616
