0 0.453125 0.37259615384615385 0.4110576923076923 0.46153846153846156
0 0.5024038461538461 0.1502403846153846 0.5144230769230769 0.2860576923076923
0 0.1875 0.3088942307692308 0.3701923076923077 0.6033653846153846
0 0.07572115384615384 0.08653846153846154 0.1466346153846154 0.15865384615384615
0 0.21514423076923078 0.7884615384615384 0.4254807692307692 0.4230769230769231
0 0.546875 0.7548076923076923 0.3245192307692308 0.41346153846153844
0 0.7524038461538461 0.9567307692307693 0.08653846153846154 0.07692307692307693
0 0.6370192307692307 0.5240384615384616 0.11057692307692307 0.07211538461538461
0 0.6490384615384616 0.46274038461538464 0.09615384615384616 0.055288461538461536
0 0.8269230769230769 0.41947115384615385 0.07692307692307693 0.07451923076923077
0 0.8293269230769231 0.052884615384615384 0.07211538461538461 0.04807692307692308
0 0.7139423076923077 0.040865384615384616 0.0625 0.0673076923076923
0 0.7644230769230769 0.19831730769230768 0.07211538461538461 0.05048076923076923
0 0.7884615384615384 0.2668269230769231 0.07692307692307693 0.0625
0 0.8413461538461539 0.2932692307692308 0.07211538461538461 0.07211538461538461
0 0.8245192307692307 0.22115384615384615 0.09134615384615384 0.0673076923076923
0 0.8149038461538461 0.5408653846153846 0.09134615384615384 0.07692307692307693
0 0.75 0.546875 0.0625 0.07451923076923077
0 0.7163461538461539 0.6117788461538461 0.08653846153846154 0.07451923076923077
0 0.22355769230769232 0.4519230769230769 0.07692307692307693 0.04326923076923077
0 0.23557692307692307 0.4026442307692308 0.08173076923076923 0.055288461538461536
0 0.8834134615384616 0.4831730769230769 0.04567307692307692 0.08173076923076923
0 0.8858173076923077 0.5721153846153846 0.040865384615384616 0.07692307692307693
0 0.8173076923076923 0.6322115384615384 0.09615384615384616 0.0673076923076923
0 0.8245192307692307 0.6862980769230769 0.0625 0.05048076923076923
0 0.8653846153846154 0.7139423076923077 0.07211538461538461 0.07692307692307693
0 0.8882211538461539 0.6610576923076923 0.036057692307692304 0.07692307692307693
0 0.8305288461538461 0.7475961538461539 0.05048076923076923 0.04807692307692308
0 0.8930288461538461 0.9543269230769231 0.026442307692307692 0.09134615384615384
