0 0.890625 0.7692307692307693 0.13221153846153846 0.19230769230769232
0 0.8521634615384616 0.6887019230769231 0.08413461538461539 0.14182692307692307
0 0.16947115384615385 0.2608173076923077 0.06490384615384616 0.0985576923076923
0 0.36177884615384615 0.2247596153846154 0.06490384615384616 0.10336538461538461
0 0.29086538461538464 0.29086538461538464 0.11057692307692307 0.125
0 0.4855769230769231 0.12860576923076922 0.09615384615384616 0.13221153846153846
0 0.5841346153846154 0.16346153846153846 0.07692307692307693 0.07692307692307693
0 0.609375 0.25841346153846156 0.10336538461538461 0.12740384615384615
0 0.7379807692307693 0.22716346153846154 0.11538461538461539 0.13221153846153846
0 0.6983173076923077 0.27163461538461536 0.06490384615384616 0.07692307692307693
0 0.7956730769230769 0.35096153846153844 0.12980769230769232 0.15865384615384615
0 0.8485576923076923 0.43990384615384615 0.07692307692307693 0.11538461538461539
0 0.8305288461538461 0.5024038461538461 0.07451923076923077 0.14423076923076922
0 0.7548076923076923 0.5 0.11057692307692307 0.15865384615384615
0 0.7860576923076923 0.6478365384615384 0.10096153846153846 0.16105769230769232
0 0.7644230769230769 0.7475961538461539 0.07211538461538461 0.11538461538461539
0 0.6814903846153846 0.6358173076923077 0.10336538461538461 0.17548076923076922
0 0.6670673076923077 0.6971153846153846 0.12259615384615384 0.15865384615384615
0 0.7139423076923077 0.7932692307692307 0.09134615384615384 0.16346153846153846
0 0.6778846153846154 0.5084134615384616 0.04326923076923077 0.0985576923076923
0 0.6850961538461539 0.3894230769230769 0.11538461538461539 0.15865384615384615
0 0.5997596153846154 0.4735576923076923 0.12740384615384615 0.19230769230769232
0 0.5913461538461539 0.3329326923076923 0.08173076923076923 0.0985576923076923
0 0.5144230769230769 0.22235576923076922 0.10096153846153846 0.14182692307692307
0 0.44591346153846156 0.34615384615384615 0.0985576923076923 0.14903846153846154
0 0.43149038461538464 0.23918269230769232 0.06490384615384616 0.0889423076923077
0 0.28125 0.3870192307692308 0.07211538461538461 0.0673076923076923
0 0.3557692307692308 0.359375 0.07692307692307693 0.0985576923076923
0 0.1814903846153846 0.3762019230769231 0.08413461538461539 0.12259615384615384
0 0.1814903846153846 0.47596153846153844 0.06009615384615385 0.07692307692307693
0 0.19831730769230768 0.5516826923076923 0.07932692307692307 0.13221153846153846
0 0.14903846153846154 0.5528846153846154 0.04326923076923077 0.07692307692307693
0 0.2776442307692308 0.6430288461538461 0.07932692307692307 0.13701923076923078
0 0.22115384615384615 0.7115384615384616 0.11057692307692307 0.1875
0 0.15264423076923078 0.6478365384615384 0.06971153846153846 0.10336538461538461
0 0.27283653846153844 0.8221153846153846 0.06009615384615385 0.15384615384615385
0 0.3173076923076923 0.8846153846153846 0.10096153846153846 0.18269230769230768
0 0.453125 0.8798076923076923 0.11298076923076923 0.19230769230769232
0 0.5300480769230769 0.7716346153846154 0.0985576923076923 0.14423076923076922
0 0.609375 0.8185096153846154 0.11298076923076923 0.18028846153846154
0 0.5324519230769231 0.8713942307692307 0.05048076923076923 0.055288461538461536
0 0.3918269230769231 0.8485576923076923 0.04807692307692308 0.11057692307692307
0 0.5228365384615384 0.42788461538461536 0.06971153846153846 0.14903846153846154
0 0.5336538461538461 0.5324519230769231 0.052884615384615384 0.09375
0 0.5420673076923077 0.6502403846153846 0.12740384615384615 0.18509615384615385
0 0.6105769230769231 0.5877403846153846 0.057692307692307696 0.06009615384615385
0 0.4375 0.59375 0.057692307692307696 0.11538461538461539
0 0.5 0.5252403846153846 0.11057692307692307 0.17548076923076922
0 0.43149038461538464 0.5132211538461539 0.04567307692307692 0.06490384615384616
0 0.44591346153846156 0.35096153846153844 0.0985576923076923 0.125
0 0.37259615384615385 0.4699519230769231 0.07211538461538461 0.12259615384615384
0 0.3016826923076923 0.49158653846153844 0.0889423076923077 0.13221153846153846
0 0.28365384615384615 0.5709134615384616 0.0673076923076923 0.08413461538461539
0 0.3701923076923077 0.6045673076923077 0.11057692307692307 0.17067307692307693
0 0.35216346153846156 0.7668269230769231 0.0985576923076923 0.15384615384615385
0 0.42788461538461536 0.7139423076923077 0.07692307692307693 0.14903846153846154
