0 0.44471153846153844 0.6322115384615384 0.21153846153846154 0.3269230769230769
0 0.47836538461538464 0.39903846153846156 0.11538461538461539 0.27884615384615385
0 0.4050480769230769 0.2403846153846154 0.07932692307692307 0.4423076923076923
0 0.34615384615384615 0.24879807692307693 0.057692307692307696 0.14182692307692307
0 0.2980769230769231 0.2980769230769231 0.0625 0.20673076923076922
0 0.24278846153846154 0.14182692307692307 0.10576923076923077 0.15865384615384615
0 0.2247596153846154 0.23317307692307693 0.09375 0.1201923076923077
0 0.23317307692307693 0.3545673076923077 0.0625 0.17067307692307693
0 0.26802884615384615 0.4699519230769231 0.07932692307692307 0.13701923076923078
0 0.23197115384615385 0.5649038461538461 0.12740384615384615 0.3076923076923077
0 0.35336538461538464 0.7980769230769231 0.21153846153846154 0.16826923076923078
0 0.5625 0.8137019230769231 0.14903846153846154 0.18028846153846154
0 0.6598557692307693 0.8365384615384616 0.12259615384615384 0.11538461538461539
0 0.6802884615384616 0.6947115384615384 0.28365384615384615 0.20192307692307693
0 0.9242788461538461 0.6069711538461539 0.15144230769230768 0.27163461538461536
0 0.8028846153846154 0.6550480769230769 0.14903846153846154 0.18028846153846154
0 0.796875 0.5384615384615384 0.09375 0.15384615384615385
0 0.7355769230769231 0.609375 0.09615384615384616 0.13221153846153846
0 0.7007211538461539 0.4375 0.19951923076923078 0.19230769230769232
0 0.6057692307692307 0.5144230769230769 0.1346153846153846 0.15865384615384615
0 0.5552884615384616 0.36658653846153844 0.09134615384615384 0.13701923076923078
0 0.640625 0.28125 0.1466346153846154 0.15384615384615385
0 0.5480769230769231 0.1658653846153846 0.23557692307692307 0.28365384615384615
0 0.4831730769230769 0.08653846153846154 0.07692307692307693 0.15865384615384615
0 0.5576923076923077 0.05048076923076923 0.08653846153846154 0.08173076923076923
0 0.7367788461538461 0.12139423076923077 0.18509615384615385 0.22355769230769232
0 0.8846153846153846 0.06971153846153846 0.11538461538461539 0.11057692307692307
0 0.9206730769230769 0.18990384615384615 0.11538461538461539 0.16346153846153846
0 0.8918269230769231 0.390625 0.18269230769230768 0.2956730769230769
0 0.9759615384615384 0.3425480769230769 0.04807692307692308 0.25240384615384615
