0 0.47115384615384615 0.8004807692307693 0.4326923076923077 0.27884615384615385
0 0.30528846153846156 0.9699519230769231 0.40384615384615385 0.06009615384615385
0 0.12259615384615384 0.8605769230769231 0.22596153846153846 0.27884615384615385
0 0.23798076923076922 0.6971153846153846 0.38461538461538464 0.20673076923076922
0 0.0889423076923077 0.5673076923076923 0.16346153846153846 0.1971153846153846
0 0.3173076923076923 0.4855769230769231 0.40384615384615385 0.28365384615384615
0 0.109375 0.2692307692307692 0.19951923076923078 0.34134615384615385
0 0.26802884615384615 0.17307692307692307 0.3629807692307692 0.2548076923076923
0 0.11538461538461539 0.06490384615384616 0.20673076923076922 0.125
0 0.5504807692307693 0.09134615384615384 0.5673076923076923 0.1778846153846154
0 0.65625 0.3112980769230769 0.46153846153846156 0.3389423076923077
0 0.49278846153846156 0.5673076923076923 0.2403846153846154 0.20192307692307693
0 0.7872596153846154 0.8737980769230769 0.4254807692307692 0.25240384615384615
0 0.8161057692307693 0.5841346153846154 0.36778846153846156 0.28365384615384615
0 0.9134615384615384 0.8016826923076923 0.17307692307692307 0.14182692307692307
0 0.7572115384615384 0.7596153846153846 0.16346153846153846 0.1201923076923077
0 0.9266826923076923 0.43990384615384615 0.1466346153846154 0.1971153846153846
0 0.9038461538461539 0.171875 0.19230769230769232 0.3245192307692308
0 0.8581730769230769 0.07692307692307693 0.20673076923076922 0.14423076923076922
