0 0.3401442307692308 0.4254807692307692 0.35336538461538464 0.7692307692307693
0 0.0889423076923077 0.24759615384615385 0.16826923076923078 0.36538461538461536
0 0.08653846153846154 0.4014423076923077 0.16346153846153846 0.22596153846153846
0 0.03365384615384615 0.2860576923076923 0.057692307692307696 0.2403846153846154
0 0.21394230769230768 0.6658653846153846 0.34134615384615385 0.42788461538461536
0 0.20432692307692307 0.8125 0.2644230769230769 0.36538461538461536
0 0.07451923076923077 0.8918269230769231 0.13942307692307693 0.21634615384615385
0 0.10336538461538461 0.7860576923076923 0.1971153846153846 0.4326923076923077
0 0.38822115384615385 0.9471153846153846 0.12740384615384615 0.10576923076923077
0 0.46875 0.84375 0.14903846153846154 0.28846153846153844
0 0.6081730769230769 0.5913461538461539 0.20673076923076922 0.6057692307692307
0 0.6129807692307693 0.9206730769230769 0.125 0.14903846153846154
0 0.7680288461538461 0.8112980769230769 0.17067307692307693 0.37740384615384615
0 0.7524038461538461 0.39903846153846156 0.1346153846153846 0.4807692307692308
0 0.875 0.3293269230769231 0.16826923076923078 0.5721153846153846
0 0.9278846153846154 0.5697115384615384 0.14423076923076922 0.5769230769230769
0 0.9399038461538461 0.9146634615384616 0.1201923076923077 0.17067307692307693
