0 0.28725961538461536 0.5817307692307693 0.4495192307692308 0.6298076923076923
0 0.05048076923076923 0.6947115384615384 0.08653846153846154 0.5096153846153846
0 0.08413461538461539 0.9495192307692307 0.15384615384615385 0.09615384615384616
0 0.34375 0.90625 0.4230769230769231 0.18269230769230768
0 0.7043269230769231 0.8293269230769231 0.2403846153846154 0.33653846153846156
0 0.5288461538461539 0.8028846153846154 0.125 0.28365384615384615
0 0.6153846153846154 0.30288461538461536 0.28365384615384615 0.3894230769230769
0 0.31850961538461536 0.21153846153846154 0.30528846153846156 0.32211538461538464
0 0.10096153846153846 0.19471153846153846 0.1875 0.38461538461538464
0 0.06490384615384616 0.4326923076923077 0.08653846153846154 0.0673076923076923
0 0.28846153846153844 0.08653846153846154 0.19230769230769232 0.16826923076923078
0 0.5456730769230769 0.08653846153846154 0.3076923076923077 0.16826923076923078
0 0.8028846153846154 0.15264423076923078 0.2548076923076923 0.3004807692307692
0 0.9266826923076923 0.09375 0.1466346153846154 0.18269230769230768
0 0.9495192307692307 0.3004807692307692 0.10096153846153846 0.3269230769230769
0 0.8762019230769231 0.39783653846153844 0.24759615384615385 0.21394230769230768
0 0.7836538461538461 0.49038461538461536 0.1201923076923077 0.16346153846153846
0 0.7512019230769231 0.5456730769230769 0.09375 0.09615384615384616
0 0.6875 0.5240384615384616 0.057692307692307696 0.0625
0 0.65625 0.6129807692307693 0.08173076923076923 0.09615384615384616
0 0.6057692307692307 0.6586538461538461 0.0625 0.0673076923076923
0 0.7764423076923077 0.6177884615384616 0.0673076923076923 0.0625
0 0.8990384615384616 0.5492788461538461 0.20192307692307693 0.2860576923076923
0 0.9411057692307693 0.7283653846153846 0.07932692307692307 0.10576923076923077
0 0.8774038461538461 0.734375 0.08653846153846154 0.19951923076923078
0 0.7956730769230769 0.921875 0.07692307692307693 0.14182692307692307
0 0.6057692307692307 0.96875 0.057692307692307696 0.057692307692307696
0 0.9002403846153846 0.8918269230769231 0.1658653846153846 0.21153846153846154
0 0.9915865384615384 0.9146634615384616 0.016826923076923076 0.17067307692307693
0 0.9723557692307693 0.7319711538461539 0.055288461538461536 0.21875
0 0.5036057692307693 0.5012019230769231 0.9975961538461539 0.9975961538461539
