0 0.140625 0.5949519230769231 0.2620192307692308 0.23798076923076922
0 0.24278846153846154 0.7512019230769231 0.3269230769230769 0.22355769230769232
0 0.3629807692307692 0.8846153846153846 0.3076923076923077 0.21634615384615385
0 0.3918269230769231 0.9867788461538461 0.20673076923076922 0.026442307692307692
0 0.5697115384615384 0.9230769230769231 0.23557692307692307 0.15384615384615385
0 0.8028846153846154 0.9783653846153846 0.21153846153846154 0.04326923076923077
0 0.8052884615384616 0.8533653846153846 0.3076923076923077 0.1971153846153846
0 0.9375 0.9242788461538461 0.125 0.15144230769230768
0 0.5612980769230769 0.7620192307692307 0.2620192307692308 0.15865384615384615
0 0.46274038461538464 0.6394230769230769 0.2956730769230769 0.1971153846153846
0 0.5600961538461539 0.5096153846153846 0.2403846153846154 0.15865384615384615
0 0.3641826923076923 0.44471153846153844 0.2620192307692308 0.19230769230769232
0 0.16105769230769232 0.35096153846153844 0.3076923076923077 0.21634615384615385
0 0.020432692307692308 0.46153846153846156 0.021634615384615384 0.08173076923076923
0 0.026442307692307692 0.24759615384615385 0.038461538461538464 0.1346153846153846
0 0.1466346153846154 0.12620192307692307 0.27884615384615385 0.21875
0 0.3293269230769231 0.2403846153846154 0.28846153846153844 0.18269230769230768
0 0.28966346153846156 0.07091346153846154 0.29086538461538464 0.13221153846153846
0 0.5841346153846154 0.0889423076923077 0.2932692307692308 0.16826923076923078
0 0.7067307692307693 0.19471153846153846 0.2403846153846154 0.15865384615384615
0 0.8040865384615384 0.056490384615384616 0.20432692307692307 0.10336538461538461
0 0.7932692307692307 0.3245192307692308 0.27884615384615385 0.1778846153846154
0 0.5264423076923077 0.31971153846153844 0.27403846153846156 0.1875
0 0.7271634615384616 0.4495192307692308 0.22355769230769232 0.125
0 0.6995192307692307 0.5913461538461539 0.21153846153846154 0.16346153846153846
0 0.8389423076923077 0.5865384615384616 0.1875 0.1778846153846154
0 0.8293269230769231 0.7596153846153846 0.25 0.15384615384615385
0 0.9567307692307693 0.8100961538461539 0.08653846153846154 0.16826923076923078
0 0.9411057692307693 0.6514423076923077 0.11778846153846154 0.17307692307692307
0 0.921875 0.4891826923076923 0.15625 0.15625
0 0.9567307692307693 0.3425480769230769 0.09134615384615384 0.14182692307692307
