0 0.7259615384615384 0.1141826923076923 0.27403846153846156 0.1658653846153846
0 0.8413461538461539 0.038461538461538464 0.3125 0.0625
0 0.9014423076923077 0.13701923076923078 0.19230769230769232 0.15865384615384615
0 0.5192307692307693 0.2932692307692308 0.3317307692307692 0.21153846153846154
0 0.7331730769230769 0.31490384615384615 0.3557692307692308 0.28846153846153844
0 0.8713942307692307 0.35096153846153844 0.25240384615384615 0.1875
0 0.7884615384615384 0.2403846153846154 0.10576923076923077 0.0625
0 0.9254807692307693 0.25240384615384615 0.14423076923076922 0.16826923076923078
0 0.6490384615384616 0.4651442307692308 0.22596153846153846 0.1466346153846154
0 0.4326923076923077 0.4182692307692308 0.27884615384615385 0.15384615384615385
0 0.5516826923076923 0.546875 0.16105769230769232 0.13221153846153846
0 0.6706730769230769 0.5576923076923077 0.12980769230769232 0.057692307692307696
0 0.765625 0.7163461538461539 0.3004807692307692 0.25
0 0.8605769230769231 0.6105769230769231 0.27403846153846156 0.2932692307692308
0 0.9411057692307693 0.5096153846153846 0.11298076923076923 0.20192307692307693
0 0.9411057692307693 0.7836538461538461 0.11298076923076923 0.07692307692307693
0 0.9122596153846154 0.9387019230769231 0.17548076923076922 0.12259615384615384
0 0.36899038461538464 0.1141826923076923 0.24759615384615385 0.1658653846153846
0 0.42427884615384615 0.02403846153846154 0.2091346153846154 0.038461538461538464
0 0.22355769230769232 0.04927884615384615 0.2692307692307692 0.08413461538461539
0 0.04326923076923077 0.03485576923076923 0.08173076923076923 0.055288461538461536
0 0.09014423076923077 0.06490384615384616 0.16105769230769232 0.11057692307692307
0 0.15384615384615385 0.15384615384615385 0.22596153846153846 0.15384615384615385
0 0.2848557692307692 0.25961538461538464 0.15625 0.11538461538461539
0 0.24278846153846154 0.34375 0.14423076923076922 0.11057692307692307
0 0.1778846153846154 0.2668269230769231 0.08173076923076923 0.08173076923076923
0 0.08413461538461539 0.28125 0.13942307692307693 0.09134615384615384
0 0.05889423076923077 0.18870192307692307 0.11298076923076923 0.08413461538461539
0 0.04567307692307692 0.3605769230769231 0.08653846153846154 0.11057692307692307
0 0.12740384615384615 0.35336538461538464 0.08653846153846154 0.057692307692307696
0 0.19951923076923078 0.40865384615384615 0.1346153846153846 0.10096153846153846
0 0.06490384615384616 0.44711538461538464 0.125 0.07692307692307693
0 0.10336538461538461 0.49038461538461536 0.08173076923076923 0.04807692307692308
0 0.15865384615384615 0.4579326923076923 0.08653846153846154 0.06971153846153846
0 0.19831730769230768 0.5 0.06971153846153846 0.04807692307692308
0 0.23076923076923078 0.46875 0.057692307692307696 0.03365384615384615
0 0.1310096153846154 0.5288461538461539 0.06490384615384616 0.028846153846153848
0 0.0625 0.5360576923076923 0.08653846153846154 0.052884615384615384
0 0.030048076923076924 0.46875 0.055288461538461536 0.1201923076923077
0 0.013221153846153846 0.5240384615384616 0.021634615384615384 0.07211538461538461
0 0.03485576923076923 0.6009615384615384 0.06490384615384616 0.10096153846153846
0 0.040865384615384616 0.6177884615384616 0.052884615384615384 0.04807692307692308
0 0.11057692307692307 0.5697115384615384 0.07692307692307693 0.052884615384615384
0 0.10336538461538461 0.6033653846153846 0.04807692307692308 0.02403846153846154
0 0.18028846153846154 0.5552884615384616 0.052884615384615384 0.038461538461538464
0 0.17307692307692307 0.5817307692307693 0.057692307692307696 0.03365384615384615
0 0.16346153846153846 0.6033653846153846 0.07692307692307693 0.028846153846153848
0 0.14903846153846154 0.6177884615384616 0.052884615384615384 0.02403846153846154
0 0.14903846153846154 0.6346153846153846 0.04326923076923077 0.014423076923076924
0 0.0829326923076923 0.65625 0.06490384615384616 0.07211538461538461
0 0.039663461538461536 0.6466346153846154 0.06490384615384616 0.0673076923076923
0 0.12740384615384615 0.6682692307692307 0.052884615384615384 0.052884615384615384
0 0.019230769230769232 0.8040865384615384 0.03365384615384615 0.016826923076923076
0 0.03245192307692308 0.7824519230769231 0.026442307692307692 0.021634615384615384
0 0.01201923076923077 0.7788461538461539 0.014423076923076924 0.028846153846153848
0 0.04567307692307692 0.7319711538461539 0.052884615384615384 0.06971153846153846
0 0.019230769230769232 0.7319711538461539 0.03365384615384615 0.05048076923076923
0 0.019230769230769232 0.6862980769230769 0.03365384615384615 0.05048076923076923
0 0.0625 0.7115384615384616 0.04326923076923077 0.038461538461538464
0 0.09134615384615384 0.7259615384615384 0.038461538461538464 0.019230769230769232
0 0.10576923076923077 0.703125 0.04326923076923077 0.026442307692307692
0 0.02403846153846154 0.9026442307692307 0.04326923076923077 0.040865384615384616
0 0.07932692307692307 0.8605769230769231 0.052884615384615384 0.0625
0 0.04567307692307692 0.9615384615384616 0.04326923076923077 0.0625
0 0.09014423076923077 0.9110576923076923 0.06490384615384616 0.08653846153846154
0 0.0985576923076923 0.9783653846153846 0.052884615384615384 0.04326923076923077
0 0.13221153846153846 0.9314903846153846 0.10576923076923077 0.08413461538461539
0 0.14543269230769232 0.9699519230769231 0.06009615384615385 0.06009615384615385
0 0.13942307692307693 0.8605769230769231 0.08173076923076923 0.0625
0 0.10817307692307693 0.8149038461538461 0.04807692307692308 0.04326923076923077
0 0.19471153846153846 0.9711538461538461 0.0625 0.057692307692307696
0 0.2091346153846154 0.9375 0.038461538461538464 0.057692307692307696
0 0.2091346153846154 0.8617788461538461 0.08173076923076923 0.08413461538461539
0 0.2512019230769231 0.9278846153846154 0.06490384615384616 0.07692307692307693
0 0.24278846153846154 0.9867788461538461 0.028846153846153848 0.026442307692307692
0 0.296875 0.9783653846153846 0.10817307692307693 0.04326923076923077
0 0.2824519230769231 0.9471153846153846 0.06490384615384616 0.0625
0 0.20192307692307693 0.7980769230769231 0.052884615384615384 0.038461538461538464
0 0.16346153846153846 0.8137019230769231 0.052884615384615384 0.055288461538461536
0 0.125 0.8076923076923077 0.04807692307692308 0.028846153846153848
0 0.1658653846153846 0.7716346153846154 0.04807692307692308 0.04326923076923077
0 0.1814903846153846 0.7235576923076923 0.06490384615384616 0.04326923076923077
0 0.13701923076923078 0.7427884615384616 0.04326923076923077 0.03365384615384615
0 0.10336538461538461 0.7548076923076923 0.09134615384615384 0.04807692307692308
0 0.23076923076923078 0.7427884615384616 0.09134615384615384 0.0673076923076923
0 0.21634615384615385 0.6947115384615384 0.04807692307692308 0.038461538461538464
0 0.24278846153846154 0.8233173076923077 0.08173076923076923 0.06009615384615385
0 0.29447115384615385 0.7884615384615384 0.06490384615384616 0.0625
0 0.2980769230769231 0.7295673076923077 0.08653846153846154 0.055288461538461536
0 0.3786057692307692 0.7776442307692307 0.11778846153846154 0.08413461538461539
0 0.27403846153846156 0.859375 0.08173076923076923 0.06009615384615385
0 0.31490384615384615 0.9158653846153846 0.08653846153846154 0.08173076923076923
0 0.3629807692307692 0.9314903846153846 0.08653846153846154 0.08413461538461539
0 0.4170673076923077 0.9639423076923077 0.14182692307692307 0.07211538461538461
0 0.4879807692307692 0.9026442307692307 0.09615384615384616 0.08413461538461539
0 0.49759615384615385 0.9591346153846154 0.052884615384615384 0.038461538461538464
0 0.5288461538461539 0.984375 0.0673076923076923 0.03125
0 0.4579326923076923 0.8653846153846154 0.026442307692307692 0.03365384615384615
0 0.40865384615384615 0.8677884615384616 0.04807692307692308 0.038461538461538464
0 0.41346153846153844 0.8389423076923077 0.04807692307692308 0.03365384615384615
0 0.35336538461538464 0.8365384615384616 0.04326923076923077 0.038461538461538464
0 0.3245192307692308 0.7596153846153846 0.052884615384615384 0.03365384615384615
0 0.3173076923076923 0.65625 0.04807692307692308 0.028846153846153848
0 0.3293269230769231 0.6826923076923077 0.04807692307692308 0.028846153846153848
0 0.31971153846153844 0.7235576923076923 0.10576923076923077 0.052884615384615384
0 0.25240384615384615 0.7127403846153846 0.038461538461538464 0.021634615384615384
0 0.25721153846153844 0.6899038461538461 0.04807692307692308 0.028846153846153848
0 0.25 0.6610576923076923 0.04326923076923077 0.028846153846153848
0 0.24278846153846154 0.6442307692307693 0.038461538461538464 0.02403846153846154
0 0.28365384615384615 0.6730769230769231 0.03365384615384615 0.028846153846153848
0 0.2860576923076923 0.6490384615384616 0.038461538461538464 0.02403846153846154
0 0.27524038461538464 0.6225961538461539 0.026442307692307692 0.02403846153846154
0 0.40865384615384615 0.6117788461538461 0.04807692307692308 0.040865384615384616
0 0.31971153846153844 0.6033653846153846 0.04326923076923077 0.028846153846153848
0 0.7680288461538461 0.8762019230769231 0.06971153846153846 0.055288461538461536
0 0.7740384615384616 0.9338942307692307 0.10096153846153846 0.055288461538461536
0 0.7776442307692307 0.9819711538461539 0.11298076923076923 0.036057692307692304
0 0.6983173076923077 0.9879807692307693 0.05048076923076923 0.02403846153846154
0 0.5817307692307693 0.8293269230769231 0.04807692307692308 0.052884615384615384
0 0.5456730769230769 0.7932692307692307 0.07692307692307693 0.04326923076923077
0 0.6526442307692307 0.7992788461538461 0.06490384615384616 0.055288461538461536
0 0.5745192307692307 0.7259615384615384 0.057692307692307696 0.04807692307692308
0 0.5372596153846154 0.7079326923076923 0.06971153846153846 0.06971153846153846
0 0.6742788461538461 0.8617788461538461 0.06490384615384616 0.055288461538461536
0 0.7091346153846154 0.8557692307692307 0.04807692307692308 0.057692307692307696
0 0.5432692307692307 0.6478365384615384 0.057692307692307696 0.040865384615384616
0 0.5829326923076923 0.6322115384615384 0.06490384615384616 0.038461538461538464
0 0.5360576923076923 0.703125 0.052884615384615384 0.055288461538461536
0 0.6033653846153846 0.9182692307692307 0.15865384615384615 0.16346153846153846
0 0.5300480769230769 0.7644230769230769 0.11778846153846154 0.2932692307692308
0 0.44471153846153844 0.8125 0.04326923076923077 0.019230769230769232
0 0.4735576923076923 0.7944711538461539 0.038461538461538464 0.021634615384615384
0 0.44471153846153844 0.7704326923076923 0.04326923076923077 0.021634615384615384
0 0.4375 0.75 0.04326923076923077 0.028846153846153848
0 0.43509615384615385 0.7211538461538461 0.038461538461538464 0.02403846153846154
0 0.39663461538461536 0.71875 0.04326923076923077 0.02403846153846154
0 0.37740384615384615 0.7091346153846154 0.04807692307692308 0.028846153846153848
0 0.3894230769230769 0.59375 0.09615384615384616 0.20192307692307693
0 0.4050480769230769 0.5336538461538461 0.11778846153846154 0.07692307692307693
0 0.40865384615384615 0.6286057692307693 0.125 0.10336538461538461
0 0.5 0.6658653846153846 0.22115384615384615 0.11057692307692307
0 0.84375 0.8533653846153846 0.09134615384615384 0.04807692307692308
0 0.9146634615384616 0.8581730769230769 0.06971153846153846 0.04807692307692308
