0 0.1875 0.35336538461538464 0.17307692307692307 0.16346153846153846
0 0.27283653846153844 0.5144230769230769 0.1466346153846154 0.13942307692307693
0 0.484375 0.375 0.37740384615384615 0.27403846153846156
0 0.5072115384615384 0.3401442307692308 0.3076923076923077 0.40625
0 0.3918269230769231 0.5625 0.41346153846153844 0.41346153846153844
0 0.5576923076923077 0.6850961538461539 0.125 0.125
0 0.6153846153846154 0.8461538461538461 0.1346153846153846 0.1346153846153846
0 0.7091346153846154 0.6802884615384616 0.1346153846153846 0.12980769230769232
0 0.6682692307692307 0.5396634615384616 0.13942307692307693 0.15144230769230768
0 0.828125 0.4254807692307692 0.2091346153846154 0.20192307692307693
0 0.7223557692307693 0.2860576923076923 0.15144230769230768 0.14903846153846154
0 0.6826923076923077 0.14182692307692307 0.10576923076923077 0.125
