0 0.09375 0.7644230769230769 0.16826923076923078 0.14903846153846154
0 0.16105769230769232 0.8389423076923077 0.08653846153846154 0.04326923076923077
0 0.3317307692307692 0.8858173076923077 0.23076923076923078 0.0985576923076923
0 0.5336538461538461 0.9254807692307693 0.1971153846153846 0.11057692307692307
0 0.5709134615384616 0.8197115384615384 0.2620192307692308 0.1778846153846154
0 0.7331730769230769 0.8473557692307693 0.20192307692307693 0.17067307692307693
0 0.8221153846153846 0.765625 0.20673076923076922 0.1466346153846154
0 0.5853365384615384 0.71875 0.3004807692307692 0.08173076923076923
0 0.5444711538461539 0.6225961538461539 0.2956730769230769 0.19230769230769232
0 0.31490384615384615 0.7716346153846154 0.3076923076923077 0.20673076923076922
0 0.1658653846153846 0.6274038461538461 0.16346153846153846 0.15384615384615385
0 0.31009615384615385 0.625 0.20673076923076922 0.12980769230769232
0 0.06490384615384616 0.6141826923076923 0.11538461538461539 0.1658653846153846
0 0.09375 0.49278846153846156 0.16826923076923078 0.14903846153846154
0 0.25 0.5204326923076923 0.17307692307692307 0.12740384615384615
0 0.40024038461538464 0.46033653846153844 0.18028846153846154 0.17067307692307693
0 0.4266826923076923 0.49278846153846156 0.22355769230769232 0.12980769230769232
0 0.6105769230769231 0.484375 0.1971153846153846 0.11298076923076923
0 0.7259615384615384 0.4807692307692308 0.125 0.1201923076923077
0 0.7427884615384616 0.6129807692307693 0.19230769230769232 0.1346153846153846
0 0.8052884615384616 0.640625 0.16346153846153846 0.11298076923076923
0 0.9242788461538461 0.6802884615384616 0.13701923076923078 0.09134615384615384
0 0.9242788461538461 0.5576923076923077 0.15144230769230768 0.17307692307692307
0 0.8557692307692307 0.46033653846153844 0.16346153846153846 0.11298076923076923
0 0.8100961538461539 0.5288461538461539 0.08173076923076923 0.04807692307692308
0 0.7439903846153846 0.3870192307692308 0.10336538461538461 0.07692307692307693
0 0.9074519230769231 0.34134615384615385 0.18509615384615385 0.11057692307692307
0 0.9026442307692307 0.3954326923076923 0.19471153846153846 0.0985576923076923
0 0.8004807692307693 0.2860576923076923 0.17307692307692307 0.12980769230769232
0 0.5745192307692307 0.3389423076923077 0.3557692307692308 0.21634615384615385
0 0.31971153846153844 0.2980769230769231 0.17307692307692307 0.15384615384615385
0 0.13221153846153846 0.32572115384615385 0.23557692307692307 0.19951923076923078
0 0.04567307692307692 0.4266826923076923 0.07692307692307693 0.15625
0 0.04326923076923077 0.2620192307692308 0.07211538461538461 0.14903846153846154
0 0.20432692307692307 0.23557692307692307 0.20673076923076922 0.11538461538461539
0 0.34134615384615385 0.15144230769230768 0.15384615384615385 0.09615384615384616
0 0.20793269230769232 0.11298076923076923 0.18028846153846154 0.1346153846153846
0 0.14182692307692307 0.15865384615384615 0.11538461538461539 0.09134615384615384
0 0.43149038461538464 0.21394230769230768 0.22355769230769232 0.14423076923076922
0 0.5985576923076923 0.20673076923076922 0.12980769230769232 0.08173076923076923
0 0.49278846153846156 0.09134615384615384 0.14903846153846154 0.125
0 0.3798076923076923 0.0625 0.23076923076923078 0.1201923076923077
0 0.7055288461538461 0.11298076923076923 0.25721153846153844 0.1778846153846154
0 0.8245192307692307 0.1658653846153846 0.16826923076923078 0.125
0 0.8918269230769231 0.2548076923076923 0.07211538461538461 0.0625
0 0.7115384615384616 0.23076923076923078 0.09134615384615384 0.0673076923076923
