0 0.09014423076923077 0.25841346153846156 0.17548076923076922 0.22355769230769232
0 0.14543269230769232 0.38461538461538464 0.22355769230769232 0.10576923076923077
0 0.16706730769230768 0.5649038461538461 0.3293269230769231 0.4567307692307692
0 0.08533653846153846 0.7548076923076923 0.13221153846153846 0.17307692307692307
0 0.44591346153846156 0.5516826923076923 0.12259615384615384 0.18990384615384615
0 0.33774038461538464 0.6298076923076923 0.36778846153846156 0.41346153846153844
0 0.5 0.6442307692307693 0.35096153846153844 0.34134615384615385
0 0.5913461538461539 0.5889423076923077 0.33653846153846156 0.3125
0 0.7067307692307693 0.6490384615384616 0.23557692307692307 0.19230769230769232
0 0.46634615384615385 0.3894230769230769 0.7596153846153846 0.5865384615384616
0 0.8581730769230769 0.6442307692307693 0.038461538461538464 0.04807692307692308
0 0.3233173076923077 0.3954326923076923 0.13221153846153846 0.18990384615384615
0 0.4375 0.41225961538461536 0.12980769230769232 0.1466346153846154
0 0.6418269230769231 0.4495192307692308 0.33653846153846156 0.19230769230769232
0 0.875 0.7992788461538461 0.25 0.2620192307692308
0 0.9242788461538461 0.5072115384615384 0.1466346153846154 0.3701923076923077
0 0.8149038461538461 0.40865384615384615 0.3076923076923077 0.40384615384615385
0 0.9278846153846154 0.20673076923076922 0.14423076923076922 0.25
0 0.8449519230769231 0.1045673076923077 0.31009615384615385 0.20432692307692307
0 0.6790865384615384 0.19591346153846154 0.29086538461538464 0.3870192307692308
0 0.4879807692307692 0.296875 0.21153846153846154 0.1466346153846154
0 0.3329326923076923 0.24278846153846154 0.0985576923076923 0.10576923076923077
0 0.3485576923076923 0.1935096153846154 0.11057692307692307 0.10817307692307693
0 0.36778846153846156 0.14543269230769232 0.04326923076923077 0.08413461538461539
0 0.5252403846153846 0.11778846153846154 0.2956730769230769 0.23076923076923078
0 0.3173076923076923 0.04927884615384615 0.15865384615384615 0.09375
0 0.2956730769230769 0.11778846153846154 0.10576923076923077 0.125
0 0.3713942307692308 0.09254807692307693 0.04567307692307692 0.08413461538461539
0 0.2283653846153846 0.14423076923076922 0.09615384615384616 0.1346153846153846
0 0.28125 0.16706730769230768 0.04326923076923077 0.0985576923076923
0 0.16947115384615385 0.056490384615384616 0.11298076923076923 0.09375
0 0.2127403846153846 0.04447115384615385 0.09375 0.08413461538461539
0 0.09495192307692307 0.11298076923076923 0.10336538461538461 0.11538461538461539
0 0.03245192307692308 0.09615384615384616 0.06009615384615385 0.10576923076923077
0 0.08653846153846154 0.04927884615384615 0.052884615384615384 0.03125
0 0.12620192307692307 0.026442307692307692 0.06490384615384616 0.04807692307692308
0 0.04447115384615385 0.028846153846153848 0.08413461538461539 0.052884615384615384
