0 0.6971153846153846 0.1141826923076923 0.12980769230769232 0.18028846153846154
0 0.6370192307692307 0.054086538461538464 0.14423076923076922 0.10336538461538461
0 0.5096153846153846 0.051682692307692304 0.09615384615384616 0.0985576923076923
0 0.5685096153846154 0.1466346153846154 0.11298076923076923 0.1346153846153846
0 0.2704326923076923 0.4411057692307692 0.10336538461538461 0.17548076923076922
0 0.1971153846153846 0.32211538461538464 0.1346153846153846 0.15384615384615385
0 0.16706730769230768 0.4495192307692308 0.12740384615384615 0.14903846153846154
0 0.06971153846153846 0.2932692307692308 0.1346153846153846 0.13942307692307693
0 0.06009615384615385 0.44711538461538464 0.11538461538461539 0.21634615384615385
0 0.10096153846153846 0.515625 0.03365384615384615 0.04567307692307692
0 0.12139423076923077 0.5384615384615384 0.05048076923076923 0.0625
0 0.18629807692307693 0.5360576923076923 0.040865384615384616 0.057692307692307696
0 0.2247596153846154 0.53125 0.036057692307692304 0.057692307692307696
0 0.2644230769230769 0.5564903846153846 0.038461538461538464 0.04567307692307692
0 0.3016826923076923 0.5540865384615384 0.036057692307692304 0.06009615384615385
0 0.27884615384615385 0.5853365384615384 0.03365384615384615 0.03125
0 0.2548076923076923 0.6237980769230769 0.038461538461538464 0.055288461538461536
0 0.23076923076923078 0.5769230769230769 0.038461538461538464 0.04807692307692308
0 0.20673076923076922 0.6081730769230769 0.04807692307692308 0.0673076923076923
0 0.21033653846153846 0.6670673076923077 0.05048076923076923 0.05048076923076923
0 0.328125 0.7319711538461539 0.040865384615384616 0.055288461538461536
0 0.23798076923076922 0.9663461538461539 0.04807692307692308 0.0625
0 0.5757211538461539 0.9555288461538461 0.07451923076923077 0.08413461538461539
0 0.7788461538461539 0.8942307692307693 0.125 0.20673076923076922
0 0.9122596153846154 0.7944711538461539 0.17548076923076922 0.10817307692307693
0 0.8978365384615384 0.9050480769230769 0.20432692307692307 0.18509615384615385
0 0.8822115384615384 0.7007211538461539 0.23076923076923078 0.17067307692307693
0 0.35216346153846156 0.9098557692307693 0.15144230769230768 0.10336538461538461
0 0.15865384615384615 0.8473557692307693 0.08173076923076923 0.1658653846153846
0 0.1045673076923077 0.9146634615384616 0.06490384615384616 0.1658653846153846
0 0.4543269230769231 0.8016826923076923 0.125 0.05048076923076923
0 0.34975961538461536 0.7884615384615384 0.055288461538461536 0.09615384615384616
0 0.29447115384615385 0.7235576923076923 0.07451923076923077 0.08173076923076923
0 0.390625 0.6682692307692307 0.11298076923076923 0.07211538461538461
0 0.4423076923076923 0.6370192307692307 0.052884615384615384 0.08173076923076923
0 0.5252403846153846 0.7319711538461539 0.0889423076923077 0.11778846153846154
0 0.5396634615384616 0.6213942307692307 0.08413461538461539 0.09375
0 0.6430288461538461 0.6310096153846154 0.1466346153846154 0.19471153846153846
0 0.7007211538461539 0.6935096153846154 0.1466346153846154 0.17548076923076922
0 0.8269230769230769 0.5396634615384616 0.1201923076923077 0.17548076923076922
0 0.7788461538461539 0.5685096153846154 0.11538461538461539 0.10817307692307693
0 0.6274038461538461 0.5516826923076923 0.057692307692307696 0.11778846153846154
0 0.7896634615384616 0.43149038461538464 0.10817307692307693 0.18509615384615385
0 0.7007211538461539 0.39903846153846156 0.12259615384615384 0.15384615384615385
0 0.7259615384615384 0.3016826923076923 0.10576923076923077 0.09375
0 0.6262019230769231 0.3137019230769231 0.07932692307692307 0.10817307692307693
0 0.6358173076923077 0.3942307692307692 0.16105769230769232 0.23557692307692307
0 0.9519230769230769 0.13942307692307693 0.09615384615384616 0.15865384615384615
0 0.9170673076923077 0.2548076923076923 0.16105769230769232 0.15384615384615385
0 0.8245192307692307 0.27283653846153844 0.07692307692307693 0.11778846153846154
0 0.9170673076923077 0.36778846153846156 0.16105769230769232 0.15384615384615385
0 0.9711538461538461 0.4735576923076923 0.052884615384615384 0.15865384615384615
0 0.9423076923076923 0.5 0.11057692307692307 0.21153846153846154
0 0.5168269230769231 0.3329326923076923 0.10096153846153846 0.10336538461538461
0 0.5240384615384616 0.41466346153846156 0.10096153846153846 0.09375
0 0.43149038461538464 0.3786057692307692 0.06971153846153846 0.10336538461538461
0 0.47716346153846156 0.41466346153846156 0.055288461538461536 0.09375
0 0.38822115384615385 0.44350961538461536 0.06971153846153846 0.0889423076923077
0 0.4519230769230769 0.5408653846153846 0.08173076923076923 0.12980769230769232
0 0.5144230769230769 0.5060096153846154 0.08173076923076923 0.10817307692307693
0 0.15504807692307693 0.6742788461538461 0.040865384615384616 0.040865384615384616
0 0.13581730769230768 0.6286057692307693 0.036057692307692304 0.04567307692307692
0 0.1310096153846154 0.5901442307692307 0.03125 0.040865384615384616
0 0.1045673076923077 0.6081730769230769 0.036057692307692304 0.057692307692307696
0 0.0733173076923077 0.5588942307692307 0.040865384615384616 0.05048076923076923
0 0.03485576923076923 0.5793269230769231 0.040865384615384616 0.0625
0 0.06370192307692307 0.6225961538461539 0.06009615384615385 0.07211538461538461
0 0.10096153846153846 0.6658653846153846 0.0673076923076923 0.0673076923076923
0 0.09735576923076923 0.7055288461538461 0.040865384615384616 0.055288461538461536
0 0.054086538461538464 0.7007211538461539 0.040865384615384616 0.055288461538461536
0 0.02403846153846154 0.6658653846153846 0.04326923076923077 0.0673076923076923
0 0.01201923076923077 0.6286057692307693 0.019230769230769232 0.055288461538461536
0 0.008413461538461538 0.5817307692307693 0.01201923076923077 0.04807692307692308
0 0.24278846153846154 0.11899038461538461 0.4807692307692308 0.23317307692307693
0 0.4495192307692308 0.20432692307692307 0.057692307692307696 0.07211538461538461
0 0.4074519230769231 0.2247596153846154 0.055288461538461536 0.10336538461538461
0 0.31850961538461536 0.27283653846153844 0.0889423076923077 0.10817307692307693
0 0.23076923076923078 0.11057692307692307 0.10096153846153846 0.09134615384615384
