0 0.1466346153846154 0.046875 0.25961538461538464 0.0889423076923077
0 0.2403846153846154 0.11057692307692307 0.1875 0.21634615384615385
0 0.08413461538461539 0.27884615384615385 0.15384615384615385 0.22115384615384615
0 0.07211538461538461 0.1310096153846154 0.13942307692307693 0.2283653846153846
0 0.38100961538461536 0.1466346153846154 0.17067307692307693 0.15384615384615385
0 0.4891826923076923 0.2956730769230769 0.2091346153846154 0.28846153846153844
0 0.24879807692307693 0.4254807692307692 0.30528846153846156 0.34134615384615385
0 0.34375 0.6081730769230769 0.3894230769230769 0.42788461538461536
0 0.05889423076923077 0.4795673076923077 0.11298076923076923 0.2620192307692308
0 0.11298076923076923 0.8064903846153846 0.22115384615384615 0.37259615384615385
0 0.5444711538461539 0.8425480769230769 0.47836538461538464 0.31009615384615385
0 0.7307692307692307 0.6887019230769231 0.40384615384615385 0.6081730769230769
0 0.5516826923076923 0.1346153846153846 0.18028846153846154 0.2644230769230769
0 0.6875 0.234375 0.18269230769230768 0.3389423076923077
0 0.8918269230769231 0.39302884615384615 0.21634615384615385 0.6033653846153846
0 0.9266826923076923 0.07692307692307693 0.1466346153846154 0.14903846153846154
0 0.7379807692307693 0.0673076923076923 0.21153846153846154 0.12980769230769232
