0 0.14182692307692307 0.9182692307692307 0.10096153846153846 0.15865384615384615
0 0.3137019230769231 0.8942307692307693 0.12259615384615384 0.1346153846153846
0 0.19471153846153846 0.7644230769230769 0.10576923076923077 0.15384615384615385
0 0.2127403846153846 0.8762019230769231 0.0985576923076923 0.1466346153846154
0 0.2980769230769231 0.7788461538461539 0.09615384615384616 0.11057692307692307
0 0.3004807692307692 0.6923076923076923 0.09134615384615384 0.10576923076923077
0 0.27403846153846156 0.6346153846153846 0.08653846153846154 0.12980769230769232
0 0.31009615384615385 0.5612980769230769 0.052884615384615384 0.06490384615384616
0 0.35216346153846156 0.5973557692307693 0.0889423076923077 0.1466346153846154
0 0.37740384615384615 0.5048076923076923 0.052884615384615384 0.08173076923076923
0 0.44471153846153844 0.47716346153846156 0.0673076923076923 0.09375
0 0.40865384615384615 0.5673076923076923 0.04807692307692308 0.10096153846153846
0 0.46153846153846156 0.6177884615384616 0.09615384615384616 0.13942307692307693
0 0.38461538461538464 0.7451923076923077 0.07692307692307693 0.1875
0 0.44350961538461536 0.8894230769230769 0.0985576923076923 0.16826923076923078
0 0.4579326923076923 0.7379807692307693 0.07451923076923077 0.1346153846153846
0 0.5408653846153846 0.7740384615384616 0.10096153846153846 0.11538461538461539
0 0.5372596153846154 0.6598557692307693 0.0889423076923077 0.12259615384615384
0 0.5192307692307693 0.5096153846153846 0.07692307692307693 0.07692307692307693
0 0.5012019230769231 0.5721153846153846 0.05048076923076923 0.08653846153846154
0 0.5733173076923077 0.5673076923076923 0.0985576923076923 0.11057692307692307
0 0.6105769230769231 0.5444711538461539 0.038461538461538464 0.06490384615384616
0 0.6322115384615384 0.6490384615384616 0.10096153846153846 0.11057692307692307
0 0.7163461538461539 0.65625 0.08653846153846154 0.11057692307692307
0 0.7019230769230769 0.7307692307692307 0.07211538461538461 0.1346153846153846
0 0.6286057692307693 0.7692307692307693 0.07451923076923077 0.13942307692307693
0 0.6370192307692307 0.8966346153846154 0.09134615384615384 0.13942307692307693
0 0.53125 0.9002403846153846 0.08653846153846154 0.1466346153846154
0 0.5889423076923077 0.8822115384615384 0.04807692307692308 0.11057692307692307
0 0.7247596153846154 0.9134615384615384 0.0889423076923077 0.15865384615384615
0 0.7776442307692307 0.7548076923076923 0.0889423076923077 0.11057692307692307
0 0.859375 0.8509615384615384 0.0985576923076923 0.12980769230769232
0 0.7728365384615384 0.8918269230769231 0.07451923076923077 0.15384615384615385
0 0.8341346153846154 0.7980769230769231 0.038461538461538464 0.057692307692307696
