0 0.7596153846153846 0.8473557692307693 0.4807692307692308 0.3004807692307692
0 0.6778846153846154 0.43990384615384615 0.6442307692307693 0.7644230769230769
0 0.7283653846153846 0.08173076923076923 0.22115384615384615 0.15865384615384615
0 0.8653846153846154 0.054086538461538464 0.22596153846153846 0.10336538461538461
0 0.9711538461538461 0.03245192307692308 0.057692307692307696 0.06009615384615385
0 0.5540865384615384 0.0733173076923077 0.14182692307692307 0.14182692307692307
0 0.3798076923076923 0.17067307692307693 0.25961538461538464 0.28846153846153844
0 0.24759615384615385 0.1310096153846154 0.25 0.22355769230769232
0 0.14302884615384615 0.43149038461538464 0.28125 0.28125
0 0.19591346153846154 0.5192307692307693 0.3870192307692308 0.4230769230769231
0 0.10576923076923077 0.8581730769230769 0.20192307692307693 0.27884615384615385
