0 0.8918269230769231 0.34375 0.18269230769230768 0.2980769230769231
0 0.9639423076923077 0.49759615384615385 0.07211538461538461 0.23076923076923078
0 0.9783653846153846 0.18269230769230768 0.038461538461538464 0.08653846153846154
0 0.9927884615384616 0.2848557692307692 0.014423076923076924 0.11778846153846154
0 0.9831730769230769 0.0829326923076923 0.03365384615384615 0.13701923076923078
0 0.8629807692307693 0.16105769230769232 0.04807692307692308 0.15384615384615385
0 0.9206730769230769 0.15144230769230768 0.057692307692307696 0.11057692307692307
0 0.9423076923076923 0.06490384615384616 0.052884615384615384 0.11057692307692307
0 0.8894230769230769 0.06009615384615385 0.04807692307692308 0.10096153846153846
0 0.8533653846153846 0.025240384615384616 0.038461538461538464 0.03125
0 0.8173076923076923 0.17427884615384615 0.04326923076923077 0.09375
0 0.8004807692307693 0.09254807692307693 0.1346153846153846 0.11778846153846154
0 0.8149038461538461 0.046875 0.052884615384615384 0.07451923076923077
0 0.7379807692307693 0.08173076923076923 0.10096153846153846 0.14423076923076922
0 0.6947115384615384 0.040865384615384616 0.04326923076923077 0.0625
0 0.7596153846153846 0.2091346153846154 0.11538461538461539 0.14903846153846154
0 0.8245192307692307 0.26802884615384615 0.057692307692307696 0.09375
0 0.7379807692307693 0.3449519230769231 0.07211538461538461 0.22355769230769232
0 0.7764423076923077 0.3629807692307692 0.057692307692307696 0.17307692307692307
0 0.7235576923076923 0.44471153846153844 0.03365384615384615 0.08653846153846154
0 0.6850961538461539 0.5072115384615384 0.038461538461538464 0.11057692307692307
0 0.6370192307692307 0.3701923076923077 0.14903846153846154 0.33653846153846156
0 0.5889423076923077 0.15625 0.14903846153846154 0.2932692307692308
0 0.8341346153846154 0.5961538461538461 0.15865384615384615 0.20673076923076922
0 0.9639423076923077 0.6622596153846154 0.07211538461538461 0.16105769230769232
0 0.9663461538461539 0.8317307692307693 0.0673076923076923 0.15384615384615385
0 0.9831730769230769 0.9795673076923077 0.03365384615384615 0.040865384615384616
0 0.90625 0.9471153846153846 0.1201923076923077 0.11057692307692307
0 0.8798076923076923 0.7908653846153846 0.11057692307692307 0.21153846153846154
0 0.7644230769230769 0.7451923076923077 0.125 0.21634615384615385
0 0.6947115384615384 0.6262019230769231 0.13942307692307693 0.2668269230769231
0 0.7956730769230769 0.9254807692307693 0.11538461538461539 0.15384615384615385
0 0.7079326923076923 0.9855769230769231 0.040865384615384616 0.028846153846153848
0 0.7043269230769231 0.9543269230769231 0.052884615384615384 0.08653846153846154
0 0.6658653846153846 0.9326923076923077 0.052884615384615384 0.08173076923076923
0 0.6971153846153846 0.8798076923076923 0.04326923076923077 0.0625
0 0.7355769230769231 0.8822115384615384 0.028846153846153848 0.08173076923076923
0 0.6514423076923077 0.8533653846153846 0.038461538461538464 0.0625
0 0.6153846153846154 0.8846153846153846 0.04326923076923077 0.10096153846153846
0 0.6153846153846154 0.8052884615384616 0.052884615384615384 0.10096153846153846
0 0.6418269230769231 0.7788461538461539 0.038461538461538464 0.08653846153846154
0 0.59375 0.7463942307692307 0.038461538461538464 0.11778846153846154
0 0.5600961538461539 0.8076923076923077 0.04326923076923077 0.08173076923076923
0 0.5600961538461539 0.8870192307692307 0.04326923076923077 0.10576923076923077
0 0.5889423076923077 0.9350961538461539 0.038461538461538464 0.11057692307692307
0 0.5516826923076923 0.9723557692307693 0.055288461538461536 0.055288461538461536
0 0.5192307692307693 0.9230769230769231 0.038461538461538464 0.08653846153846154
0 0.5048076923076923 0.8545673076923077 0.04807692307692308 0.07451923076923077
0 0.47836538461538464 0.9242788461538461 0.052884615384615384 0.09375
0 0.5036057692307693 0.9795673076923077 0.06490384615384616 0.040865384615384616
0 0.4567307692307692 0.9603365384615384 0.04326923076923077 0.07451923076923077
0 0.4230769230769231 0.8942307692307693 0.03365384615384615 0.08173076923076923
0 0.4543269230769231 0.8701923076923077 0.038461538461538464 0.0673076923076923
0 0.4110576923076923 0.9663461538461539 0.0673076923076923 0.0673076923076923
0 0.375 0.9879807692307693 0.038461538461538464 0.02403846153846154
0 0.47836538461538464 0.5745192307692307 0.20192307692307693 0.5336538461538461
0 0.39663461538461536 0.19230769230769232 0.16826923076923078 0.3173076923076923
0 0.43990384615384615 0.16826923076923078 0.07211538461538461 0.3173076923076923
0 0.3701923076923077 0.07451923076923077 0.04326923076923077 0.12980769230769232
0 0.23317307692307693 0.32091346153846156 0.28365384615384615 0.5216346153846154
0 0.2668269230769231 0.25240384615384615 0.28365384615384615 0.4855769230769231
0 0.22355769230769232 0.7307692307692307 0.052884615384615384 0.10096153846153846
0 0.28125 0.6959134615384616 0.057692307692307696 0.09375
0 0.23317307692307693 0.6634615384615384 0.052884615384615384 0.10576923076923077
0 0.2620192307692308 0.6177884615384616 0.052884615384615384 0.08653846153846154
0 0.18269230769230768 0.5552884615384616 0.057692307692307696 0.11057692307692307
0 0.24759615384615385 0.5829326923076923 0.07211538461538461 0.09375
0 0.15144230769230768 0.47475961538461536 0.04326923076923077 0.07451923076923077
0 0.09254807692307693 0.9447115384615384 0.18028846153846154 0.11057692307692307
0 0.10096153846153846 0.8125 0.10096153846153846 0.20673076923076922
0 0.055288461538461536 0.6153846153846154 0.10096153846153846 0.21634615384615385
0 0.028846153846153848 0.7632211538461539 0.052884615384615384 0.19471153846153846
0 0.12980769230769232 0.5745192307692307 0.04807692307692308 0.08653846153846154
0 0.10817307692307693 0.5192307692307693 0.04807692307692308 0.08653846153846154
0 0.09134615384615384 0.453125 0.04807692307692308 0.09375
0 0.11778846153846154 0.4074519230769231 0.04807692307692308 0.07451923076923077
0 0.07932692307692307 0.34134615384615385 0.04326923076923077 0.08173076923076923
0 0.040865384615384616 0.38461538461538464 0.052884615384615384 0.08173076923076923
0 0.021634615384615384 0.32091346153846156 0.028846153846153848 0.07451923076923077
0 0.04807692307692308 0.2956730769230769 0.052884615384615384 0.08653846153846154
0 0.036057692307692304 0.22115384615384615 0.057692307692307696 0.10096153846153846
0 0.07451923076923077 0.17307692307692307 0.03365384615384615 0.10576923076923077
0 0.08653846153846154 0.2692307692307692 0.038461538461538464 0.0625
0 0.055288461538461536 0.10336538461538461 0.052884615384615384 0.10096153846153846
0 0.10817307692307693 0.08173076923076923 0.04326923076923077 0.08173076923076923
0 0.016826923076923076 0.1310096153846154 0.028846153846153848 0.09375
0 0.2824519230769231 0.7463942307692307 0.28125 0.5072115384615384
