0 0.6598557692307693 0.46153846153846156 0.3389423076923077 0.2692307692307692
0 0.6526442307692307 0.7211538461538461 0.23798076923076922 0.21634615384615385
0 0.796875 0.6730769230769231 0.0889423076923077 0.0673076923076923
0 0.24759615384615385 0.5913461538461539 0.47596153846153844 0.33653846153846156
0 0.11298076923076923 0.7524038461538461 0.14903846153846154 0.057692307692307696
3 0.6538461538461539 0.453125 0.4230769230769231 0.3004807692307692
3 0.2620192307692308 0.6033653846153846 0.5048076923076923 0.3942307692307692
3 0.09134615384615384 0.9795673076923077 0.16826923076923078 0.040865384615384616
2 0.6706730769230769 0.7451923076923077 0.4519230769230769 0.2980769230769231
2 0.7199519230769231 0.9170673076923077 0.3389423076923077 0.16105769230769232
