0 0.7572115384615384 0.5384615384615384 0.21634615384615385 0.3173076923076923
0 0.9290865384615384 0.23677884615384615 0.14182692307692307 0.2620192307692308
0 0.6165865384615384 0.38461538461538464 0.17067307692307693 0.25
0 0.46274038461538464 0.3942307692307692 0.15625 0.2692307692307692
0 0.40384615384615385 0.15985576923076922 0.22115384615384615 0.3004807692307692
0 0.25841346153846156 0.47115384615384615 0.21875 0.27884615384615385
0 0.3954326923076923 0.7043269230769231 0.23317307692307693 0.3317307692307692
0 0.21875 0.6502403846153846 0.15865384615384615 0.18028846153846154
0 0.10817307692307693 0.4074519230769231 0.18269230769230768 0.2956730769230769
0 0.5012019230769231 0.5048076923076923 0.9975961538461539 0.9951923076923077
