0 0.9290865384615384 0.28725961538461536 0.13701923076923078 0.21394230769230768
0 0.7247596153846154 0.28725961538461536 0.38221153846153844 0.18509615384615385
0 0.7115384615384616 0.1346153846153846 0.19230769230769232 0.10096153846153846
0 0.6514423076923077 0.24278846153846154 0.23557692307692307 0.12980769230769232
0 0.7548076923076923 0.5396634615384616 0.4855769230769231 0.5649038461538461
0 0.9074519230769231 0.5528846153846154 0.18028846153846154 0.3269230769230769
0 0.8629807692307693 0.8810096153846154 0.19230769230769232 0.15625
0 0.7896634615384616 0.890625 0.2091346153846154 0.21875
0 0.6298076923076923 0.6838942307692307 0.27884615384615385 0.43509615384615385
0 0.5216346153846154 0.359375 0.1875 0.21394230769230768
0 0.49399038461538464 0.19591346153846154 0.2620192307692308 0.18509615384615385
0 0.5528846153846154 0.0889423076923077 0.21153846153846154 0.16826923076923078
0 0.43990384615384615 0.06129807692307692 0.25 0.10817307692307693
0 0.3389423076923077 0.19951923076923078 0.23557692307692307 0.1971153846153846
0 0.3557692307692308 0.31009615384615385 0.21153846153846154 0.09615384615384616
0 0.37740384615384615 0.421875 0.28846153846153844 0.12740384615384615
0 0.39302884615384615 0.5745192307692307 0.25721153846153844 0.11538461538461539
0 0.47475961538461536 0.5456730769230769 0.3004807692307692 0.1778846153846154
0 0.484375 0.6778846153846154 0.21875 0.09134615384615384
0 0.5144230769230769 0.7740384615384616 0.3894230769230769 0.12980769230769232
0 0.47596153846153844 0.8341346153846154 0.19230769230769232 0.0625
0 0.6129807692307693 0.8846153846153846 0.125 0.12980769230769232
0 0.6610576923076923 0.9507211538461539 0.09615384615384616 0.0985576923076923
0 0.5444711538461539 0.9314903846153846 0.18509615384615385 0.13701923076923078
0 0.43028846153846156 0.9134615384615384 0.15384615384615385 0.13942307692307693
0 0.14182692307692307 0.6826923076923077 0.19230769230769232 0.47596153846153844
0 0.06370192307692307 0.5168269230769231 0.11778846153846154 0.18269230769230768
0 0.21153846153846154 0.6442307692307693 0.1201923076923077 0.2980769230769231
0 0.2620192307692308 0.4567307692307692 0.21153846153846154 0.14903846153846154
0 0.0673076923076923 0.43149038461538464 0.125 0.36778846153846156
0 0.028846153846153848 0.2608173076923077 0.04807692307692308 0.11298076923076923
0 0.11057692307692307 0.1310096153846154 0.21153846153846154 0.10817307692307693
0 0.1045673076923077 0.04927884615384615 0.19951923076923078 0.0889423076923077
0 0.19230769230769232 0.17067307692307693 0.27884615384615385 0.14903846153846154
0 0.20552884615384615 0.27403846153846156 0.14182692307692307 0.22596153846153846
