0 0.5745192307692307 0.23557692307692307 0.3317307692307692 0.2548076923076923
0 0.3016826923076923 0.28365384615384615 0.2668269230769231 0.3557692307692308
0 0.1201923076923077 0.2283653846153846 0.23076923076923078 0.24519230769230768
0 0.17307692307692307 0.5360576923076923 0.3317307692307692 0.6201923076923077
0 0.27163461538461536 0.4855769230769231 0.1346153846153846 0.2548076923076923
0 0.4519230769230769 0.4543269230769231 0.21153846153846154 0.2644230769230769
0 0.8774038461538461 0.20072115384615385 0.24519230769230768 0.19951923076923078
0 0.7860576923076923 0.2091346153846154 0.07692307692307693 0.07692307692307693
0 0.7716346153846154 0.13221153846153846 0.04807692307692308 0.0625
0 0.7307692307692307 0.2776442307692308 0.07211538461538461 0.0889423076923077
0 0.9423076923076923 0.4326923076923077 0.11538461538461539 0.28846153846153844
0 0.8149038461538461 0.390625 0.3173076923076923 0.3485576923076923
0 0.9170673076923077 0.6069711538461539 0.1658653846153846 0.2956730769230769
0 0.8978365384615384 0.7415865384615384 0.20432692307692307 0.36778846153846156
0 0.796875 0.42427884615384615 0.40625 0.39663461538461536
0 0.8810096153846154 0.8762019230769231 0.23798076923076922 0.24759615384615385
0 0.6694711538461539 0.9483173076923077 0.17067307692307693 0.10336538461538461
0 0.5600961538461539 0.8545673076923077 0.17307692307692307 0.29086538461538464
0 0.4411057692307692 0.8894230769230769 0.15144230769230768 0.22115384615384615
0 0.3389423076923077 0.7848557692307693 0.18269230769230768 0.28125
0 0.1466346153846154 0.828125 0.21634615384615385 0.21394230769230768
0 0.38221153846153844 0.6394230769230769 0.3173076923076923 0.2692307692307692
0 0.03245192307692308 0.8834134615384616 0.05048076923076923 0.23317307692307693
0 0.10697115384615384 0.9483173076923077 0.20432692307692307 0.10336538461538461
0 0.28966346153846156 0.9459134615384616 0.19951923076923078 0.10817307692307693
0 0.6129807692307693 0.41346153846153844 0.08173076923076923 0.10576923076923077
0 0.5600961538461539 0.46153846153846156 0.0673076923076923 0.08173076923076923
0 0.6033653846153846 0.5240384615384616 0.07211538461538461 0.10576923076923077
0 0.5673076923076923 0.5637019230769231 0.0625 0.0985576923076923
0 0.671875 0.47115384615384615 0.08413461538461539 0.10576923076923077
0 0.7115384615384616 0.5721153846153846 0.07211538461538461 0.11057692307692307
0 0.6514423076923077 0.5949519230769231 0.0673076923076923 0.0889423076923077
0 0.6033653846153846 0.6298076923076923 0.057692307692307696 0.07692307692307693
0 0.7379807692307693 0.5372596153846154 0.057692307692307696 0.0889423076923077
0 0.7764423076923077 0.625 0.03365384615384615 0.0673076923076923
0 0.7379807692307693 0.6622596153846154 0.08173076923076923 0.0985576923076923
0 0.6658653846153846 0.6947115384615384 0.07211538461538461 0.11538461538461539
0 0.6105769230769231 0.7115384615384616 0.0625 0.08173076923076923
0 0.6105769230769231 0.7944711538461539 0.0625 0.09375
0 0.6682692307692307 0.8052884615384616 0.0673076923076923 0.10576923076923077
0 0.6634615384615384 0.8641826923076923 0.052884615384615384 0.036057692307692304
0 0.6850961538461539 0.8846153846153846 0.0673076923076923 0.07692307692307693
0 0.7379807692307693 0.8401442307692307 0.08653846153846154 0.0985576923076923
0 0.7620192307692307 0.7608173076923077 0.07692307692307693 0.0889423076923077
0 0.7980769230769231 0.8221153846153846 0.057692307692307696 0.07692307692307693
0 0.8173076923076923 0.734375 0.08173076923076923 0.0889423076923077
0 0.8665865384615384 0.9591346153846154 0.06490384615384616 0.0673076923076923
0 0.8052884615384616 0.9567307692307693 0.052884615384615384 0.04326923076923077
0 0.78125 0.8990384615384616 0.0673076923076923 0.0625
0 0.5024038461538461 0.5492788461538461 0.9951923076923077 0.9014423076923077
