0 0.9579326923076923 0.8641826923076923 0.040865384615384616 0.04567307692307692
0 0.9855769230769231 0.9230769230769231 0.028846153846153848 0.03365384615384615
0 0.9302884615384616 0.921875 0.04807692307692308 0.04567307692307692
0 0.8774038461538461 0.9134615384615384 0.052884615384615384 0.052884615384615384
0 0.8245192307692307 0.9002403846153846 0.038461538461538464 0.04567307692307692
0 0.8461538461538461 0.8389423076923077 0.038461538461538464 0.038461538461538464
0 0.8990384615384616 0.8509615384615384 0.04807692307692308 0.052884615384615384
0 0.9831730769230769 0.8016826923076923 0.03365384615384615 0.04567307692307692
0 0.9711538461538461 0.7451923076923077 0.04326923076923077 0.0673076923076923
0 0.9951923076923077 0.7415865384615384 0.009615384615384616 0.07451923076923077
0 0.9362980769230769 0.7908653846153846 0.055288461538461536 0.057692307692307696
0 0.9302884615384616 0.7331730769230769 0.03365384615384615 0.057692307692307696
0 0.9579326923076923 0.6995192307692307 0.040865384615384616 0.03365384615384615
0 0.9134615384615384 0.6947115384615384 0.019230769230769232 0.028846153846153848
0 0.8918269230769231 0.7235576923076923 0.04326923076923077 0.0625
0 0.8701923076923077 0.7379807692307693 0.04326923076923077 0.057692307692307696
0 0.8798076923076923 0.78125 0.052884615384615384 0.052884615384615384
0 0.8245192307692307 0.7740384615384616 0.052884615384615384 0.057692307692307696
0 0.8016826923076923 0.7403846153846154 0.03125 0.038461538461538464
0 0.8052884615384616 0.6935096153846154 0.04326923076923077 0.04567307692307692
0 0.8365384615384616 0.7091346153846154 0.04326923076923077 0.057692307692307696
0 0.8653846153846154 0.6923076923076923 0.028846153846153848 0.02403846153846154
0 0.9338942307692307 0.5625 0.040865384615384616 0.0625
0 0.9302884615384616 0.49038461538461536 0.03365384615384615 0.057692307692307696
0 0.8966346153846154 0.49759615384615385 0.04807692307692308 0.057692307692307696
0 0.8882211538461539 0.4423076923076923 0.040865384615384616 0.052884615384615384
0 0.8653846153846154 0.4254807692307692 0.03365384615384615 0.052884615384615384
0 0.8377403846153846 0.4879807692307692 0.040865384615384616 0.052884615384615384
0 0.8605769230769231 0.4795673076923077 0.028846153846153848 0.04567307692307692
0 0.8365384615384616 0.43990384615384615 0.02403846153846154 0.03365384615384615
0 0.8653846153846154 0.5480769230769231 0.04807692307692308 0.03365384615384615
0 0.8966346153846154 0.5997596153846154 0.04807692307692308 0.04567307692307692
0 0.8317307692307693 0.6033653846153846 0.04326923076923077 0.028846153846153848
0 0.8004807692307693 0.5492788461538461 0.052884615384615384 0.04567307692307692
0 0.7932692307692307 0.48677884615384615 0.052884615384615384 0.04567307692307692
0 0.8088942307692307 0.4387019230769231 0.040865384615384616 0.04567307692307692
0 0.7548076923076923 0.5576923076923077 0.028846153846153848 0.052884615384615384
0 0.7572115384615384 0.5 0.02403846153846154 0.028846153846153848
0 0.6177884615384616 0.3641826923076923 0.1346153846153846 0.04567307692307692
0 0.6983173076923077 0.4110576923076923 0.016826923076923076 0.02403846153846154
0 0.6778846153846154 0.4230769230769231 0.028846153846153848 0.03365384615384615
0 0.6670673076923077 0.3918269230769231 0.03125 0.028846153846153848
0 0.6466346153846154 0.41346153846153844 0.028846153846153848 0.038461538461538464
0 0.6346153846153846 0.3870192307692308 0.028846153846153848 0.02403846153846154
0 0.6225961538461539 0.41586538461538464 0.02403846153846154 0.03365384615384615
0 0.6009615384615384 0.39903846153846156 0.02403846153846154 0.02403846153846154
0 0.5973557692307693 0.4230769230769231 0.03125 0.02403846153846154
0 0.5661057692307693 0.39903846153846156 0.03125 0.02403846153846154
0 0.7836538461538461 0.8918269230769231 0.052884615384615384 0.0625
0 0.7403846153846154 0.9278846153846154 0.04326923076923077 0.03365384615384615
0 0.7475961538461539 0.8341346153846154 0.04807692307692308 0.038461538461538464
0 0.6730769230769231 0.8365384615384616 0.052884615384615384 0.03365384615384615
0 0.7091346153846154 0.8846153846153846 0.038461538461538464 0.038461538461538464
0 0.6778846153846154 0.9254807692307693 0.038461538461538464 0.038461538461538464
0 0.6346153846153846 0.9050480769230769 0.038461538461538464 0.04567307692307692
0 0.5913461538461539 0.8930288461538461 0.04326923076923077 0.04567307692307692
0 0.5625 0.9423076923076923 0.04807692307692308 0.052884615384615384
0 0.49278846153846156 0.9399038461538461 0.0625 0.03365384615384615
0 0.5216346153846154 0.8798076923076923 0.057692307692307696 0.0625
0 0.4519230769230769 0.8870192307692307 0.052884615384615384 0.03365384615384615
0 0.7103365384615384 0.6514423076923077 0.040865384615384616 0.057692307692307696
0 0.6658653846153846 0.6586538461538461 0.04807692307692308 0.057692307692307696
0 0.6322115384615384 0.6730769230769231 0.038461538461538464 0.038461538461538464
0 0.5841346153846154 0.6742788461538461 0.02403846153846154 0.04567307692307692
0 0.6045673076923077 0.6862980769230769 0.03125 0.04567307692307692
0 0.6225961538461539 0.7307692307692307 0.038461538461538464 0.0625
0 0.6706730769230769 0.7536057692307693 0.038461538461538464 0.07451923076923077
0 0.7127403846153846 0.7668269230769231 0.040865384615384616 0.057692307692307696
0 0.7415865384615384 0.7548076923076923 0.03125 0.057692307692307696
0 0.7740384615384616 0.7391826923076923 0.02403846153846154 0.04567307692307692
0 0.7487980769230769 0.7067307692307693 0.03125 0.038461538461538464
0 0.7211538461538461 0.7103365384615384 0.03365384615384615 0.04567307692307692
0 0.6862980769230769 0.71875 0.040865384615384616 0.0625
0 0.7139423076923077 0.5336538461538461 0.04326923076923077 0.052884615384615384
0 0.6730769230769231 0.4951923076923077 0.038461538461538464 0.052884615384615384
0 0.6971153846153846 0.5120192307692307 0.02403846153846154 0.038461538461538464
0 0.6634615384615384 0.5420673076923077 0.038461538461538464 0.04567307692307692
0 0.6850961538461539 0.5408653846153846 0.028846153846153848 0.028846153846153848
0 0.6430288461538461 0.5144230769230769 0.03125 0.03365384615384615
0 0.6201923076923077 0.53125 0.03365384615384615 0.0673076923076923
0 0.6057692307692307 0.5012019230769231 0.019230769230769232 0.016826923076923076
0 0.5769230769230769 0.49759615384615385 0.04326923076923077 0.057692307692307696
0 0.5769230769230769 0.5408653846153846 0.04326923076923077 0.052884615384615384
0 0.4987980769230769 0.5408653846153846 0.03125 0.038461538461538464
0 0.53125 0.5324519230769231 0.028846153846153848 0.04567307692307692
0 0.5576923076923077 0.5480769230769231 0.03365384615384615 0.03365384615384615
0 0.5504807692307693 0.5096153846153846 0.02403846153846154 0.02403846153846154
0 0.6899038461538461 0.5961538461538461 0.038461538461538464 0.03365384615384615
0 0.6346153846153846 0.5985576923076923 0.03365384615384615 0.028846153846153848
0 0.5805288461538461 0.5985576923076923 0.03125 0.038461538461538464
0 0.5240384615384616 0.5913461538461539 0.03365384615384615 0.028846153846153848
0 0.46153846153846156 0.6009615384615384 0.03365384615384615 0.03365384615384615
0 0.4110576923076923 0.6009615384615384 0.038461538461538464 0.03365384615384615
0 0.35216346153846156 0.5985576923076923 0.03125 0.028846153846153848
0 0.3016826923076923 0.5985576923076923 0.03125 0.028846153846153848
0 0.4951923076923077 0.6418269230769231 0.03365384615384615 0.03365384615384615
0 0.5600961538461539 0.6466346153846154 0.038461538461538464 0.03365384615384615
0 0.6081730769230769 0.6442307692307693 0.02403846153846154 0.028846153846153848
0 0.43509615384615385 0.6490384615384616 0.028846153846153848 0.028846153846153848
0 0.46274038461538464 0.6899038461538461 0.03125 0.028846153846153848
0 0.46153846153846156 0.5456730769230769 0.028846153846153848 0.038461538461538464
0 0.46153846153846156 0.5 0.03365384615384615 0.038461538461538464
0 0.43509615384615385 0.5192307692307693 0.028846153846153848 0.02403846153846154
0 0.43509615384615385 0.5432692307692307 0.038461538461538464 0.03365384615384615
0 0.4026442307692308 0.5024038461538461 0.040865384615384616 0.03365384615384615
0 0.4074519230769231 0.5456730769230769 0.03125 0.038461538461538464
0 0.3798076923076923 0.5528846153846154 0.02403846153846154 0.052884615384615384
0 0.34975961538461536 0.5372596153846154 0.03125 0.04567307692307692
0 0.30528846153846156 0.5288461538461539 0.028846153846153848 0.0625
0 0.3269230769230769 0.5288461538461539 0.014423076923076924 0.038461538461538464
0 0.12980769230769232 0.40625 0.03365384615384615 0.03365384615384615
0 0.1622596153846154 0.41346153846153844 0.03125 0.052884615384615384
0 0.12980769230769232 0.4254807692307692 0.038461538461538464 0.038461538461538464
0 0.06971153846153846 0.43509615384615385 0.03365384615384615 0.03365384615384615
0 0.0985576923076923 0.43028846153846156 0.03365384615384615 0.038461538461538464
0 0.0625 0.4675480769230769 0.04326923076923077 0.04567307692307692
0 0.04326923076923077 0.4963942307692308 0.04326923076923077 0.04567307692307692
0 0.11778846153846154 0.4963942307692308 0.04326923076923077 0.04567307692307692
0 0.15745192307692307 0.47596153846153844 0.040865384615384616 0.052884615384615384
0 0.12379807692307693 0.4639423076923077 0.040865384615384616 0.02403846153846154
0 0.1875 0.5192307692307693 0.04326923076923077 0.08173076923076923
0 0.1466346153846154 0.5480769230769231 0.04326923076923077 0.02403846153846154
0 0.08173076923076923 0.5456730769230769 0.04807692307692308 0.038461538461538464
0 0.04807692307692308 0.5949519230769231 0.04807692307692308 0.04567307692307692
0 0.11057692307692307 0.5961538461538461 0.04326923076923077 0.03365384615384615
0 0.17908653846153846 0.5961538461538461 0.040865384615384616 0.03365384615384615
0 0.13822115384615385 0.6706730769230769 0.03125 0.02403846153846154
0 0.16947115384615385 0.7019230769230769 0.040865384615384616 0.0625
0 0.19951923076923078 0.7067307692307693 0.03365384615384615 0.052884615384615384
0 0.1310096153846154 0.7139423076923077 0.040865384615384616 0.052884615384615384
0 0.16105769230769232 0.75 0.038461538461538464 0.02403846153846154
0 0.18509615384615385 0.7644230769230769 0.038461538461538464 0.0625
0 0.22235576923076922 0.7403846153846154 0.03125 0.052884615384615384
0 0.21153846153846154 0.7956730769230769 0.052884615384615384 0.057692307692307696
0 0.15384615384615385 0.7896634615384616 0.052884615384615384 0.04567307692307692
0 0.07692307692307693 0.6730769230769231 0.038461538461538464 0.028846153846153848
0 0.04807692307692308 0.7019230769230769 0.03365384615384615 0.052884615384615384
0 0.07572115384615384 0.7151442307692307 0.040865384615384616 0.04567307692307692
0 0.09615384615384616 0.7475961538461539 0.028846153846153848 0.052884615384615384
0 0.12980769230769232 0.7608173076923077 0.038461538461538464 0.04567307692307692
0 0.09615384615384616 0.7908653846153846 0.03365384615384615 0.03365384615384615
0 0.06490384615384616 0.7668269230769231 0.03365384615384615 0.057692307692307696
0 0.04326923076923077 0.7403846153846154 0.028846153846153848 0.038461538461538464
0 0.018028846153846152 0.7211538461538461 0.03125 0.057692307692307696
0 0.014423076923076924 0.7788461538461539 0.02403846153846154 0.057692307692307696
0 0.03485576923076923 0.7956730769230769 0.03125 0.057692307692307696
0 0.1778846153846154 0.8557692307692307 0.052884615384615384 0.038461538461538464
0 0.09495192307692307 0.8629807692307693 0.040865384615384616 0.052884615384615384
0 0.02283653846153846 0.8629807692307693 0.040865384615384616 0.052884615384615384
0 0.036057692307692304 0.9375 0.052884615384615384 0.0625
0 0.0985576923076923 0.9387019230769231 0.04807692307692308 0.04567307692307692
0 0.14903846153846154 0.9302884615384616 0.052884615384615384 0.052884615384615384
0 0.203125 0.9170673076923077 0.040865384615384616 0.04567307692307692
0 0.265625 0.9338942307692307 0.040865384615384616 0.04567307692307692
0 0.3389423076923077 0.9423076923076923 0.052884615384615384 0.028846153846153848
0 0.4098557692307692 0.9302884615384616 0.040865384615384616 0.052884615384615384
0 0.3762019230769231 0.8966346153846154 0.055288461538461536 0.0625
0 0.30408653846153844 0.8966346153846154 0.055288461538461536 0.038461538461538464
0 0.2644230769230769 0.8581730769230769 0.04807692307692308 0.057692307692307696
0 0.33653846153846156 0.8365384615384616 0.04326923076923077 0.057692307692307696
0 0.4098557692307692 0.8485576923076923 0.040865384615384616 0.0673076923076923
0 0.4519230769230769 0.8197115384615384 0.03365384615384615 0.0673076923076923
0 0.49278846153846156 0.8221153846153846 0.04807692307692308 0.052884615384615384
0 0.5612980769230769 0.8173076923076923 0.040865384615384616 0.0625
0 0.5949519230769231 0.8100961538461539 0.03125 0.052884615384615384
0 0.5252403846153846 0.8016826923076923 0.03125 0.04567307692307692
0 0.5877403846153846 0.7608173076923077 0.03125 0.04567307692307692
0 0.5625 0.7175480769230769 0.019230769230769232 0.016826923076923076
0 0.53125 0.7163461538461539 0.03365384615384615 0.03365384615384615
0 0.49759615384615385 0.7139423076923077 0.038461538461538464 0.028846153846153848
0 0.5108173076923077 0.7548076923076923 0.040865384615384616 0.057692307692307696
0 0.5516826923076923 0.7608173076923077 0.040865384615384616 0.04567307692307692
0 0.47475961538461536 0.7644230769230769 0.040865384615384616 0.028846153846153848
0 0.4723557692307692 0.7451923076923077 0.040865384615384616 0.03365384615384615
0 0.46153846153846156 0.7163461538461539 0.03365384615384615 0.02403846153846154
0 0.4375 0.7235576923076923 0.028846153846153848 0.028846153846153848
0 0.44711538461538464 0.7620192307692307 0.02403846153846154 0.03365384615384615
0 0.37259615384615385 0.7740384615384616 0.04326923076923077 0.057692307692307696
0 0.4074519230769231 0.7584134615384616 0.03125 0.07451923076923077
0 0.39663461538461536 0.7067307692307693 0.03365384615384615 0.052884615384615384
0 0.37259615384615385 0.6634615384615384 0.038461538461538464 0.0673076923076923
0 0.39663461538461536 0.6586538461538461 0.02403846153846154 0.02403846153846154
0 0.33653846153846156 0.6658653846153846 0.038461538461538464 0.08653846153846154
0 0.2932692307692308 0.6754807692307693 0.04326923076923077 0.08173076923076923
0 0.2608173076923077 0.6802884615384616 0.03125 0.057692307692307696
0 0.2644230769230769 0.7620192307692307 0.03365384615384615 0.09134615384615384
0 0.3004807692307692 0.7560096153846154 0.04326923076923077 0.10336538461538461
0 0.3389423076923077 0.7379807692307693 0.038461538461538464 0.0673076923076923
0 0.375 0.7764423076923077 0.04807692307692308 0.052884615384615384
0 0.13581730769230768 0.8509615384615384 0.03125 0.028846153846153848
0 0.08533653846153846 0.5432692307692307 0.040865384615384616 0.03365384615384615
0 0.20072115384615385 0.3942307692307692 0.03125 0.03365384615384615
0 0.23677884615384615 0.38822115384615385 0.03125 0.04567307692307692
0 0.27283653846153844 0.3918269230769231 0.03125 0.052884615384615384
0 0.20673076923076922 0.43509615384615385 0.03365384615384615 0.03365384615384615
0 0.25721153846153844 0.43509615384615385 0.038461538461538464 0.03365384615384615
0 0.40625 0.4014423076923077 0.028846153846153848 0.028846153846153848
0 0.42788461538461536 0.4567307692307692 0.03365384615384615 0.03365384615384615
0 0.3918269230769231 0.45913461538461536 0.028846153846153848 0.028846153846153848
0 0.3605769230769231 0.47475961538461536 0.038461538461538464 0.04567307692307692
0 0.31490384615384615 0.4567307692307692 0.04326923076923077 0.08173076923076923
0 0.33052884615384615 0.4254807692307692 0.040865384615384616 0.0625
