0 0.49158653846153844 0.5216346153846154 0.4110576923076923 0.3605769230769231
0 0.6887019230769231 0.5637019230769231 0.09375 0.06490384615384616
0 0.7295673076923077 0.5168269230769231 0.06490384615384616 0.04807692307692308
0 0.7944711538461539 0.5408653846153846 0.10817307692307693 0.09615384615384616
0 0.734375 0.46033653846153844 0.06490384615384616 0.07451923076923077
0 0.7620192307692307 0.3004807692307692 0.07692307692307693 0.09134615384615384
0 0.19591346153846154 0.23798076923076922 0.34375 0.3605769230769231
0 0.27884615384615385 0.27283653846153844 0.07211538461538461 0.04567307692307692
0 0.35336538461538464 0.25721153846153844 0.07692307692307693 0.04326923076923077
0 0.36899038461538464 0.2920673076923077 0.055288461538461536 0.055288461538461536
0 0.41346153846153844 0.2644230769230769 0.07692307692307693 0.028846153846153848
0 0.46634615384615385 0.24639423076923078 0.07692307692307693 0.05048076923076923
0 0.5841346153846154 0.2512019230769231 0.08173076923076923 0.036057692307692304
0 0.5264423076923077 0.26802884615384615 0.0673076923076923 0.036057692307692304
0 0.5757211538461539 0.3088942307692308 0.06490384615384616 0.05048076923076923
0 0.6418269230769231 0.30408653846153844 0.12980769230769232 0.07932692307692307
0 0.5625 0.31009615384615385 0.08173076923076923 0.0625
0 0.48197115384615385 0.31850961538461536 0.13701923076923078 0.07451923076923077
0 0.7259615384615384 0.3485576923076923 0.07211538461538461 0.04326923076923077
0 0.7908653846153846 0.3641826923076923 0.04326923076923077 0.04567307692307692
0 0.7596153846153846 0.4074519230769231 0.09134615384615384 0.06971153846153846
0 0.32211538461538464 0.3473557692307692 0.07211538461538461 0.036057692307692304
0 0.2980769230769231 0.31850961538461536 0.0673076923076923 0.036057692307692304
0 0.27163461538461536 0.4026442307692308 0.07692307692307693 0.07932692307692307
0 0.21875 0.4423076923076923 0.07211538461538461 0.07211538461538461
0 0.26802884615384615 0.5 0.06971153846153846 0.08173076923076923
0 0.32572115384615385 0.5877403846153846 0.0985576923076923 0.06490384615384616
0 0.3581730769230769 0.6658653846153846 0.11057692307692307 0.09134615384615384
0 0.34975961538461536 0.7235576923076923 0.05048076923076923 0.04326923076923077
0 0.4206730769230769 0.71875 0.07211538461538461 0.07692307692307693
0 0.4831730769230769 0.7079326923076923 0.11057692307692307 0.10336538461538461
0 0.5540865384615384 0.7439903846153846 0.055288461538461536 0.036057692307692304
0 0.5925480769230769 0.7091346153846154 0.0889423076923077 0.052884615384615384
0 0.6358173076923077 0.6766826923076923 0.0985576923076923 0.06009615384615385
0 0.734375 0.6550480769230769 0.0889423076923077 0.06971153846153846
0 0.7307692307692307 0.7019230769230769 0.07692307692307693 0.038461538461538464
0 0.6814903846153846 0.7271634615384616 0.0985576923076923 0.05048076923076923
0 0.8689903846153846 0.8846153846153846 0.09375 0.09134615384615384
0 0.8810096153846154 0.8221153846153846 0.10336538461538461 0.028846153846153848
0 0.9627403846153846 0.8401442307692307 0.06009615384615385 0.026442307692307692
0 0.9639423076923077 0.8701923076923077 0.0673076923076923 0.02403846153846154
3 0.22956730769230768 0.5961538461538461 0.12740384615384615 0.22596153846153846
