0 0.29927884615384615 0.3269230769230769 0.29086538461538464 0.2980769230769231
0 0.1346153846153846 0.6322115384615384 0.16826923076923078 0.30288461538461536
0 0.6394230769230769 0.29086538461538464 0.09615384615384616 0.1875
0 0.48197115384615385 0.19951923076923078 0.07932692307692307 0.11538461538461539
0 0.5673076923076923 0.3173076923076923 0.12980769230769232 0.13942307692307693
0 0.4891826923076923 0.30288461538461536 0.07932692307692307 0.125
0 0.45913461538461536 0.4206730769230769 0.11538461538461539 0.14903846153846154
0 0.2956730769230769 0.4519230769230769 0.11538461538461539 0.13942307692307693
0 0.22115384615384615 0.5504807692307693 0.07692307692307693 0.14903846153846154
0 0.18028846153846154 0.6298076923076923 0.10096153846153846 0.12980769230769232
0 0.296875 0.5576923076923077 0.08413461538461539 0.09615384615384616
0 0.2932692307692308 0.6682692307692307 0.1201923076923077 0.16346153846153846
0 0.27884615384615385 0.7235576923076923 0.09615384615384616 0.1201923076923077
0 0.3545673076923077 0.8173076923076923 0.11298076923076923 0.16346153846153846
0 0.40384615384615385 0.7163461538461539 0.125 0.14423076923076922
0 0.41586538461538464 0.6069711538461539 0.10096153846153846 0.08413461538461539
0 0.39663461538461536 0.5024038461538461 0.10096153846153846 0.1346153846153846
0 0.5072115384615384 0.5504807692307693 0.12980769230769232 0.16826923076923078
0 0.59375 0.4543269230769231 0.14423076923076922 0.14423076923076922
0 0.6682692307692307 0.5576923076923077 0.14423076923076922 0.16346153846153846
0 0.5817307692307693 0.5685096153846154 0.04326923076923077 0.07451923076923077
0 0.7127403846153846 0.4182692307692308 0.12740384615384615 0.17307692307692307
0 0.7572115384615384 0.44711538461538464 0.10576923076923077 0.1346153846153846
0 0.8581730769230769 0.5673076923076923 0.11538461538461539 0.14423076923076922
0 0.8052884615384616 0.6442307692307693 0.125 0.13942307692307693
0 0.7704326923076923 0.5805288461538461 0.06009615384615385 0.05048076923076923
0 0.8990384615384616 0.6225961538461539 0.0625 0.11538461538461539
0 0.5384615384615384 0.6971153846153846 0.125 0.125
0 0.47475961538461536 0.8245192307692307 0.13221153846153846 0.1778846153846154
0 0.5913461538461539 0.8028846153846154 0.125 0.13942307692307693
0 0.6153846153846154 0.8485576923076923 0.11057692307692307 0.11057692307692307
0 0.6586538461538461 0.7163461538461539 0.10576923076923077 0.14423076923076922
0 0.7524038461538461 0.7764423076923077 0.11057692307692307 0.16346153846153846
0 0.8509615384615384 0.7884615384615384 0.11057692307692307 0.13942307692307693
0 0.8918269230769231 0.7451923076923077 0.1201923076923077 0.12980769230769232
0 0.7956730769230769 0.8569711538461539 0.08653846153846154 0.06490384615384616
