0 0.20673076923076922 0.39783653846153844 0.39903846153846156 0.38221153846153844
0 0.2247596153846154 0.10576923076923077 0.43509615384615385 0.1971153846153846
0 0.5925480769230769 0.2283653846153846 0.6129807692307693 0.34615384615384615
0 0.6514423076923077 0.030048076923076924 0.46153846153846156 0.04567307692307692
0 0.8810096153846154 0.12139423076923077 0.23798076923076922 0.2283653846153846
0 0.8882211538461539 0.38341346153846156 0.22355769230769232 0.31009615384615385
0 0.7692307692307693 0.5576923076923077 0.17307692307692307 0.2932692307692308
0 0.5216346153846154 0.5745192307692307 0.5336538461538461 0.3798076923076923
0 0.22716346153846154 0.8004807692307693 0.43990384615384615 0.39903846153846156
0 0.5637019230769231 0.8605769230769231 0.5793269230769231 0.27884615384615385
0 0.8774038461538461 0.6875 0.24519230769230768 0.2980769230769231
0 0.8894230769230769 0.9182692307692307 0.22115384615384615 0.16826923076923078
