0 0.6478365384615384 0.2512019230769231 0.28125 0.4206730769230769
0 0.8449519230769231 0.36778846153846156 0.10336538461538461 0.23076923076923078
0 0.7355769230769231 0.234375 0.0625 0.08413461538461539
0 0.6790865384615384 0.33653846153846156 0.06971153846153846 0.3076923076923077
0 0.6442307692307693 0.38822115384615385 0.14423076923076922 0.36778846153846156
0 0.6105769230769231 0.6923076923076923 0.10576923076923077 0.17307692307692307
0 0.7512019230769231 0.6875 0.2668269230769231 0.27403846153846156
0 0.7752403846153846 0.7884615384615384 0.06971153846153846 0.07211538461538461
0 0.640625 0.8653846153846154 0.13221153846153846 0.14903846153846154
0 0.7584134615384616 0.9182692307692307 0.2091346153846154 0.11057692307692307
0 0.47596153846153844 0.6310096153846154 0.10096153846153846 0.16105769230769232
0 0.5132211538461539 0.8064903846153846 0.11778846153846154 0.18028846153846154
0 0.44711538461538464 0.8269230769230769 0.057692307692307696 0.0625
0 0.44711538461538464 0.8942307692307693 0.04807692307692308 0.07211538461538461
0 0.4026442307692308 0.859375 0.04567307692307692 0.09375
0 0.3858173076923077 0.7908653846153846 0.04567307692307692 0.0673076923076923
0 0.32211538461538464 0.7908653846153846 0.20673076923076922 0.3125
0 0.4110576923076923 0.5745192307692307 0.04807692307692308 0.10576923076923077
0 0.3605769230769231 0.5697115384615384 0.125 0.21634615384615385
0 0.43149038461538464 0.41346153846153844 0.10336538461538461 0.13942307692307693
0 0.5456730769230769 0.4387019230769231 0.125 0.3004807692307692
0 0.5324519230769231 0.2704326923076923 0.07451923076923077 0.18028846153846154
0 0.4362980769230769 0.19230769230769232 0.08413461538461539 0.11057692307692307
0 0.4651442307692308 0.23557692307692307 0.06971153846153846 0.13942307692307693
0 0.3786057692307692 0.23197115384615385 0.13221153846153846 0.21394230769230768
0 0.36778846153846156 0.3401442307692308 0.08173076923076923 0.09375
0 0.3401442307692308 0.4266826923076923 0.08413461538461539 0.0889423076923077
0 0.29447115384615385 0.5192307692307693 0.08413461538461539 0.20673076923076922
0 0.23317307692307693 0.578125 0.10096153846153846 0.33413461538461536
0 0.14783653846153846 0.7127403846153846 0.06490384615384616 0.25721153846153844
0 0.12379807692307693 0.5673076923076923 0.09375 0.0673076923076923
0 0.11899038461538461 0.39302884615384615 0.0889423076923077 0.21394230769230768
0 0.1935096153846154 0.4182692307692308 0.06009615384615385 0.18269230769230768
0 0.2439903846153846 0.2536057692307692 0.10336538461538461 0.1658653846153846
