0 0.9567307692307693 0.9038461538461539 0.09134615384615384 0.1875
0 0.8617788461538461 0.7644230769230769 0.2764423076923077 0.2548076923076923
0 0.8954326923076923 0.8918269230769231 0.17548076923076922 0.21153846153846154
0 0.8004807692307693 0.9495192307692307 0.07692307692307693 0.10096153846153846
0 0.9471153846153846 0.6466346153846154 0.10576923076923077 0.1875
0 0.8389423076923077 0.7524038461538461 0.14423076923076922 0.16346153846153846
0 0.8269230769230769 0.7067307692307693 0.2692307692307692 0.3317307692307692
0 0.7415865384615384 0.8052884615384616 0.10817307692307693 0.35096153846153844
0 0.6850961538461539 0.8004807692307693 0.20192307692307693 0.32211538461538464
0 0.6057692307692307 0.7800480769230769 0.20673076923076922 0.34375
0 0.6033653846153846 0.8485576923076923 0.1201923076923077 0.13942307692307693
0 0.4987980769230769 0.8521634615384616 0.11298076923076923 0.1466346153846154
0 0.4951923076923077 0.7680288461538461 0.22115384615384615 0.24759615384615385
0 0.6213942307692307 0.5564903846153846 0.11298076923076923 0.2283653846153846
0 0.4855769230769231 0.6754807692307693 0.22115384615384615 0.3317307692307692
0 0.4807692307692308 0.7307692307692307 0.08653846153846154 0.14423076923076922
0 0.41586538461538464 0.6875 0.1346153846153846 0.13942307692307693
0 0.375 0.6682692307692307 0.125 0.18269230769230768
0 0.30288461538461536 0.7043269230769231 0.1346153846153846 0.14903846153846154
0 0.32211538461538464 0.6490384615384616 0.07211538461538461 0.08173076923076923
0 0.3088942307692308 0.6177884615384616 0.18028846153846154 0.14423076923076922
0 0.3329326923076923 0.5576923076923077 0.040865384615384616 0.0673076923076923
0 0.31971153846153844 0.5384615384615384 0.04807692307692308 0.11057692307692307
0 0.2644230769230769 0.5625 0.04807692307692308 0.13942307692307693
0 0.18509615384615385 0.6634615384615384 0.09615384615384616 0.12980769230769232
0 0.20673076923076922 0.5805288461538461 0.0673076923076923 0.0889423076923077
0 0.23317307692307693 0.5192307692307693 0.014423076923076924 0.052884615384615384
0 0.1622596153846154 0.5673076923076923 0.10336538461538461 0.11538461538461539
0 0.15625 0.5480769230769231 0.057692307692307696 0.125
0 0.19831730769230768 0.4987980769230769 0.040865384615384616 0.05048076923076923
0 0.8185096153846154 0.36177884615384615 0.3629807692307692 0.71875
0 0.5132211538461539 0.13822115384615385 0.5072115384615384 0.27163461538461536
0 0.37259615384615385 0.24158653846153846 0.5721153846153846 0.3629807692307692
0 0.5 0.47596153846153844 0.13942307692307693 0.25
0 0.390625 0.46033653846153844 0.11298076923076923 0.1658653846153846
0 0.27884615384615385 0.38221153846153844 0.3557692307692308 0.1778846153846154
0 0.07692307692307693 0.5264423076923077 0.07692307692307693 0.14423076923076922
0 0.039663461538461536 0.6177884615384616 0.03125 0.04326923076923077
0 0.038461538461538464 0.9375 0.0625 0.125
