0 0.5384615384615384 0.5132211538461539 0.1875 0.19951923076923078
0 0.5456730769230769 0.3233173076923077 0.19230769230769232 0.24759615384615385
0 0.44471153846153844 0.2932692307692308 0.20673076923076922 0.20673076923076922
0 0.34975961538461536 0.4675480769230769 0.18028846153846154 0.33413461538461536
0 0.28365384615384615 0.33533653846153844 0.125 0.12740384615384615
0 0.23557692307692307 0.44711538461538464 0.08173076923076923 0.125
0 0.2439903846153846 0.5348557692307693 0.2620192307692308 0.14182692307692307
0 0.2536057692307692 0.6586538461538461 0.14182692307692307 0.1201923076923077
0 0.32211538461538464 0.6899038461538461 0.19230769230769232 0.18269230769230768
0 0.49278846153846156 0.6730769230769231 0.20192307692307693 0.11538461538461539
0 0.703125 0.59375 0.2620192307692308 0.1778846153846154
0 0.5829326923076923 0.46875 0.7427884615384616 0.7403846153846154
0 0.5036057692307693 0.9098557692307693 0.5120192307692307 0.18028846153846154
0 0.6814903846153846 0.8137019230769231 0.21875 0.1466346153846154
0 0.7596153846153846 0.8737980769230769 0.17307692307692307 0.25240384615384615
0 0.6286057692307693 0.8485576923076923 0.6947115384615384 0.30288461538461536
