0 0.028846153846153848 0.4014423076923077 0.052884615384615384 0.18269230769230768
0 0.11538461538461539 0.4182692307692308 0.11057692307692307 0.12980769230769232
0 0.3317307692307692 0.09615384615384616 0.1778846153846154 0.1778846153846154
0 0.6490384615384616 0.078125 0.1201923076923077 0.0889423076923077
0 0.7379807692307693 0.03365384615384615 0.17307692307692307 0.0625
0 0.6177884615384616 0.4026442307692308 0.23557692307692307 0.16105769230769232
0 0.7956730769230769 0.421875 0.15384615384615385 0.25240384615384615
0 0.8665865384615384 0.29927884615384615 0.15625 0.1466346153846154
0 0.9447115384615384 0.3317307692307692 0.10576923076923077 0.11538461538461539
0 0.9375 0.47836538461538464 0.125 0.16826923076923078
0 0.8978365384615384 0.6887019230769231 0.19951923076923078 0.25240384615384615
0 0.7932692307692307 0.5504807692307693 0.16826923076923078 0.125
0 0.7055288461538461 0.734375 0.25721153846153844 0.19951923076923078
0 0.6177884615384616 0.5997596153846154 0.19230769230769232 0.20432692307692307
0 0.4326923076923077 0.4891826923076923 0.17307692307692307 0.15625
0 0.3112980769230769 0.5204326923076923 0.15625 0.13701923076923078
0 0.36177884615384615 0.33533653846153844 0.19951923076923078 0.21394230769230768
0 0.5072115384615384 0.30649038461538464 0.12980769230769232 0.1466346153846154
0 0.6646634615384616 0.25600961538461536 0.2764423076923077 0.17067307692307693
0 0.7620192307692307 0.19951923076923078 0.25 0.1778846153846154
0 0.9134615384615384 0.2439903846153846 0.09615384615384616 0.0889423076923077
0 0.984375 0.2512019230769231 0.026442307692307692 0.13221153846153846
0 0.31850961538461536 0.6382211538461539 0.15144230769230768 0.16105769230769232
0 0.46274038461538464 0.6802884615384616 0.1466346153846154 0.1201923076923077
0 0.45072115384615385 0.7596153846153846 0.22355769230769232 0.1201923076923077
0 0.6754807692307693 0.7980769230769231 0.28846153846153844 0.125
1 0.5805288461538461 0.5444711538461539 0.8341346153846154 0.90625
