0 0.8329326923076923 0.8846153846153846 0.3293269230769231 0.1778846153846154
0 0.8966346153846154 0.9855769230769231 0.20192307692307693 0.028846153846153848
0 0.6430288461538461 0.9459134615384616 0.2956730769230769 0.10817307692307693
0 0.36899038461538464 0.9230769230769231 0.3293269230769231 0.15384615384615385
0 0.1141826923076923 0.8966346153846154 0.22355769230769232 0.20673076923076922
0 0.25600961538461536 0.7644230769230769 0.3293269230769231 0.16346153846153846
0 0.5865384615384616 0.7584134615384616 0.3173076923076923 0.21394230769230768
0 0.8605769230769231 0.7091346153846154 0.27403846153846156 0.17307692307692307
0 0.06370192307692307 0.7103365384615384 0.12259615384615384 0.20432692307692307
0 0.24639423076923078 0.5829326923076923 0.3293269230769231 0.19951923076923078
0 0.5625 0.5456730769230769 0.3557692307692308 0.1971153846153846
0 0.8605769230769231 0.5384615384615384 0.27403846153846156 0.16826923076923078
0 0.9831730769230769 0.47115384615384615 0.028846153846153848 0.02403846153846154
0 0.8137019230769231 0.3629807692307692 0.3245192307692308 0.1778846153846154
0 0.9699519230769231 0.375 0.055288461538461536 0.14423076923076922
0 0.5096153846153846 0.3581730769230769 0.3076923076923077 0.1778846153846154
0 0.2283653846153846 0.3870192307692308 0.3173076923076923 0.1778846153846154
0 0.0673076923076923 0.4795673076923077 0.12980769230769232 0.19471153846153846
0 0.06370192307692307 0.2980769230769231 0.12259615384615384 0.14903846153846154
0 0.04447115384615385 0.12139423076923077 0.08413461538461539 0.18509615384615385
0 0.22596153846153846 0.2127403846153846 0.3125 0.18509615384615385
0 0.49759615384615385 0.19230769230769232 0.28365384615384615 0.16826923076923078
0 0.7680288461538461 0.21153846153846154 0.29086538461538464 0.15865384615384615
0 0.9495192307692307 0.21634615384615385 0.09615384615384616 0.16346153846153846
0 0.9254807692307693 0.07211538461538461 0.14423076923076922 0.13942307692307693
0 0.7355769230769231 0.07211538461538461 0.30288461538461536 0.13942307692307693
0 0.46274038461538464 0.06610576923076923 0.2764423076923077 0.12259615384615384
0 0.17067307692307693 0.06610576923076923 0.3269230769230769 0.12259615384615384
