0 0.6526442307692307 0.20072115384615385 0.13221153846153846 0.18028846153846154
0 0.6935096153846154 0.052884615384615384 0.06971153846153846 0.08653846153846154
0 0.8317307692307693 0.30528846153846156 0.07211538461538461 0.0673076923076923
0 0.8377403846153846 0.42788461538461536 0.1658653846153846 0.20192307692307693
0 0.9399038461538461 0.5516826923076923 0.1201923076923077 0.23317307692307693
0 0.9206730769230769 0.7572115384615384 0.15865384615384615 0.21153846153846154
0 0.8076923076923077 0.6346153846153846 0.15865384615384615 0.20192307692307693
0 0.8112980769230769 0.84375 0.1658653846153846 0.20673076923076922
0 0.5528846153846154 0.29086538461538464 0.1201923076923077 0.16346153846153846
0 0.6538461538461539 0.75 0.14903846153846154 0.1971153846153846
0 0.7019230769230769 0.9230769230769231 0.16826923076923078 0.15384615384615385
0 0.5480769230769231 0.8713942307692307 0.15384615384615385 0.18028846153846154
0 0.5216346153846154 0.7307692307692307 0.1201923076923077 0.1346153846153846
0 0.5829326923076923 0.9771634615384616 0.12740384615384615 0.04567307692307692
0 0.47836538461538464 0.9567307692307693 0.08653846153846154 0.09134615384615384
0 0.4266826923076923 0.8425480769230769 0.12740384615384615 0.17548076923076922
0 0.4230769230769231 0.7475961538461539 0.07692307692307693 0.057692307692307696
0 0.4483173076923077 0.6442307692307693 0.12740384615384615 0.14903846153846154
0 0.41346153846153844 0.49759615384615385 0.11538461538461539 0.14423076923076922
0 0.3269230769230769 0.4483173076923077 0.09134615384615384 0.10817307692307693
0 0.296875 0.49038461538461536 0.10817307692307693 0.15865384615384615
0 0.2704326923076923 0.59375 0.10817307692307693 0.13942307692307693
0 0.1971153846153846 0.5192307692307693 0.09134615384615384 0.1346153846153846
0 0.3629807692307692 0.6009615384615384 0.09134615384615384 0.09134615384615384
0 0.3401442307692308 0.7235576923076923 0.11298076923076923 0.15384615384615385
0 0.2548076923076923 0.7524038461538461 0.10096153846153846 0.13942307692307693
0 0.29927884615384615 0.8978365384615384 0.10817307692307693 0.18028846153846154
0 0.3737980769230769 0.9495192307692307 0.12740384615384615 0.10096153846153846
4 0.8665865384615384 0.13822115384615385 0.2668269230769231 0.25721153846153844
4 0.9326923076923077 0.2956730769230769 0.12980769230769232 0.07211538461538461
4 0.9651442307692307 0.38341346153846156 0.06971153846153846 0.10336538461538461
4 0.24879807692307693 0.19831730769230768 0.4879807692307692 0.38221153846153844
4 0.6165865384615384 0.46875 0.2860576923076923 0.19230769230769232
4 0.6201923076923077 0.6081730769230769 0.21634615384615385 0.09615384615384616
4 0.6947115384615384 0.3269230769230769 0.16346153846153846 0.08173076923076923
4 0.7524038461538461 0.1971153846153846 0.08653846153846154 0.28365384615384615
4 0.5793269230769231 0.05889423076923077 0.16346153846153846 0.10336538461538461
4 0.5408653846153846 0.16105769230769232 0.10096153846153846 0.09615384615384616
4 0.4230769230769231 0.4050480769230769 0.10096153846153846 0.040865384615384616
4 0.07692307692307693 0.46033653846153844 0.14423076923076922 0.1466346153846154
4 0.19951923076923078 0.4230769230769231 0.10096153846153846 0.0673076923076923
4 0.25721153846153844 0.40865384615384615 0.02403846153846154 0.02403846153846154
4 0.078125 0.7704326923076923 0.1466346153846154 0.45913461538461536
4 0.20072115384615385 0.9134615384615384 0.10336538461538461 0.17307692307692307
4 0.27403846153846156 0.9927884615384616 0.0625 0.019230769230769232
4 0.17908653846153846 0.7043269230769231 0.05048076923076923 0.23557692307692307
4 0.21634615384615385 0.6610576923076923 0.019230769230769232 0.04807692307692308
