0 0.8858173076923077 0.22115384615384615 0.15144230769230768 0.22115384615384615
0 0.9302884615384616 0.421875 0.10096153846153846 0.23317307692307693
0 0.8665865384615384 0.7043269230769231 0.12259615384615384 0.32211538461538464
0 0.7692307692307693 0.8653846153846154 0.10576923076923077 0.25
0 0.6875 0.5060096153846154 0.0625 0.2764423076923077
0 0.7764423076923077 0.47115384615384615 0.10096153846153846 0.22115384615384615
0 0.59375 0.43149038461538464 0.10576923076923077 0.21394230769230768
0 0.4567307692307692 0.5793269230769231 0.11057692307692307 0.24519230769230768
0 0.47115384615384615 0.8557692307692307 0.11057692307692307 0.25961538461538464
0 0.31971153846153844 0.20192307692307693 0.09615384615384616 0.15865384615384615
0 0.40625 0.31971153846153844 0.09134615384615384 0.16826923076923078
0 0.35096153846153844 0.4519230769230769 0.07692307692307693 0.15865384615384615
0 0.30528846153846156 0.4182692307692308 0.09134615384615384 0.22596153846153846
0 0.22596153846153846 0.2536057692307692 0.08173076923076923 0.21394230769230768
0 0.1778846153846154 0.2932692307692308 0.09134615384615384 0.1778846153846154
0 0.09375 0.14783653846153846 0.13942307692307693 0.2764423076923077
0 0.06850961538461539 0.3918269230769231 0.12259615384615384 0.3269230769230769
0 0.09615384615384616 0.5072115384615384 0.13942307692307693 0.25
0 0.02283653846153846 0.5144230769230769 0.03125 0.18269230769230768
0 0.038461538461538464 0.7235576923076923 0.0625 0.24519230769230768
0 0.03245192307692308 0.9314903846153846 0.055288461538461536 0.13701923076923078
0 0.06850961538461539 0.859375 0.06009615384615385 0.11298076923076923
0 0.1346153846153846 0.9290865384615384 0.10576923076923077 0.14182692307692307
0 0.21634615384615385 0.8509615384615384 0.10096153846153846 0.25
0 0.1346153846153846 0.7259615384615384 0.125 0.22596153846153846
0 0.18269230769230768 0.484375 0.07692307692307693 0.23317307692307693
0 0.2548076923076923 0.6129807692307693 0.1201923076923077 0.25
0 0.3557692307692308 0.6947115384615384 0.10576923076923077 0.28846153846153844
0 0.296875 0.84375 0.10336538461538461 0.20673076923076922
0 0.3918269230769231 0.8461538461538461 0.08653846153846154 0.1778846153846154
