0 0.34375 0.6370192307692307 0.1346153846153846 0.11057692307692307
0 0.5841346153846154 0.8112980769230769 0.13942307692307693 0.0889423076923077
0 0.6850961538461539 0.7860576923076923 0.13942307692307693 0.125
0 0.6105769230769231 0.5192307692307693 0.14903846153846154 0.14903846153846154
0 0.5625 0.6033653846153846 0.12980769230769232 0.07211538461538461
0 0.6274038461538461 0.3786057692307692 0.19230769230769232 0.15144230769230768
0 0.6538461538461539 0.24639423076923078 0.13942307692307693 0.11778846153846154
0 0.5504807692307693 0.2091346153846154 0.21634615384615385 0.13942307692307693
0 0.49399038461538464 0.33774038461538464 0.25240384615384615 0.13701923076923078
0 0.4543269230769231 0.4206730769230769 0.12980769230769232 0.03365384615384615
0 0.4362980769230769 0.5048076923076923 0.2091346153846154 0.15384615384615385
0 0.3737980769230769 0.5721153846153846 0.06490384615384616 0.0673076923076923
0 0.31490384615384615 0.5576923076923077 0.07692307692307693 0.07692307692307693
0 0.31971153846153844 0.47836538461538464 0.10576923076923077 0.11057692307692307
0 0.34375 0.36538461538461536 0.1346153846153846 0.11538461538461539
0 0.26322115384615385 0.4098557692307692 0.06971153846153846 0.0889423076923077
0 0.46033653846153844 0.6057692307692307 0.11778846153846154 0.0625
0 0.46153846153846156 0.6586538461538461 0.09134615384615384 0.0673076923076923
