0 0.9314903846153846 0.6850961538461539 0.13701923076923078 0.25
0 0.8810096153846154 0.8653846153846154 0.15144230769230768 0.21153846153846154
0 0.9783653846153846 0.9122596153846154 0.04326923076923077 0.17067307692307693
0 0.890625 0.9567307692307693 0.007211538461538462 0.004807692307692308
0 0.9326923076923077 0.9807692307692307 0.09615384615384616 0.03365384615384615
0 0.8028846153846154 0.953125 0.11057692307692307 0.0889423076923077
0 0.7307692307692307 0.8954326923076923 0.14903846153846154 0.20432692307692307
0 0.6502403846153846 0.7271634615384616 0.15144230769230768 0.24278846153846154
0 0.7295673076923077 0.7620192307692307 0.05048076923076923 0.0625
0 0.7956730769230769 0.6586538461538461 0.1346153846153846 0.22596153846153846
0 0.8942307692307693 0.5504807692307693 0.16346153846153846 0.2644230769230769
0 0.9615384615384616 0.3954326923076923 0.07692307692307693 0.1658653846153846
0 0.9783653846153846 0.5192307692307693 0.04326923076923077 0.10576923076923077
0 0.859375 0.3557692307692308 0.1658653846153846 0.23076923076923078
0 0.9759615384615384 0.11298076923076923 0.04807692307692308 0.1971153846153846
0 0.8725961538461539 0.1346153846153846 0.15384615384615385 0.23076923076923078
0 0.7824519230769231 0.28125 0.10817307692307693 0.21634615384615385
0 0.7932692307692307 0.47475961538461536 0.0625 0.12740384615384615
0 0.7019230769230769 0.47716346153846156 0.16346153846153846 0.24278846153846154
0 0.6105769230769231 0.5504807692307693 0.11538461538461539 0.14423076923076922
0 0.5865384615384616 0.38461538461538464 0.14903846153846154 0.1971153846153846
0 0.6995192307692307 0.3293269230769231 0.08173076923076923 0.1201923076923077
0 0.6370192307692307 0.2439903846153846 0.08173076923076923 0.12740384615384615
0 0.7163461538461539 0.1935096153846154 0.11057692307692307 0.17067307692307693
0 0.734375 0.06129807692307692 0.12740384615384615 0.11778846153846154
0 0.5793269230769231 0.06850961538461539 0.19230769230769232 0.13221153846153846
0 0.5637019230769231 0.1778846153846154 0.1658653846153846 0.21634615384615385
0 0.4735576923076923 0.3918269230769231 0.09134615384615384 0.10576923076923077
0 0.5072115384615384 0.5096153846153846 0.08653846153846154 0.19230769230769232
0 0.5024038461538461 0.6670673076923077 0.07692307692307693 0.1658653846153846
0 0.5612980769230769 0.7451923076923077 0.10817307692307693 0.25
0 0.5865384615384616 0.9471153846153846 0.13942307692307693 0.10096153846153846
0 0.5637019230769231 0.8846153846153846 0.12259615384615384 0.10576923076923077
0 0.4879807692307692 0.9206730769230769 0.1201923076923077 0.15384615384615385
0 0.4254807692307692 0.7355769230769231 0.1778846153846154 0.25961538461538464
0 0.41586538461538464 0.5168269230769231 0.1346153846153846 0.22115384615384615
0 0.35216346153846156 0.45552884615384615 0.15144230769230768 0.24278846153846154
0 0.34615384615384615 0.24519230769230768 0.1201923076923077 0.22115384615384615
0 0.46033653846153844 0.3317307692307692 0.10817307692307693 0.08173076923076923
0 0.44471153846153844 0.1971153846153846 0.10096153846153846 0.1971153846153846
0 0.4483173076923077 0.09615384615384616 0.09375 0.0673076923076923
0 0.44711538461538464 0.038461538461538464 0.09134615384615384 0.0625
0 0.3293269230769231 0.03365384615384615 0.11057692307692307 0.04807692307692308
0 0.3317307692307692 0.10817307692307693 0.10576923076923077 0.11057692307692307
0 0.25 0.15504807692307693 0.1201923076923077 0.17067307692307693
0 0.18509615384615385 0.07451923076923077 0.125 0.14423076923076922
0 0.07932692307692307 0.14903846153846154 0.1346153846153846 0.18269230769230768
0 0.040865384615384616 0.05889423076923077 0.07692307692307693 0.11298076923076923
0 0.09975961538461539 0.037259615384615384 0.036057692307692304 0.055288461538461536
0 0.04927884615384615 0.2956730769230769 0.09375 0.1875
0 0.15144230769230768 0.3112980769230769 0.10096153846153846 0.13221153846153846
0 0.18028846153846154 0.21875 0.08653846153846154 0.14423076923076922
0 0.2548076923076923 0.2692307692307692 0.07211538461538461 0.0673076923076923
0 0.25240384615384615 0.37259615384615385 0.11538461538461539 0.15384615384615385
0 0.22956730769230768 0.5444711538461539 0.10817307692307693 0.1658653846153846
0 0.28846153846153844 0.6274038461538461 0.08173076923076923 0.1778846153846154
0 0.19951923076923078 0.7223557692307693 0.11057692307692307 0.1658653846153846
0 0.25721153846153844 0.8173076923076923 0.1201923076923077 0.19230769230769232
0 0.35096153846153844 0.9086538461538461 0.14903846153846154 0.1778846153846154
0 0.24519230769230768 0.9591346153846154 0.09615384615384616 0.07692307692307693
0 0.12259615384615384 0.9314903846153846 0.1346153846153846 0.13221153846153846
0 0.15504807692307693 0.8617788461538461 0.09375 0.12740384615384615
0 0.07211538461538461 0.7451923076923077 0.12980769230769232 0.18269230769230768
0 0.04927884615384615 0.9206730769230769 0.09375 0.15384615384615385
0 0.016826923076923076 0.8197115384615384 0.028846153846153848 0.1201923076923077
0 0.12740384615384615 0.6081730769230769 0.09615384615384616 0.14903846153846154
0 0.1466346153846154 0.4543269230769231 0.11538461538461539 0.18269230769230768
0 0.038461538461538464 0.4723557692307692 0.07211538461538461 0.24278846153846154
0 0.037259615384615384 0.6298076923076923 0.06971153846153846 0.09615384615384616
0 0.5024038461538461 0.5 0.9951923076923077 0.9951923076923077
