0 0.4639423076923077 0.44591346153846156 0.21634615384615385 0.2668269230769231
0 0.5552884615384616 0.7584134615384616 0.17307692307692307 0.2860576923076923
0 0.4387019230769231 0.7860576923076923 0.18509615384615385 0.35096153846153844
0 0.34375 0.7223557692307693 0.15384615384615385 0.3581730769230769
0 0.3004807692307692 0.6754807692307693 0.1971153846153846 0.3798076923076923
0 0.2668269230769231 0.5829326923076923 0.1778846153846154 0.31490384615384615
0 0.21754807692307693 0.47596153846153844 0.15144230769230768 0.2548076923076923
0 0.28365384615384615 0.34134615384615385 0.21153846153846154 0.32211538461538464
0 0.3870192307692308 0.23557692307692307 0.25 0.2980769230769231
0 0.5324519230769231 0.19951923076923078 0.23317307692307693 0.27403846153846156
0 0.5925480769230769 0.25600961538461536 0.18028846153846154 0.31490384615384615
0 0.6766826923076923 0.4074519230769231 0.18028846153846154 0.34375
0 0.6502403846153846 0.5793269230769231 0.23317307692307693 0.3798076923076923
0 0.6141826923076923 0.8365384615384616 0.15144230769230768 0.20192307692307693
0 0.4519230769230769 0.5024038461538461 0.6394230769230769 0.8798076923076923
3 0.6826923076923077 0.7379807692307693 0.22115384615384615 0.5192307692307693
3 0.9350961538461539 0.2283653846153846 0.12980769230769232 0.4519230769230769
3 0.8665865384615384 0.10697115384615384 0.2668269230769231 0.2091346153846154
3 0.20552884615384615 0.2800480769230769 0.40625 0.5552884615384616
3 0.3762019230769231 0.014423076923076924 0.06009615384615385 0.02403846153846154
