0 0.8774038461538461 0.15504807692307693 0.10576923076923077 0.12259615384615384
0 0.9735576923076923 0.1201923076923077 0.052884615384615384 0.052884615384615384
0 0.953125 0.15625 0.055288461538461536 0.08173076923076923
0 0.9519230769230769 0.23557692307692307 0.07211538461538461 0.08173076923076923
0 0.9831730769230769 0.21875 0.03365384615384615 0.1971153846153846
0 0.9495192307692307 0.3076923076923077 0.10096153846153846 0.10576923076923077
0 0.8870192307692307 0.08413461538461539 0.10576923076923077 0.04326923076923077
0 0.7788461538461539 0.09735576923076923 0.057692307692307696 0.06971153846153846
0 0.71875 0.09134615384615384 0.04807692307692308 0.057692307692307696
0 0.6526442307692307 0.09735576923076923 0.07451923076923077 0.06971153846153846
0 0.7115384615384616 0.22115384615384615 0.08653846153846154 0.08653846153846154
0 0.7355769230769231 0.3293269230769231 0.09615384615384616 0.09615384615384616
0 0.8028846153846154 0.2608173076923077 0.057692307692307696 0.07451923076923077
0 0.7692307692307693 0.42908653846153844 0.1346153846153846 0.11298076923076923
0 0.8125 0.3293269230769231 0.17307692307692307 0.18269230769230768
0 0.8605769230769231 0.4254807692307692 0.07211538461538461 0.20192307692307693
0 0.9350961538461539 0.625 0.12980769230769232 0.27403846153846156
0 0.8990384615384616 0.7884615384615384 0.16346153846153846 0.32211538461538464
0 0.8413461538461539 0.8137019230769231 0.16826923076923078 0.21875
0 0.90625 0.9014423076923077 0.0673076923076923 0.10576923076923077
0 0.7788461538461539 0.9326923076923077 0.14423076923076922 0.12980769230769232
0 0.7067307692307693 0.75 0.1346153846153846 0.2403846153846154
0 0.6394230769230769 0.7596153846153846 0.15865384615384615 0.3269230769230769
0 0.13701923076923078 0.8317307692307693 0.1778846153846154 0.2980769230769231
0 0.20072115384615385 0.9314903846153846 0.10817307692307693 0.13701923076923078
0 0.078125 0.6826923076923077 0.07451923076923077 0.24519230769230768
0 0.02403846153846154 0.7247596153846154 0.038461538461538464 0.20432692307692307
0 0.09254807692307693 0.5120192307692307 0.14182692307692307 0.23557692307692307
0 0.1466346153846154 0.3870192307692308 0.10096153846153846 0.14903846153846154
0 0.06370192307692307 0.23557692307692307 0.07932692307692307 0.25
0 0.2403846153846154 0.2127403846153846 0.2980769230769231 0.15144230769230768
0 0.2980769230769231 0.13221153846153846 0.10096153846153846 0.10576923076923077
0 0.2091346153846154 0.10697115384615384 0.08653846153846154 0.10336538461538461
0 0.12980769230769232 0.09975961538461539 0.09615384615384616 0.07451923076923077
0 0.421875 0.1502403846153846 0.07932692307692307 0.1658653846153846
0 0.4579326923076923 0.2548076923076923 0.07932692307692307 0.09615384615384616
0 0.5504807692307693 0.23798076923076922 0.08173076923076923 0.13942307692307693
0 0.5769230769230769 0.12860576923076922 0.07692307692307693 0.12259615384615384
0 0.6802884615384616 0.2692307692307692 0.15384615384615385 0.09615384615384616
0 0.6850961538461539 0.49038461538461536 0.09134615384615384 0.10576923076923077
0 0.7836538461538461 0.5769230769230769 0.20673076923076922 0.09134615384615384
0 0.34975961538461536 0.9230769230769231 0.16105769230769232 0.15865384615384615
0 0.484375 0.9711538461538461 0.09375 0.057692307692307696
0 0.4206730769230769 0.9182692307692307 0.04807692307692308 0.09615384615384616
0 0.4699519230769231 0.7668269230769231 0.13701923076923078 0.375
0 0.5528846153846154 0.7908653846153846 0.0673076923076923 0.09134615384615384
0 0.5528846153846154 0.8846153846153846 0.09615384615384616 0.09615384615384616
0 0.3762019230769231 0.8245192307692307 0.040865384615384616 0.08173076923076923
0 0.35336538461538464 0.7512019230769231 0.07211538461538461 0.17067307692307693
0 0.4014423076923077 0.6225961538461539 0.038461538461538464 0.15865384615384615
0 0.3485576923076923 0.5973557692307693 0.057692307692307696 0.11778846153846154
0 0.3173076923076923 0.5516826923076923 0.08653846153846154 0.2620192307692308
0 0.2439903846153846 0.65625 0.17067307692307693 0.27884615384615385
0 0.24278846153846154 0.7331730769230769 0.07692307692307693 0.10096153846153846
0 0.25 0.5841346153846154 0.04807692307692308 0.09134615384615384
0 0.22115384615384615 0.42908653846153844 0.09615384615384616 0.19951923076923078
0 0.25841346153846156 0.33413461538461536 0.13701923076923078 0.09615384615384616
0 0.3004807692307692 0.40865384615384615 0.09615384615384616 0.12980769230769232
0 0.359375 0.28846153846153844 0.0889423076923077 0.15384615384615385
0 0.3942307692307692 0.4326923076923077 0.10096153846153846 0.14423076923076922
0 0.4387019230769231 0.36778846153846156 0.07451923076923077 0.10576923076923077
0 0.4519230769230769 0.5372596153846154 0.08173076923076923 0.07451923076923077
0 0.5504807692307693 0.546875 0.08653846153846154 0.06971153846153846
0 0.5300480769230769 0.4206730769230769 0.15625 0.22596153846153846
0 0.65625 0.43509615384615385 0.1346153846153846 0.22596153846153846
0 0.6346153846153846 0.9423076923076923 0.15865384615384615 0.11538461538461539
0 0.008413461538461538 0.8870192307692307 0.01201923076923077 0.09134615384615384
