0 0.36778846153846156 0.28846153846153844 0.2403846153846154 0.2692307692307692
0 0.28725961538461536 0.0985576923076923 0.21394230769230768 0.18269230769230768
0 0.5817307692307693 0.27884615384615385 0.4182692307692308 0.4375
0 0.5961538461538461 0.4579326923076923 0.1346153846153846 0.10336538461538461
0 0.7043269230769231 0.47716346153846156 0.3798076923076923 0.30528846153846156
0 0.5264423076923077 0.515625 0.3605769230769231 0.30528846153846156
0 0.2860576923076923 0.3485576923076923 0.17307692307692307 0.1346153846153846
0 0.6706730769230769 0.7163461538461539 0.08173076923076923 0.0673076923076923
0 0.7740384615384616 0.6947115384615384 0.1346153846153846 0.1346153846153846
0 0.7560096153846154 0.7139423076923077 0.15144230769230768 0.28846153846153844
0 0.7524038461538461 0.8617788461538461 0.0625 0.06971153846153846
0 0.8112980769230769 0.8401442307692307 0.18028846153846154 0.31971153846153844
0 0.4495192307692308 0.5024038461538461 0.8942307692307693 0.9951923076923077
