0 0.7283653846153846 0.5360576923076923 0.44711538461538464 0.10096153846153846
0 0.8185096153846154 0.7271634615384616 0.22355769230769232 0.24278846153846154
0 0.5985576923076923 0.7776442307692307 0.15384615384615385 0.14182692307692307
0 0.2764423076923077 0.7956730769230769 0.44711538461538464 0.16826923076923078
0 0.3629807692307692 0.5865384615384616 0.20192307692307693 0.27403846153846156
0 0.13581730769230768 0.5817307692307693 0.17548076923076922 0.21153846153846154
0 0.4495192307692308 0.29927884615384615 0.39903846153846156 0.2283653846153846
0 0.8257211538461539 0.3701923076923077 0.21875 0.16826923076923078
0 0.7908653846153846 0.140625 0.27403846153846156 0.19471153846153846
0 0.4699519230769231 0.15745192307692307 0.23317307692307693 0.21394230769230768
0 0.15504807692307693 0.1310096153846154 0.18990384615384615 0.14182692307692307
0 0.14182692307692307 0.3557692307692308 0.1778846153846154 0.17307692307692307
