0 0.1814903846153846 0.29927884615384615 0.3245192307692308 0.3245192307692308
0 0.3016826923076923 0.5132211538461539 0.18990384615384615 0.24759615384615385
0 0.33653846153846156 0.7908653846153846 0.18269230769230768 0.27884615384615385
0 0.3713942307692308 0.7235576923076923 0.14182692307692307 0.3076923076923077
0 0.4963942307692308 0.7512019230769231 0.16105769230769232 0.24759615384615385
0 0.5408653846153846 0.8786057692307693 0.18269230769230768 0.23798076923076922
0 0.6778846153846154 0.8786057692307693 0.12980769230769232 0.23798076923076922
0 0.8076923076923077 0.8918269230769231 0.14423076923076922 0.21153846153846154
0 0.7992788461538461 0.7728365384615384 0.39663461538461536 0.4495192307692308
0 0.796875 0.7319711538461539 0.12740384615384615 0.3870192307692308
0 0.9266826923076923 0.5324519230769231 0.14182692307692307 0.25240384615384615
0 0.9459134615384616 0.6875 0.10817307692307693 0.052884615384615384
0 0.8365384615384616 0.4987980769230769 0.16346153846153846 0.18509615384615385
0 0.7427884615384616 0.5288461538461539 0.15865384615384615 0.1346153846153846
0 0.8401442307692307 0.5901442307692307 0.055288461538461536 0.09375
0 0.9134615384615384 0.234375 0.16826923076923078 0.31009615384615385
0 0.9266826923076923 0.3954326923076923 0.1466346153846154 0.10336538461538461
0 0.9615384615384616 0.09495192307692307 0.07692307692307693 0.17548076923076922
0 0.8521634615384616 0.051682692307692304 0.1466346153846154 0.0985576923076923
0 0.8112980769230769 0.203125 0.0889423076923077 0.10336538461538461
0 0.7259615384615384 0.08052884615384616 0.12980769230769232 0.15625
0 0.6838942307692307 0.28125 0.2956730769230769 0.3798076923076923
0 0.515625 0.47115384615384615 0.18509615384615385 0.27884615384615385
0 0.36899038461538464 0.9459134615384616 0.1466346153846154 0.10336538461538461
0 0.2848557692307692 0.9483173076923077 0.06971153846153846 0.0985576923076923
0 0.22596153846153846 0.9122596153846154 0.09615384615384616 0.17067307692307693
0 0.11658653846153846 0.8377403846153846 0.2283653846153846 0.31971153846153844
0 0.23798076923076922 0.6694711538461539 0.09134615384615384 0.24278846153846154
0 0.18629807692307693 0.6442307692307693 0.07932692307692307 0.09615384615384616
0 0.10096153846153846 0.5817307692307693 0.1971153846153846 0.2644230769230769
0 0.3581730769230769 0.18629807692307693 0.0625 0.18028846153846154
0 0.3449519230769231 0.3798076923076923 0.0889423076923077 0.07211538461538461
0 0.4266826923076923 0.3449519230769231 0.1658653846153846 0.19951923076923078
0 0.4855769230769231 0.22716346153846154 0.16346153846153846 0.23317307692307693
0 0.609375 0.054086538461538464 0.10817307692307693 0.10336538461538461
0 0.5252403846153846 0.040865384615384616 0.07932692307692307 0.07692307692307693
0 0.5408653846153846 0.09495192307692307 0.11538461538461539 0.10336538461538461
0 0.4423076923076923 0.06971153846153846 0.10096153846153846 0.1346153846153846
0 0.35336538461538464 0.07692307692307693 0.13942307692307693 0.14903846153846154
0 0.25961538461538464 0.12620192307692307 0.14903846153846154 0.17548076923076922
0 0.25961538461538464 0.02283653846153846 0.04326923076923077 0.03125
0 0.13581730769230768 0.08774038461538461 0.14182692307692307 0.17067307692307693
0 0.036057692307692304 0.0673076923076923 0.0673076923076923 0.12980769230769232
0 0.055288461538461536 0.23197115384615385 0.10576923076923077 0.2668269230769231
0 0.018028846153846152 0.39903846153846156 0.03125 0.09134615384615384
0 0.5012019230769231 0.5012019230769231 0.9975961538461539 0.9975961538461539
