0 0.18509615384615385 0.33774038461538464 0.28846153846153844 0.31971153846153844
0 0.40384615384615385 0.265625 0.2692307692307692 0.15625
0 0.45552884615384615 0.40865384615384615 0.2620192307692308 0.20673076923076922
0 0.39903846153846156 0.47836538461538464 0.16826923076923078 0.12980769230769232
0 0.2956730769230769 0.5745192307692307 0.20192307692307693 0.12980769230769232
0 0.44471153846153844 0.625 0.16346153846153846 0.12980769230769232
0 0.5168269230769231 0.5841346153846154 0.1201923076923077 0.12980769230769232
0 0.4014423076923077 0.7512019230769231 0.1201923076923077 0.0985576923076923
0 0.31971153846153844 0.7692307692307693 0.08653846153846154 0.10576923076923077
0 0.43990384615384615 0.8677884615384616 0.16346153846153846 0.11057692307692307
0 0.48197115384615385 0.8028846153846154 0.13701923076923078 0.10096153846153846
0 0.5637019230769231 0.875 0.10336538461538461 0.10096153846153846
0 0.6754807692307693 0.8677884615384616 0.17307692307692307 0.15384615384615385
0 0.6730769230769231 0.7259615384615384 0.14903846153846154 0.11538461538461539
0 0.7860576923076923 0.8076923076923077 0.16826923076923078 0.2548076923076923
0 0.8689903846153846 0.7331730769230769 0.13701923076923078 0.10576923076923077
0 0.84375 0.6514423076923077 0.12980769230769232 0.07211538461538461
0 0.7860576923076923 0.5528846153846154 0.20192307692307693 0.12980769230769232
0 0.7403846153846154 0.42788461538461536 0.20673076923076922 0.15865384615384615
0 0.6646634615384616 0.25721153846153844 0.14182692307692307 0.13942307692307693
0 0.6165865384615384 0.15625 0.18028846153846154 0.11538461538461539
0 0.8653846153846154 0.2644230769230769 0.1875 0.16826923076923078
0 0.8533653846153846 0.11057692307692307 0.14903846153846154 0.14903846153846154
0 0.6850961538461539 0.09495192307692307 0.17307692307692307 0.17067307692307693
