0 0.055288461538461536 0.9651442307692307 0.09134615384615384 0.06971153846153846
0 0.12980769230769232 0.9543269230769231 0.057692307692307696 0.0673076923076923
0 0.19471153846153846 0.9591346153846154 0.08173076923076923 0.07211538461538461
0 0.27403846153846156 0.9266826923076923 0.0673076923076923 0.0889423076923077
0 0.35096153846153844 0.9519230769230769 0.09615384615384616 0.0673076923076923
0 0.40625 0.9639423076923077 0.09134615384615384 0.052884615384615384
0 0.4831730769230769 0.984375 0.07211538461538461 0.03125
0 0.2932692307692308 0.9879807692307693 0.07692307692307693 0.02403846153846154
0 0.5552884615384616 0.9759615384615384 0.09134615384615384 0.04807692307692308
0 0.49278846153846156 0.9399038461538461 0.0625 0.07211538461538461
0 0.5817307692307693 0.9206730769230769 0.09615384615384616 0.057692307692307696
0 0.65625 0.9651442307692307 0.1201923076923077 0.06971153846153846
0 0.7560096153846154 0.9603365384615384 0.11298076923076923 0.06971153846153846
0 0.8461538461538461 0.9591346153846154 0.07692307692307693 0.0673076923076923
0 0.8762019230769231 0.9435096153846154 0.10817307692307693 0.05048076923076923
0 0.9447115384615384 0.9266826923076923 0.11057692307692307 0.06009615384615385
0 0.08173076923076923 0.8725961538461539 0.07692307692307693 0.057692307692307696
0 0.15144230769230768 0.9038461538461539 0.08173076923076923 0.0673076923076923
0 0.025240384615384616 0.8581730769230769 0.036057692307692304 0.0673076923076923
0 0.04326923076923077 0.7992788461538461 0.07211538461538461 0.06971153846153846
0 0.12980769230769232 0.8173076923076923 0.0673076923076923 0.04807692307692308
0 0.11658653846153846 0.7644230769230769 0.10336538461538461 0.057692307692307696
0 0.052884615384615384 0.7163461538461539 0.08653846153846154 0.0625
0 0.0673076923076923 0.6622596153846154 0.08653846153846154 0.05048076923076923
0 0.027644230769230768 0.6225961538461539 0.040865384615384616 0.03365384615384615
0 0.052884615384615384 0.5829326923076923 0.08653846153846154 0.05048076923076923
0 0.038461538461538464 0.5408653846153846 0.0625 0.04807692307692308
0 0.9519230769230769 0.8557692307692307 0.09134615384615384 0.07692307692307693
0 0.8677884615384616 0.8870192307692307 0.0625 0.052884615384615384
0 0.7908653846153846 0.9038461538461539 0.08173076923076923 0.057692307692307696
0 0.7115384615384616 0.9110576923076923 0.057692307692307696 0.04807692307692308
0 0.65625 0.875 0.07692307692307693 0.08653846153846154
0 0.5745192307692307 0.8677884615384616 0.0625 0.052884615384615384
0 0.49278846153846156 0.875 0.0625 0.0625
0 0.4230769230769231 0.8149038461538461 0.0673076923076923 0.07692307692307693
0 0.4519230769230769 0.8509615384615384 0.07211538461538461 0.04326923076923077
0 0.4230769230769231 0.8966346153846154 0.07692307692307693 0.07211538461538461
0 0.37259615384615385 0.84375 0.057692307692307696 0.052884615384615384
0 0.3317307692307692 0.8822115384615384 0.07211538461538461 0.0673076923076923
0 0.24519230769230768 0.8629807692307693 0.08173076923076923 0.057692307692307696
0 0.24278846153846154 0.7980769230769231 0.07692307692307693 0.0625
0 0.1778846153846154 0.8004807692307693 0.07211538461538461 0.0673076923076923
0 0.2091346153846154 0.7427884615384616 0.07211538461538461 0.07211538461538461
0 0.2848557692307692 0.7487980769230769 0.10817307692307693 0.06971153846153846
0 0.33653846153846156 0.8052884615384616 0.08653846153846154 0.057692307692307696
0 0.3798076923076923 0.7524038461538461 0.07211538461538461 0.04807692307692308
0 0.4519230769230769 0.7668269230769231 0.0625 0.052884615384615384
0 0.9927884615384616 0.8329326923076923 0.014423076923076924 0.055288461538461536
0 0.9591346153846154 0.7644230769230769 0.08173076923076923 0.0673076923076923
0 0.9182692307692307 0.7992788461538461 0.0673076923076923 0.06971153846153846
0 0.8677884615384616 0.7740384615384616 0.08173076923076923 0.0673076923076923
0 0.8461538461538461 0.8173076923076923 0.07692307692307693 0.04807692307692308
0 0.7908653846153846 0.7740384615384616 0.08173076923076923 0.057692307692307696
0 0.7043269230769231 0.8197115384615384 0.09134615384615384 0.057692307692307696
0 0.7019230769230769 0.7596153846153846 0.07692307692307693 0.052884615384615384
0 0.6274038461538461 0.7572115384615384 0.052884615384615384 0.057692307692307696
0 0.5625 0.7548076923076923 0.0673076923076923 0.052884615384615384
0 0.5625 0.8028846153846154 0.057692307692307696 0.038461538461538464
0 0.4951923076923077 0.7596153846153846 0.04807692307692308 0.052884615384615384
0 0.4879807692307692 0.7211538461538461 0.0625 0.04807692307692308
0 0.4206730769230769 0.7043269230769231 0.07211538461538461 0.0673076923076923
0 0.3485576923076923 0.7067307692307693 0.052884615384615384 0.052884615384615384
0 0.29086538461538464 0.6838942307692307 0.0625 0.05048076923076923
0 0.23076923076923078 0.6875 0.052884615384615384 0.04807692307692308
0 0.15865384615384615 0.6466346153846154 0.0625 0.04807692307692308
0 0.14423076923076922 0.6995192307692307 0.08653846153846154 0.057692307692307696
0 0.12740384615384615 0.6057692307692307 0.09134615384615384 0.0625
0 0.09134615384615384 0.5384615384615384 0.07211538461538461 0.0673076923076923
0 0.17307692307692307 0.5564903846153846 0.08173076923076923 0.05048076923076923
0 0.055288461538461536 0.49158653846153844 0.0625 0.05048076923076923
0 0.038461538461538464 0.44471153846153844 0.0625 0.04326923076923077
0 0.9423076923076923 0.7091346153846154 0.08173076923076923 0.052884615384615384
0 0.875 0.6754807692307693 0.07211538461538461 0.052884615384615384
0 0.78125 0.6754807692307693 0.08173076923076923 0.0625
0 0.6995192307692307 0.6923076923076923 0.0625 0.04326923076923077
0 0.625 0.7091346153846154 0.07692307692307693 0.04807692307692308
0 0.5588942307692307 0.7091346153846154 0.040865384615384616 0.052884615384615384
0 0.5216346153846154 0.6706730769230769 0.057692307692307696 0.0625
0 0.4495192307692308 0.6730769230769231 0.07692307692307693 0.0673076923076923
0 0.44471153846153844 0.6177884615384616 0.057692307692307696 0.04807692307692308
0 0.38221153846153844 0.6141826923076923 0.04807692307692308 0.05048076923076923
0 0.3425480769230769 0.6201923076923077 0.03125 0.04807692307692308
0 0.28846153846153844 0.5889423076923077 0.057692307692307696 0.052884615384615384
0 0.24519230769230768 0.6201923076923077 0.07211538461538461 0.052884615384615384
0 0.2548076923076923 0.5408653846153846 0.052884615384615384 0.038461538461538464
0 0.24278846153846154 0.43509615384615385 0.04807692307692308 0.052884615384615384
0 0.1778846153846154 0.4014423076923077 0.07211538461538461 0.0673076923076923
0 0.14182692307692307 0.3581730769230769 0.08173076923076923 0.04807692307692308
0 0.09375 0.40865384615384615 0.057692307692307696 0.052884615384615384
0 0.11298076923076923 0.5 0.04807692307692308 0.038461538461538464
0 0.09134615384615384 0.45552884615384615 0.07211538461538461 0.05048076923076923
0 0.14423076923076922 0.4639423076923077 0.057692307692307696 0.04326923076923077
0 0.18028846153846154 0.44471153846153844 0.0673076923076923 0.04326923076923077
0 0.22355769230769232 0.4831730769230769 0.0625 0.04326923076923077
0 0.16826923076923078 0.5120192307692307 0.07211538461538461 0.04807692307692308
0 0.28846153846153844 0.49278846153846156 0.07692307692307693 0.052884615384615384
0 0.31971153846153844 0.5408653846153846 0.0673076923076923 0.04807692307692308
0 0.3629807692307692 0.49038461538461536 0.07211538461538461 0.052884615384615384
0 0.9831730769230769 0.18269230769230768 0.03365384615384615 0.052884615384615384
0 0.9723557692307693 0.22956730769230768 0.055288461538461536 0.04567307692307692
0 0.9771634615384616 0.28365384615384615 0.04567307692307692 0.0625
0 0.9807692307692307 0.34375 0.038461538461538464 0.07211538461538461
0 0.9771634615384616 0.39302884615384615 0.04567307692307692 0.03125
0 0.96875 0.4206730769230769 0.057692307692307696 0.02403846153846154
0 0.9903846153846154 0.4411057692307692 0.02403846153846154 0.05048076923076923
0 0.9302884615384616 0.46153846153846156 0.0625 0.04807692307692308
0 0.9723557692307693 0.4891826923076923 0.055288461538461536 0.040865384615384616
0 0.9831730769230769 0.5288461538461539 0.03365384615384615 0.07692307692307693
0 0.9350961538461539 0.5348557692307693 0.07211538461538461 0.05048076923076923
0 0.9807692307692307 0.5925480769230769 0.038461538461538464 0.06009615384615385
0 0.9182692307692307 0.5889423076923077 0.07692307692307693 0.04807692307692308
0 0.9591346153846154 0.6526442307692307 0.08173076923076923 0.06009615384615385
0 0.8942307692307693 0.625 0.07211538461538461 0.0625
0 0.8221153846153846 0.6298076923076923 0.0625 0.057692307692307696
0 0.7572115384615384 0.6322115384615384 0.057692307692307696 0.052884615384615384
0 0.8461538461538461 0.59375 0.0673076923076923 0.038461538461538464
0 0.8677884615384616 0.5432692307692307 0.052884615384615384 0.04807692307692308
0 0.8100961538461539 0.5240384615384616 0.0673076923076923 0.052884615384615384
0 0.7836538461538461 0.5697115384615384 0.07692307692307693 0.04807692307692308
0 0.7211538461538461 0.5504807692307693 0.0673076923076923 0.057692307692307696
0 0.7163461538461539 0.5985576923076923 0.057692307692307696 0.057692307692307696
0 0.6826923076923077 0.6346153846153846 0.07211538461538461 0.04326923076923077
0 0.6033653846153846 0.6274038461538461 0.07692307692307693 0.03365384615384615
0 0.6658653846153846 0.6009615384615384 0.04807692307692308 0.038461538461538464
0 0.6057692307692307 0.5901442307692307 0.0625 0.03125
0 0.5745192307692307 0.5504807692307693 0.0625 0.04326923076923077
0 0.5288461538461539 0.5889423076923077 0.052884615384615384 0.03365384615384615
0 0.5216346153846154 0.625 0.07692307692307693 0.038461538461538464
0 0.5048076923076923 0.5432692307692307 0.0673076923076923 0.04807692307692308
0 0.4543269230769231 0.5408653846153846 0.04807692307692308 0.03365384615384615
0 0.45913461538461536 0.5757211538461539 0.04807692307692308 0.026442307692307692
0 0.39783653846153844 0.5625 0.036057692307692304 0.038461538461538464
0 0.3798076923076923 0.5408653846153846 0.07211538461538461 0.038461538461538464
0 0.43028846153846156 0.48677884615384615 0.07211538461538461 0.06971153846153846
0 0.47836538461538464 0.43149038461538464 0.052884615384615384 0.03125
0 0.40625 0.4375 0.07211538461538461 0.04326923076923077
0 0.3485576923076923 0.4423076923076923 0.0625 0.04326923076923077
0 0.3125 0.4014423076923077 0.052884615384615384 0.057692307692307696
0 0.24759615384615385 0.38221153846153844 0.057692307692307696 0.052884615384615384
0 0.9278846153846154 0.19471153846153846 0.057692307692307696 0.057692307692307696
0 0.8557692307692307 0.20432692307692307 0.0673076923076923 0.0625
0 0.7884615384615384 0.20552884615384615 0.057692307692307696 0.05048076923076923
0 0.7271634615384616 0.22115384615384615 0.036057692307692304 0.04326923076923077
0 0.6802884615384616 0.234375 0.02403846153846154 0.03125
0 0.6382211538461539 0.25240384615384615 0.040865384615384616 0.03365384615384615
0 0.5853365384615384 0.2620192307692308 0.03125 0.04807692307692308
0 0.5504807692307693 0.2403846153846154 0.052884615384615384 0.04326923076923077
0 0.4795673076923077 0.24278846153846154 0.036057692307692304 0.038461538461538464
0 0.44471153846153844 0.2692307692307692 0.057692307692307696 0.04807692307692308
0 0.39302884615384615 0.2548076923076923 0.036057692307692304 0.0625
0 0.3605769230769231 0.2860576923076923 0.04807692307692308 0.038461538461538464
0 0.3125 0.2608173076923077 0.052884615384615384 0.05048076923076923
0 0.25 0.2644230769230769 0.052884615384615384 0.052884615384615384
0 0.1971153846153846 0.2824519230769231 0.04807692307692308 0.05048076923076923
0 0.13942307692307693 0.2764423076923077 0.057692307692307696 0.038461538461538464
0 0.07451923076923077 0.3004807692307692 0.0625 0.04807692307692308
0 0.036057692307692304 0.3293269230769231 0.057692307692307696 0.057692307692307696
0 0.9278846153846154 0.2692307692307692 0.0673076923076923 0.052884615384615384
0 0.8677884615384616 0.2956730769230769 0.07211538461538461 0.0625
0 0.8173076923076923 0.25721153846153844 0.07211538461538461 0.052884615384615384
0 0.875 0.2512019230769231 0.0625 0.05048076923076923
0 0.7860576923076923 0.3125 0.052884615384615384 0.04807692307692308
0 0.7379807692307693 0.32211538461538464 0.04807692307692308 0.057692307692307696
0 0.7572115384615384 0.2620192307692308 0.057692307692307696 0.052884615384615384
0 0.6850961538461539 0.3173076923076923 0.0673076923076923 0.057692307692307696
0 0.6033653846153846 0.31490384615384615 0.057692307692307696 0.04807692307692308
0 0.9326923076923077 0.3485576923076923 0.057692307692307696 0.04326923076923077
0 0.90625 0.3894230769230769 0.07211538461538461 0.052884615384615384
0 0.8533653846153846 0.3762019230769231 0.08173076923076923 0.05048076923076923
0 0.8365384615384616 0.3317307692307692 0.07692307692307693 0.038461538461538464
0 0.8028846153846154 0.3918269230769231 0.09134615384615384 0.057692307692307696
0 0.8581730769230769 0.4182692307692308 0.09134615384615384 0.04326923076923077
0 0.8353365384615384 0.4639423076923077 0.10817307692307693 0.0673076923076923
0 0.7692307692307693 0.4639423076923077 0.07692307692307693 0.04326923076923077
0 0.7716346153846154 0.42908653846153844 0.052884615384615384 0.01201923076923077
0 0.7019230769230769 0.43509615384615385 0.0673076923076923 0.052884615384615384
0 0.6971153846153846 0.4855769230769231 0.057692307692307696 0.04807692307692308
0 0.6442307692307693 0.5180288461538461 0.057692307692307696 0.05048076923076923
0 0.5865384615384616 0.5048076923076923 0.08173076923076923 0.0625
0 0.4951923076923077 0.5 0.04807692307692308 0.038461538461538464
0 0.5528846153846154 0.47836538461538464 0.07692307692307693 0.04807692307692308
0 0.6322115384615384 0.4519230769230769 0.0625 0.052884615384615384
0 0.5913461538461539 0.42788461538461536 0.052884615384615384 0.038461538461538464
0 0.5144230769230769 0.4254807692307692 0.08173076923076923 0.04326923076923077
0 0.48197115384615385 0.38822115384615385 0.040865384615384616 0.05048076923076923
0 0.4375 0.37259615384615385 0.057692307692307696 0.057692307692307696
0 0.41947115384615385 0.40625 0.040865384615384616 0.04326923076923077
0 0.36899038461538464 0.38822115384615385 0.040865384615384616 0.05048076923076923
0 0.36538461538461536 0.33653846153846156 0.057692307692307696 0.057692307692307696
0 0.3233173076923077 0.3449519230769231 0.040865384615384616 0.026442307692307692
0 0.4362980769230769 0.32211538461538464 0.10336538461538461 0.057692307692307696
0 0.5384615384615384 0.28365384615384615 0.0625 0.04326923076923077
0 0.5216346153846154 0.31850961538461536 0.0673076923076923 0.026442307692307692
0 0.5408653846153846 0.38461538461538464 0.09615384615384616 0.04807692307692308
0 0.5817307692307693 0.3485576923076923 0.0673076923076923 0.03365384615384615
0 0.6153846153846154 0.3762019230769231 0.0625 0.05048076923076923
0 0.6706730769230769 0.3954326923076923 0.057692307692307696 0.05048076923076923
0 0.7331730769230769 0.3894230769230769 0.057692307692307696 0.038461538461538464
0 0.9350961538461539 0.11538461538461539 0.0625 0.052884615384615384
0 0.9831730769230769 0.09254807692307693 0.03365384615384615 0.04567307692307692
0 0.9699519230769231 0.0673076923076923 0.06009615384615385 0.052884615384615384
0 0.9627403846153846 0.02283653846153846 0.07451923076923077 0.040865384615384616
0 0.9014423076923077 0.040865384615384616 0.057692307692307696 0.052884615384615384
0 0.8317307692307693 0.014423076923076924 0.1346153846153846 0.02403846153846154
0 0.8149038461538461 0.039663461538461536 0.09615384615384616 0.05048076923076923
0 0.8221153846153846 0.09735576923076923 0.09134615384615384 0.05048076923076923
0 0.7524038461538461 0.0985576923076923 0.0673076923076923 0.057692307692307696
0 0.6850961538461539 0.10817307692307693 0.07692307692307693 0.052884615384615384
0 0.6802884615384616 0.054086538461538464 0.0673076923076923 0.05048076923076923
0 0.7115384615384616 0.040865384615384616 0.08653846153846154 0.07692307692307693
0 0.6213942307692307 0.11778846153846154 0.040865384615384616 0.04807692307692308
0 0.5769230769230769 0.11778846153846154 0.057692307692307696 0.052884615384615384
0 0.5240384615384616 0.12740384615384615 0.0625 0.04807692307692308
0 0.47115384615384615 0.11057692307692307 0.052884615384615384 0.04807692307692308
0 0.6225961538461539 0.07211538461538461 0.052884615384615384 0.04807692307692308
0 0.6466346153846154 0.021634615384615384 0.07211538461538461 0.038461538461538464
0 0.5793269230769231 0.026442307692307692 0.0625 0.04807692307692308
0 0.5408653846153846 0.08413461538461539 0.04807692307692308 0.04807692307692308
0 0.4735576923076923 0.06490384615384616 0.08653846153846154 0.0625
0 0.49158653846153844 0.020432692307692308 0.08413461538461539 0.036057692307692304
0 0.45072115384615385 0.020432692307692308 0.06490384615384616 0.036057692307692304
0 0.41346153846153844 0.014423076923076924 0.04807692307692308 0.02403846153846154
0 0.38461538461538464 0.04326923076923077 0.052884615384615384 0.03365384615384615
0 0.40865384615384615 0.08173076923076923 0.0673076923076923 0.04326923076923077
0 0.4254807692307692 0.12259615384615384 0.0625 0.052884615384615384
0 0.33653846153846156 0.12139423076923077 0.0673076923076923 0.05048076923076923
0 0.38221153846153844 0.14302884615384615 0.057692307692307696 0.03125
0 0.2692307692307692 0.13942307692307693 0.04807692307692308 0.04326923076923077
0 0.21754807692307693 0.15264423076923078 0.036057692307692304 0.026442307692307692
0 0.16706730769230768 0.15745192307692307 0.040865384615384616 0.03125
0 0.10096153846153846 0.16346153846153846 0.052884615384615384 0.019230769230769232
0 0.040865384615384616 0.17067307692307693 0.02403846153846154 0.004807692307692308
0 0.07692307692307693 0.13701923076923078 0.0673076923076923 0.04807692307692308
0 0.037259615384615384 0.125 0.036057692307692304 0.04326923076923077
0 0.27163461538461536 0.09134615384615384 0.052884615384615384 0.052884615384615384
0 0.22956730769230768 0.11298076923076923 0.040865384615384616 0.04326923076923077
0 0.19230769230769232 0.09615384615384616 0.04807692307692308 0.0625
0 0.15504807692307693 0.06009615384615385 0.036057692307692304 0.02403846153846154
0 0.09254807692307693 0.07211538461538461 0.17067307692307693 0.13942307692307693
0 0.1201923076923077 0.026442307692307692 0.04326923076923077 0.04807692307692308
0 0.3557692307692308 0.01201923076923077 0.04807692307692308 0.019230769230769232
0 0.3125 0.0625 0.07211538461538461 0.04326923076923077
0 0.2860576923076923 0.014423076923076924 0.0625 0.02403846153846154
0 0.22355769230769232 0.0625 0.07211538461538461 0.04326923076923077
0 0.19951923076923078 0.021634615384615384 0.08173076923076923 0.038461538461538464
