0 0.25240384615384615 0.8004807692307693 0.3557692307692308 0.27403846153846156
0 0.49038461538461536 0.7752403846153846 0.20192307692307693 0.18509615384615385
0 0.6322115384615384 0.8798076923076923 0.21634615384615385 0.1778846153846154
0 0.6117788461538461 0.7163461538461539 0.18509615384615385 0.15384615384615385
0 0.37259615384615385 0.5913461538461539 0.2932692307692308 0.22115384615384615
0 0.41586538461538464 0.3942307692307692 0.27884615384615385 0.1971153846153846
0 0.5384615384615384 0.5456730769230769 0.16346153846153846 0.18269230769230768
0 0.6694711538461539 0.5697115384615384 0.17067307692307693 0.14903846153846154
0 0.625 0.4254807692307692 0.15865384615384615 0.15865384615384615
0 0.7283653846153846 0.43990384615384615 0.09615384615384616 0.12980769230769232
0 0.5264423076923077 0.2692307692307692 0.19230769230769232 0.16346153846153846
0 0.37740384615384615 0.17548076923076922 0.30288461538461536 0.22115384615384615
0 0.7379807692307693 0.31490384615384615 0.13942307692307693 0.12980769230769232
0 0.6634615384615384 0.2692307692307692 0.16346153846153846 0.1778846153846154
0 0.7295673076923077 0.17067307692307693 0.18509615384615385 0.15865384615384615
0 0.5288461538461539 0.10096153846153846 0.22596153846153846 0.1875
4 0.11778846153846154 0.33653846153846156 0.22115384615384615 0.6682692307692307
4 0.04326923076923077 0.7788461538461539 0.07211538461538461 0.23076923076923078
4 0.3245192307692308 0.03365384615384615 0.20192307692307693 0.0625
4 0.25961538461538464 0.07211538461538461 0.052884615384615384 0.02403846153846154
4 0.23918269230769232 0.09375 0.03125 0.03365384615384615
4 0.23317307692307693 0.38822115384615385 0.08653846153846154 0.24759615384615385
4 0.7235576923076923 0.046875 0.21634615384615385 0.0889423076923077
4 0.4543269230769231 0.8918269230769231 0.13942307692307693 0.052884615384615384
