0 0.6658653846153846 0.46153846153846156 0.23557692307692307 0.3605769230769231
0 0.6021634615384616 0.20552884615384615 0.17067307692307693 0.2620192307692308
0 0.48677884615384615 0.2403846153846154 0.11778846153846154 0.19230769230769232
0 0.38461538461538464 0.16706730769230768 0.16826923076923078 0.21875
0 0.25721153846153844 0.18269230769230768 0.11057692307692307 0.1201923076923077
0 0.21875 0.3401442307692308 0.16346153846153846 0.24759615384615385
0 0.3605769230769231 0.31971153846153844 0.1346153846153846 0.1875
0 0.40865384615384615 0.4495192307692308 0.20673076923076922 0.32211538461538464
0 0.48677884615384615 0.7139423076923077 0.20432692307692307 0.3076923076923077
0 0.5384615384615384 0.6478365384615384 0.13942307692307693 0.3389423076923077
0 0.3125 0.6754807692307693 0.15384615384615385 0.2403846153846154
0 0.39302884615384615 0.8052884615384616 0.05048076923076923 0.08653846153846154
0 0.2403846153846154 0.5528846153846154 0.15384615384615385 0.19230769230769232
