0 0.8197115384615384 0.2980769230769231 0.08653846153846154 0.2692307692307692
0 0.7235576923076923 0.5817307692307693 0.08653846153846154 0.3125
0 0.8233173076923077 0.5793269230769231 0.09375 0.11057692307692307
0 0.8521634615384616 0.5492788461538461 0.11298076923076923 0.2091346153846154
0 0.9098557692307693 0.49759615384615385 0.08413461538461539 0.20192307692307693
0 0.9110576923076923 0.2692307692307692 0.10096153846153846 0.2644230769230769
0 0.5240384615384616 0.33653846153846156 0.10096153846153846 0.12980769230769232
0 0.13701923076923078 0.6009615384615384 0.0625 0.20192307692307693
0 0.07932692307692307 0.46033653846153844 0.057692307692307696 0.1658653846153846
0 0.1502403846153846 0.2860576923076923 0.12259615384615384 0.17307692307692307
0 0.21995192307692307 0.46875 0.10336538461538461 0.24519230769230768
0 0.27283653846153844 0.4230769230769231 0.06490384615384616 0.13942307692307693
0 0.3016826923076923 0.38221153846153844 0.055288461538461536 0.14903846153846154
0 0.2668269230769231 0.5817307692307693 0.07211538461538461 0.15384615384615385
0 0.34615384615384615 0.5396634615384616 0.10576923076923077 0.3004807692307692
0 0.4254807692307692 0.5600961538461539 0.09134615384615384 0.3942307692307692
0 0.4699519230769231 0.8353365384615384 0.08413461538461539 0.18990384615384615
0 0.9086538461538461 0.8185096153846154 0.14423076923076922 0.23317307692307693
0 0.5024038461538461 0.5036057692307693 0.9951923076923077 0.9927884615384616
