0 0.5528846153846154 0.5877403846153846 0.5144230769230769 0.6754807692307693
0 0.8341346153846154 0.7307692307692307 0.2932692307692308 0.4326923076923077
0 0.8882211538461539 0.9278846153846154 0.22355769230769232 0.13942307692307693
0 0.515625 0.9230769230769231 0.37740384615384615 0.14903846153846154
0 0.17668269230769232 0.6682692307692307 0.3485576923076923 0.5048076923076923
0 0.36538461538461536 0.1814903846153846 0.30288461538461536 0.35336538461538464
0 0.6850961538461539 0.24879807692307693 0.3605769230769231 0.3870192307692308
0 0.8317307692307693 0.28846153846153844 0.1875 0.4807692307692308
0 0.04927884615384615 0.2403846153846154 0.09375 0.41346153846153844
0 0.13341346153846154 0.12740384615384615 0.2091346153846154 0.24519230769230768
0 0.22355769230769232 0.03125 0.125 0.057692307692307696
0 0.5817307692307693 0.042067307692307696 0.24519230769230768 0.07451923076923077
0 0.8064903846153846 0.04567307692307692 0.18509615384615385 0.08173076923076923
0 0.9447115384615384 0.04807692307692308 0.11057692307692307 0.08653846153846154
0 0.037259615384615384 0.025240384615384616 0.06490384615384616 0.040865384615384616
