0 0.08413461538461539 0.14423076923076922 0.15384615384615385 0.27403846153846156
0 0.21394230769230768 0.09254807692307693 0.18269230769230768 0.17067307692307693
0 0.3918269230769231 0.14182692307692307 0.23557692307692307 0.2692307692307692
0 0.5192307692307693 0.03125 0.16346153846153846 0.04807692307692308
0 0.6141826923076923 0.21514423076923078 0.20432692307692307 0.24759615384615385
0 0.6201923076923077 0.06971153846153846 0.16346153846153846 0.125
0 0.7283653846153846 0.04567307692307692 0.13942307692307693 0.07692307692307693
0 0.796875 0.06971153846153846 0.12740384615384615 0.125
0 0.7740384615384616 0.22115384615384615 0.125 0.21153846153846154
0 0.9086538461538461 0.2439903846153846 0.18269230769230768 0.2091346153846154
0 0.9194711538461539 0.09014423076923077 0.16105769230769232 0.17548076923076922
0 0.8846153846153846 0.4855769230769231 0.1875 0.27403846153846156
0 0.9819711538461539 0.3798076923076923 0.036057692307692304 0.18269230769230768
0 0.7199519230769231 0.43509615384615385 0.20432692307692307 0.27884615384615385
0 0.5444711538461539 0.47115384615384615 0.22355769230769232 0.28846153846153844
0 0.47115384615384615 0.32211538461538464 0.16346153846153846 0.125
0 0.3004807692307692 0.44471153846153844 0.2692307692307692 0.33653846153846156
0 0.2283653846153846 0.2692307692307692 0.21153846153846154 0.20192307692307693
0 0.11778846153846154 0.5060096153846154 0.17307692307692307 0.3245192307692308
0 0.04326923076923077 0.4879807692307692 0.07211538461538461 0.3701923076923077
0 0.06971153846153846 0.2956730769230769 0.125 0.09134615384615384
0 0.1875 0.7836538461538461 0.2692307692307692 0.375
0 0.1201923076923077 0.8798076923076923 0.23076923076923078 0.2403846153846154
0 0.02283653846153846 0.7331730769230769 0.03125 0.0673076923076923
0 0.3629807692307692 0.9951923076923077 0.17307692307692307 0.009615384615384616
0 0.27524038461538464 0.9855769230769231 0.11298076923076923 0.028846153846153848
0 0.46153846153846156 0.7668269230769231 0.35096153846153844 0.4230769230769231
0 0.6706730769230769 0.7860576923076923 0.16826923076923078 0.34134615384615385
0 0.6442307692307693 0.5961538461538461 0.08653846153846154 0.09134615384615384
0 0.7932692307692307 0.7379807692307693 0.18269230769230768 0.2644230769230769
0 0.7259615384615384 0.5985576923076923 0.09615384615384616 0.0673076923076923
0 0.9567307692307693 0.6057692307692307 0.08653846153846154 0.11538461538461539
0 0.9831730769230769 0.5192307692307693 0.03365384615384615 0.08173076923076923
0 0.9278846153846154 0.8137019230769231 0.14903846153846154 0.31490384615384615
0 0.8353365384615384 0.9362980769230769 0.23798076923076922 0.12740384615384615
0 0.6394230769230769 0.9567307692307693 0.25961538461538464 0.08653846153846154
0 0.9795673076923077 0.9831730769230769 0.040865384615384616 0.03365384615384615
