0 0.4855769230769231 0.5997596153846154 0.3894230769230769 0.6225961538461539
0 0.8365384615384616 0.65625 0.3269230769230769 0.6826923076923077
0 0.9675480769230769 0.953125 0.06009615384615385 0.0889423076923077
0 0.5889423076923077 0.9230769230769231 0.3557692307692308 0.14903846153846154
0 0.16826923076923078 0.6887019230769231 0.3317307692307692 0.6177884615384616
0 0.3329326923076923 0.22956730769230768 0.37259615384615385 0.4543269230769231
0 0.7067307692307693 0.25961538461538464 0.375 0.47115384615384615
0 0.9338942307692307 0.234375 0.13221153846153846 0.4639423076923077
0 0.8185096153846154 0.046875 0.2091346153846154 0.0889423076923077
0 0.5492788461538461 0.06009615384615385 0.2620192307692308 0.11538461538461539
