0 0.6358173076923077 0.36538461538461536 0.6225961538461539 0.375
0 0.6887019230769231 0.14182692307692307 0.4206730769230769 0.19230769230769232
0 0.38221153846153844 0.16466346153846154 0.24519230769230768 0.12740384615384615
0 0.21033653846153846 0.33653846153846156 0.41586538461538464 0.34615384615384615
0 0.1502403846153846 0.5685096153846154 0.2956730769230769 0.19951923076923078
0 0.47596153846153844 0.5384615384615384 0.3557692307692308 0.13942307692307693
0 0.3173076923076923 0.7319711538461539 0.5096153846153846 0.39663461538461536
0 0.7836538461538461 0.7367788461538461 0.42788461538461536 0.4254807692307692
0 0.9326923076923077 0.5 0.12980769230769232 0.052884615384615384
0 0.6502403846153846 0.9338942307692307 0.6418269230769231 0.13221153846153846
