0 0.9831730769230769 0.04807692307692308 0.028846153846153848 0.07692307692307693
0 0.9471153846153846 0.1310096153846154 0.10096153846153846 0.0985576923076923
0 0.8653846153846154 0.14302884615384615 0.11057692307692307 0.15625
0 0.9158653846153846 0.04567307692307692 0.09134615384615384 0.07211538461538461
0 0.828125 0.06009615384615385 0.0985576923076923 0.08173076923076923
0 0.7740384615384616 0.15144230769230768 0.07692307692307693 0.13942307692307693
0 0.7067307692307693 0.1045673076923077 0.07692307692307693 0.0985576923076923
0 0.7451923076923077 0.036057692307692304 0.09134615384615384 0.057692307692307696
0 0.6850961538461539 0.028846153846153848 0.057692307692307696 0.04326923076923077
0 0.6129807692307693 0.038461538461538464 0.08653846153846154 0.0625
0 0.9807692307692307 0.27884615384615385 0.038461538461538464 0.08173076923076923
0 0.9879807692307693 0.3641826923076923 0.02403846153846154 0.0889423076923077
0 0.9903846153846154 0.45913461538461536 0.019230769230769232 0.0673076923076923
0 0.8617788461538461 0.5360576923076923 0.0985576923076923 0.1201923076923077
0 0.9326923076923077 0.6081730769230769 0.1346153846153846 0.125
0 0.9675480769230769 0.7247596153846154 0.06490384615384616 0.15144230769230768
0 0.8557692307692307 0.7355769230769231 0.14903846153846154 0.17307692307692307
0 0.9182692307692307 0.8389423076923077 0.15384615384615385 0.17307692307692307
0 0.7740384615384616 0.6274038461538461 0.14423076923076922 0.16826923076923078
0 0.6778846153846154 0.7019230769230769 0.11057692307692307 0.14423076923076922
0 0.6754807692307693 0.8125 0.10576923076923077 0.11057692307692307
0 0.7836538461538461 0.8076923076923077 0.1201923076923077 0.17307692307692307
0 0.8293269230769231 0.9447115384615384 0.14903846153846154 0.10576923076923077
0 0.703125 0.3629807692307692 0.13701923076923078 0.14423076923076922
0 0.6923076923076923 0.4879807692307692 0.10576923076923077 0.125
0 0.6165865384615384 0.5204326923076923 0.07932692307692307 0.0985576923076923
0 0.5552884615384616 0.5721153846153846 0.09134615384615384 0.11057692307692307
0 0.49158653846153844 0.609375 0.07932692307692307 0.0889423076923077
0 0.46274038461538464 0.5384615384615384 0.0985576923076923 0.125
0 0.5288461538461539 0.5240384615384616 0.038461538461538464 0.019230769230769232
0 0.5372596153846154 0.4639423076923077 0.07932692307692307 0.11057692307692307
0 0.6033653846153846 0.47115384615384615 0.0625 0.08173076923076923
0 0.6274038461538461 0.4026442307692308 0.07211538461538461 0.0985576923076923
0 0.5685096153846154 0.35096153846153844 0.11778846153846154 0.14423076923076922
0 0.6237980769230769 0.27403846153846156 0.07932692307692307 0.10576923076923077
0 0.5552884615384616 0.22115384615384615 0.125 0.14423076923076922
0 0.4987980769230769 0.2403846153846154 0.07932692307692307 0.12980769230769232
0 0.47115384615384615 0.10336538461538461 0.10576923076923077 0.11057692307692307
0 0.4639423076923077 0.13221153846153846 0.15384615384615385 0.11538461538461539
0 0.39663461538461536 0.22956730769230768 0.125 0.15144230769230768
0 0.46153846153846156 0.375 0.09615384615384616 0.1201923076923077
0 0.49278846153846156 0.43990384615384615 0.10576923076923077 0.07211538461538461
0 0.38461538461538464 0.43990384615384615 0.10096153846153846 0.1346153846153846
0 0.3798076923076923 0.5372596153846154 0.07692307692307693 0.0889423076923077
0 0.2860576923076923 0.43990384615384615 0.10096153846153846 0.125
0 0.2800480769230769 0.31490384615384615 0.08413461538461539 0.11538461538461539
0 0.3713942307692308 0.3125 0.0985576923076923 0.1201923076923077
0 0.33413461538461536 0.23798076923076922 0.0625 0.0625
0 0.2548076923076923 0.3581730769230769 0.0625 0.07211538461538461
0 0.2980769230769231 0.07692307692307693 0.1346153846153846 0.1346153846153846
0 0.20673076923076922 0.17548076923076922 0.125 0.1875
0 0.12860576923076922 0.21634615384615385 0.0985576923076923 0.14423076923076922
0 0.12139423076923077 0.0985576923076923 0.13701923076923078 0.11057692307692307
0 0.1502403846153846 0.040865384615384616 0.17067307692307693 0.0673076923076923
0 0.03365384615384615 0.10216346153846154 0.0625 0.19471153846153846
0 0.07932692307692307 0.41947115384615385 0.07692307692307693 0.09375
0 0.09615384615384616 0.36778846153846156 0.04326923076923077 0.04326923076923077
0 0.038461538461538464 0.3629807692307692 0.07211538461538461 0.11538461538461539
0 0.01201923076923077 0.30528846153846156 0.019230769230769232 0.052884615384615384
0 0.03485576923076923 0.46033653846153844 0.06490384615384616 0.09375
0 0.20552884615384615 0.5 0.0985576923076923 0.12980769230769232
0 0.27884615384615385 0.5757211538461539 0.08653846153846154 0.09375
0 0.35096153846153844 0.640625 0.11057692307692307 0.0985576923076923
0 0.40384615384615385 0.7199519230769231 0.13942307692307693 0.0889423076923077
0 0.3605769230769231 0.7692307692307693 0.1201923076923077 0.14423076923076922
0 0.34615384615384615 0.8509615384615384 0.04807692307692308 0.04326923076923077
0 0.2704326923076923 0.8545673076923077 0.11778846153846154 0.0985576923076923
0 0.2692307692307692 0.7608173076923077 0.09134615384615384 0.0889423076923077
0 0.2860576923076923 0.6742788461538461 0.08653846153846154 0.09375
0 0.19471153846153846 0.6454326923076923 0.10096153846153846 0.16105769230769232
0 0.11177884615384616 0.7379807692307693 0.11778846153846154 0.14423076923076922
0 0.15264423076923078 0.5456730769230769 0.11778846153846154 0.125
0 0.0985576923076923 0.6009615384615384 0.10576923076923077 0.125
0 0.04567307692307692 0.6430288461538461 0.052884615384615384 0.09375
0 0.5625 0.8197115384615384 0.09134615384615384 0.07211538461538461
0 0.6514423076923077 0.9326923076923077 0.10096153846153846 0.11057692307692307
0 0.7451923076923077 0.9771634615384616 0.08653846153846154 0.04567307692307692
0 0.6694711538461539 0.9855769230769231 0.0889423076923077 0.028846153846153848
0 0.6105769230769231 0.9615384615384616 0.052884615384615384 0.07692307692307693
0 0.5576923076923077 0.9074519230769231 0.09134615384615384 0.0889423076923077
0 0.5576923076923077 0.9723557692307693 0.07211538461538461 0.055288461538461536
0 0.48677884615384615 0.9771634615384616 0.07932692307692307 0.04567307692307692
0 0.47475961538461536 0.9050480769230769 0.08413461538461539 0.09375
0 0.5024038461538461 0.8581730769230769 0.057692307692307696 0.0625
0 0.4110576923076923 0.9230769230769231 0.04807692307692308 0.057692307692307696
0 0.42788461538461536 0.9723557692307693 0.0673076923076923 0.055288461538461536
0 0.36538461538461536 0.9699519230769231 0.057692307692307696 0.06009615384615385
0 0.18269230769230768 0.9639423076923077 0.07692307692307693 0.057692307692307696
0 0.10096153846153846 0.9675480769230769 0.10096153846153846 0.06490384615384616
0 0.13701923076923078 0.9158653846153846 0.09615384615384616 0.07692307692307693
0 0.06610576923076923 0.8629807692307693 0.06490384615384616 0.04326923076923077
0 0.052884615384615384 0.9266826923076923 0.0625 0.0889423076923077
0 0.028846153846153848 0.9795673076923077 0.052884615384615384 0.040865384615384616
0 0.019230769230769232 0.9074519230769231 0.03365384615384615 0.0985576923076923
0 0.028846153846153848 0.8197115384615384 0.04807692307692308 0.0625
