0 0.05048076923076923 0.14302884615384615 0.08173076923076923 0.12740384615384615
0 0.11177884615384616 0.2127403846153846 0.14182692307692307 0.0985576923076923
0 0.23798076923076922 0.1778846153846154 0.15384615384615385 0.125
0 0.36658653846153844 0.14182692307692307 0.18028846153846154 0.125
0 0.49038461538461536 0.05048076923076923 0.17307692307692307 0.08653846153846154
0 0.59375 0.07451923076923077 0.12980769230769232 0.07692307692307693
0 0.49759615384615385 0.14182692307692307 0.09134615384615384 0.09615384615384616
0 0.6057692307692307 0.15144230769230768 0.11538461538461539 0.08653846153846154
0 0.7127403846153846 0.15625 0.0985576923076923 0.09615384615384616
0 0.8040865384615384 0.12740384615384615 0.10336538461538461 0.10096153846153846
0 0.5384615384615384 0.21995192307692307 0.12980769230769232 0.08413461538461539
0 0.4254807692307692 0.22355769230769232 0.08173076923076923 0.0673076923076923
0 0.25961538461538464 0.2548076923076923 0.12980769230769232 0.08173076923076923
0 0.15865384615384615 0.30528846153846156 0.14903846153846154 0.11538461538461539
0 0.04567307692307692 0.28125 0.07692307692307693 0.07692307692307693
0 0.08413461538461539 0.3870192307692308 0.15384615384615385 0.1346153846153846
0 0.17067307692307693 0.41225961538461536 0.11538461538461539 0.0985576923076923
0 0.3293269230769231 0.36778846153846156 0.23557692307692307 0.15384615384615385
0 0.5252403846153846 0.2980769230769231 0.18028846153846154 0.10096153846153846
0 0.41346153846153844 0.28125 0.0673076923076923 0.052884615384615384
0 0.49038461538461536 0.38461538461538464 0.11057692307692307 0.09615384615384616
0 0.5745192307692307 0.3641826923076923 0.07211538461538461 0.05048076923076923
0 0.6802884615384616 0.32572115384615385 0.15384615384615385 0.0985576923076923
0 0.6370192307692307 0.2620192307692308 0.0673076923076923 0.02403846153846154
0 0.6442307692307693 0.2247596153846154 0.09134615384615384 0.06490384615384616
0 0.7379807692307693 0.21394230769230768 0.08173076923076923 0.028846153846153848
0 0.7548076923076923 0.2800480769230769 0.15865384615384615 0.11298076923076923
0 0.8257211538461539 0.2512019230769231 0.10336538461538461 0.08413461538461539
0 0.8629807692307693 0.22596153846153846 0.09134615384615384 0.0673076923076923
0 0.10096153846153846 0.5168269230769231 0.1875 0.11538461538461539
0 0.24278846153846154 0.4855769230769231 0.17307692307692307 0.11538461538461539
0 0.43028846153846156 0.4543269230769231 0.1201923076923077 0.08173076923076923
0 0.5408653846153846 0.4855769230769231 0.16826923076923078 0.125
0 0.6454326923076923 0.4110576923076923 0.18028846153846154 0.10576923076923077
0 0.7055288461538461 0.49158653846153844 0.13701923076923078 0.0985576923076923
0 0.8353365384615384 0.4110576923076923 0.18028846153846154 0.1201923076923077
0 0.8966346153846154 0.3269230769230769 0.11538461538461539 0.08653846153846154
0 0.9447115384615384 0.4254807692307692 0.07211538461538461 0.08173076923076923
0 0.8990384615384616 0.5 0.12980769230769232 0.09615384615384616
0 0.7692307692307693 0.5276442307692307 0.15384615384615385 0.11298076923076923
0 0.9122596153846154 0.5841346153846154 0.10336538461538461 0.08173076923076923
0 0.8293269230769231 0.5841346153846154 0.12980769230769232 0.07692307692307693
0 0.7367788461538461 0.6153846153846154 0.06009615384615385 0.07692307692307693
0 0.6538461538461539 0.5961538461538461 0.12980769230769232 0.08653846153846154
0 0.6298076923076923 0.6875 0.16826923076923078 0.11057692307692307
0 0.47115384615384615 0.7067307692307693 0.16826923076923078 0.1201923076923077
0 0.3894230769230769 0.6454326923076923 0.11538461538461539 0.08413461538461539
0 0.38341346153846156 0.5336538461538461 0.13701923076923078 0.11538461538461539
0 0.5 0.6057692307692307 0.16346153846153846 0.1201923076923077
0 0.7644230769230769 0.7067307692307693 0.11538461538461539 0.09134615384615384
0 0.8653846153846154 0.671875 0.1201923076923077 0.0889423076923077
0 0.8629807692307693 0.7752403846153846 0.14903846153846154 0.11298076923076923
0 0.7872596153846154 0.8641826923076923 0.13701923076923078 0.11778846153846154
0 0.7163461538461539 0.8473557692307693 0.125 0.08413461538461539
0 0.6754807692307693 0.7716346153846154 0.12980769230769232 0.09134615384615384
0 0.6346153846153846 0.8521634615384616 0.11538461538461539 0.08413461538461539
0 0.6442307692307693 0.9483173076923077 0.14903846153846154 0.10336538461538461
0 0.5216346153846154 0.8930288461538461 0.16346153846153846 0.11298076923076923
0 0.53125 0.7788461538461539 0.14903846153846154 0.10576923076923077
0 0.35336538461538464 0.7740384615384616 0.15384615384615385 0.11538461538461539
0 0.37740384615384615 0.875 0.11538461538461539 0.09134615384615384
0 0.234375 0.8677884615384616 0.18028846153846154 0.11057692307692307
0 0.17548076923076922 0.7692307692307693 0.20192307692307693 0.125
0 0.08774038461538461 0.8401442307692307 0.13701923076923078 0.10336538461538461
0 0.040865384615384616 0.7728365384615384 0.0673076923076923 0.12740384615384615
0 0.07451923076923077 0.6442307692307693 0.12980769230769232 0.1346153846153846
0 0.22596153846153846 0.6514423076923077 0.1875 0.1201923076923077
0 0.27163461538461536 0.5769230769230769 0.17307692307692307 0.08653846153846154
