0 0.46153846153846156 0.3389423076923077 0.3605769230769231 0.23557692307692307
0 0.20552884615384615 0.4050480769230769 0.2620192307692308 0.17067307692307693
0 0.2403846153846154 0.5192307692307693 0.19230769230769232 0.11538461538461539
0 0.16706730769230768 0.6201923076923077 0.21875 0.16826923076923078
0 0.18269230769230768 0.7475961538461539 0.1201923076923077 0.11057692307692307
0 0.3389423076923077 0.7860576923076923 0.24519230769230768 0.16346153846153846
0 0.31971153846153844 0.6442307692307693 0.1875 0.1346153846153846
0 0.4495192307692308 0.5985576923076923 0.32211538461538464 0.20673076923076922
0 0.7139423076923077 0.5192307692307693 0.3076923076923077 0.20192307692307693
0 0.6478365384615384 0.46875 0.3389423076923077 0.13942307692307693
0 0.6754807692307693 0.6947115384615384 0.2403846153846154 0.15384615384615385
0 0.8052884615384616 0.6141826923076923 0.08653846153846154 0.05048076923076923
0 0.5528846153846154 0.7668269230769231 0.19230769230769232 0.15384615384615385
