0 0.15745192307692307 0.7980769230769231 0.12259615384615384 0.14423076923076922
0 0.22596153846153846 0.9086538461538461 0.17307692307692307 0.15865384615384615
0 0.28966346153846156 0.9819711538461539 0.10817307692307693 0.036057692307692304
0 0.37740384615384615 0.9182692307692307 0.15865384615384615 0.15384615384615385
0 0.4543269230769231 0.9759615384615384 0.15384615384615385 0.04807692307692308
0 0.5721153846153846 0.8990384615384616 0.21153846153846154 0.1778846153846154
0 0.6141826923076923 0.9915865384615384 0.10817307692307693 0.016826923076923076
0 0.75 0.9495192307692307 0.19230769230769232 0.10096153846153846
0 0.9098557692307693 0.9158653846153846 0.18028846153846154 0.16826923076923078
0 0.7668269230769231 0.8245192307692307 0.1778846153846154 0.14903846153846154
0 0.9146634615384616 0.7584134615384616 0.17067307692307693 0.14182692307692307
0 0.8028846153846154 0.6826923076923077 0.15384615384615385 0.125
0 0.6418269230769231 0.7163461538461539 0.20192307692307693 0.1778846153846154
0 0.47115384615384615 0.7716346153846154 0.1971153846153846 0.18269230769230768
0 0.29086538461538464 0.7355769230769231 0.18269230769230768 0.17307692307692307
0 0.16105769230769232 0.6346153846153846 0.13942307692307693 0.15865384615384615
0 0.2536057692307692 0.6057692307692307 0.0889423076923077 0.09134615384615384
0 0.375 0.6129807692307693 0.14423076923076922 0.1346153846153846
0 0.4951923076923077 0.6346153846153846 0.12980769230769232 0.10096153846153846
0 0.6033653846153846 0.5600961538461539 0.1778846153846154 0.15384615384615385
0 0.7692307692307693 0.5168269230769231 0.18269230769230768 0.15865384615384615
0 0.9194711538461539 0.5925480769230769 0.16105769230769232 0.15144230769230768
0 0.9122596153846154 0.4375 0.17548076923076922 0.16346153846153846
0 0.9939903846153846 0.36778846153846156 0.01201923076923077 0.07211538461538461
0 0.8894230769230769 0.2956730769230769 0.13942307692307693 0.10096153846153846
0 0.7740384615384616 0.3701923076923077 0.14423076923076922 0.12980769230769232
0 0.6201923076923077 0.40384615384615385 0.18269230769230768 0.15865384615384615
0 0.4567307692307692 0.48677884615384615 0.21634615384615385 0.16105769230769232
0 0.4326923076923077 0.3557692307692308 0.1875 0.14903846153846154
0 0.27163461538461536 0.4831730769230769 0.15384615384615385 0.15384615384615385
0 0.15264423076923078 0.49158653846153844 0.11298076923076923 0.13701923076923078
0 0.1778846153846154 0.35096153846153844 0.17307692307692307 0.15384615384615385
0 0.3076923076923077 0.3329326923076923 0.16826923076923078 0.16105769230769232
0 0.4879807692307692 0.3004807692307692 0.20192307692307693 0.15865384615384615
0 0.6538461538461539 0.2548076923076923 0.1778846153846154 0.13942307692307693
0 0.7932692307692307 0.19471153846153846 0.17307692307692307 0.13942307692307693
0 0.8942307692307693 0.07692307692307693 0.18269230769230768 0.14423076923076922
0 0.71875 0.07451923076923077 0.14423076923076922 0.11538461538461539
0 0.6057692307692307 0.042067307692307696 0.16346153846153846 0.07451923076923077
0 0.5456730769230769 0.14182692307692307 0.1778846153846154 0.14903846153846154
0 0.3918269230769231 0.17307692307692307 0.1778846153846154 0.14423076923076922
0 0.23076923076923078 0.20072115384615385 0.1971153846153846 0.16105769230769232
0 0.13581730769230768 0.10697115384615384 0.0889423076923077 0.16105769230769232
0 0.2403846153846154 0.06490384615384616 0.23076923076923078 0.1201923076923077
0 0.4326923076923077 0.05048076923076923 0.16826923076923078 0.09134615384615384
