0 0.46634615384615385 0.25721153846153844 0.3894230769230769 0.25
0 0.17307692307692307 0.3269230769230769 0.27403846153846156 0.1875
0 0.7596153846153846 0.3004807692307692 0.22115384615384615 0.1971153846153846
0 0.9182692307692307 0.37259615384615385 0.16346153846153846 0.17307692307692307
0 0.6322115384615384 0.46634615384615385 0.10096153846153846 0.08173076923076923
0 0.6418269230769231 0.4098557692307692 0.04807692307692308 0.03125
0 0.6634615384615384 0.3858173076923077 0.04807692307692308 0.026442307692307692
0 0.7115384615384616 0.38822115384615385 0.038461538461538464 0.03125
0 0.6899038461538461 0.4170673076923077 0.038461538461538464 0.036057692307692304
0 0.7043269230769231 0.453125 0.04326923076923077 0.03125
0 0.7379807692307693 0.47596153846153844 0.04807692307692308 0.038461538461538464
0 0.7427884615384616 0.4387019230769231 0.04807692307692308 0.036057692307692304
0 0.7644230769230769 0.41225961538461536 0.04807692307692308 0.036057692307692304
0 0.8040865384615384 0.44711538461538464 0.08413461538461539 0.11538461538461539
0 0.8846153846153846 0.4543269230769231 0.0673076923076923 0.057692307692307696
0 0.5168269230769231 0.4254807692307692 0.19230769230769232 0.08173076923076923
0 0.3605769230769231 0.47836538461538464 0.16346153846153846 0.15865384615384615
0 0.32211538461538464 0.46153846153846156 0.1875 0.1346153846153846
0 0.28725961538461536 0.40865384615384615 0.15144230769230768 0.11057692307692307
0 0.25721153846153844 0.38461538461538464 0.15865384615384615 0.125
0 0.20793269230769232 0.3870192307692308 0.15144230769230768 0.0673076923076923
0 0.14182692307692307 0.49278846153846156 0.16346153846153846 0.1346153846153846
0 0.2548076923076923 0.5372596153846154 0.10096153846153846 0.036057692307692304
0 0.2764423076923077 0.5673076923076923 0.11057692307692307 0.04326923076923077
0 0.2932692307692308 0.5985576923076923 0.11057692307692307 0.052884615384615384
0 0.23076923076923078 0.6165865384615384 0.07692307692307693 0.026442307692307692
0 0.12980769230769232 0.5985576923076923 0.10096153846153846 0.04326923076923077
0 0.20673076923076922 0.5925480769230769 0.0625 0.03125
0 0.38461538461538464 0.59375 0.125 0.0625
0 0.47115384615384615 0.5805288461538461 0.16346153846153846 0.0889423076923077
0 0.5168269230769231 0.5240384615384616 0.15384615384615385 0.13942307692307693
0 0.6334134615384616 0.5540865384615384 0.14182692307692307 0.14182692307692307
0 0.7764423076923077 0.6057692307692307 0.125 0.038461538461538464
0 0.8942307692307693 0.5961538461538461 0.11057692307692307 0.057692307692307696
0 0.7884615384615384 0.5444711538461539 0.28846153846153844 0.15144230769230768
4 0.5048076923076923 0.6971153846153846 0.9230769230769231 0.25
