0 0.20432692307692307 0.8918269230769231 0.2644230769230769 0.21153846153846154
0 0.039663461538461536 0.9867788461538461 0.06490384615384616 0.021634615384615384
0 0.01201923076923077 0.8341346153846154 0.009615384615384616 0.12980769230769232
0 0.14903846153846154 0.65625 0.28365384615384615 0.40865384615384615
0 0.06490384615384616 0.3293269230769231 0.11538461538461539 0.4326923076923077
0 0.23317307692307693 0.23798076923076922 0.21634615384615385 0.3173076923076923
0 0.3233173076923077 0.3798076923076923 0.24759615384615385 0.3269230769230769
0 0.4110576923076923 0.6622596153846154 0.25961538461538464 0.34375
0 0.4567307692307692 0.9014423076923077 0.25 0.19230769230769232
0 0.5817307692307693 0.7836538461538461 0.21153846153846154 0.3173076923076923
0 0.6983173076923077 0.9206730769230769 0.23317307692307693 0.15384615384615385
0 0.8004807692307693 0.7427884615384616 0.28365384615384615 0.4326923076923077
0 0.8221153846153846 0.2548076923076923 0.1875 0.49038461538461536
0 0.5985576923076923 0.4375 0.30288461538461536 0.4423076923076923
0 0.5444711538461539 0.17307692307692307 0.29086538461538464 0.3076923076923077
0 0.9447115384615384 0.8713942307692307 0.11057692307692307 0.25240384615384615
0 0.9591346153846154 0.609375 0.08173076923076923 0.3629807692307692
0 0.9459134615384616 0.4026442307692308 0.10817307692307693 0.2668269230769231
0 0.9338942307692307 0.14302884615384615 0.13221153846153846 0.28125
