0 0.4795673076923077 0.15264423076923078 0.0889423076923077 0.08413461538461539
0 0.4182692307692308 0.1935096153846154 0.10096153846153846 0.15144230769230768
0 0.49158653846153844 0.5384615384615384 0.25721153846153844 0.23557692307692307
0 0.6598557692307693 0.6754807692307693 0.16105769230769232 0.13942307692307693
0 0.8028846153846154 0.6177884615384616 0.25 0.17307692307692307
0 0.7427884615384616 0.49399038461538464 0.16346153846153846 0.10336538461538461
0 0.4579326923076923 0.30408653846153844 0.30528846153846156 0.19951923076923078
0 0.5420673076923077 0.3858173076923077 0.15625 0.0889423076923077
0 0.578125 0.3161057692307692 0.08413461538461539 0.08413461538461539
0 0.25961538461538464 0.2956730769230769 0.21153846153846154 0.23076923076923078
0 0.14182692307692307 0.5264423076923077 0.16346153846153846 0.21153846153846154
0 0.2512019230769231 0.45552884615384615 0.18509615384615385 0.10817307692307693
0 0.38341346153846156 0.40865384615384615 0.1466346153846154 0.10096153846153846
0 0.12259615384615384 0.6935096153846154 0.21153846153846154 0.19951923076923078
0 0.42908653846153844 0.8449519230769231 0.0889423076923077 0.10336538461538461
0 0.48677884615384615 0.8028846153846154 0.14182692307692307 0.1346153846153846
0 0.5997596153846154 0.7668269230769231 0.10336538461538461 0.16826923076923078
0 0.7247596153846154 0.30649038461538464 0.3245192307692308 0.2620192307692308
0 0.33774038461538464 0.6646634615384616 0.2620192307692308 0.2764423076923077
