0 0.8786057692307693 0.8040865384615384 0.24278846153846154 0.3870192307692308
0 0.5889423076923077 0.8894230769230769 0.34134615384615385 0.21634615384615385
0 0.6322115384615384 0.5997596153846154 0.34615384615384615 0.4543269230769231
0 0.8737980769230769 0.5228365384615384 0.2283653846153846 0.23798076923076922
0 0.8533653846153846 0.23918269230769232 0.28846153846153844 0.31009615384615385
0 0.7403846153846154 0.359375 0.23076923076923078 0.17548076923076922
0 0.32572115384615385 0.3762019230769231 0.34375 0.33413461538461536
0 0.3786057692307692 0.47836538461538464 0.18990384615384615 0.21634615384615385
0 0.328125 0.7704326923076923 0.2956730769230769 0.3918269230769231
0 0.1778846153846154 0.5252403846153846 0.23557692307692307 0.30528846153846156
0 0.09375 0.7908653846153846 0.18269230769230768 0.3942307692307692
0 0.5588942307692307 0.3233173076923077 0.1466346153846154 0.17548076923076922
0 0.7463942307692307 0.3581730769230769 0.2283653846153846 0.15384615384615385
0 0.4963942307692308 0.2091346153846154 0.12740384615384615 0.16346153846153846
0 0.6298076923076923 0.20432692307692307 0.11057692307692307 0.14423076923076922
0 0.2127403846153846 0.18509615384615385 0.15144230769230768 0.14903846153846154
0 0.12740384615384615 0.25721153846153844 0.057692307692307696 0.057692307692307696
0 0.16706730769230768 0.12860576923076922 0.28125 0.0985576923076923
0 0.3112980769230769 0.3317307692307692 0.6177884615384616 0.5480769230769231
