0 0.6177884615384616 0.34375 0.2692307692307692 0.39903846153846156
0 0.7860576923076923 0.40625 0.0625 0.0673076923076923
0 0.8810096153846154 0.7704326923076923 0.23798076923076922 0.36778846153846156
0 0.8737980769230769 0.3713942307692308 0.17067307692307693 0.29086538461538464
0 0.7067307692307693 0.17427884615384615 0.19230769230769232 0.31009615384615385
0 0.39663461538461536 0.10576923076923077 0.04326923076923077 0.0673076923076923
0 0.36778846153846156 0.14423076923076922 0.0625 0.07692307692307693
0 0.17668269230769232 0.2620192307692308 0.23317307692307693 0.4423076923076923
0 0.5793269230769231 0.7319711538461539 0.25961538461538464 0.4639423076923077
0 0.47115384615384615 0.8521634615384616 0.16346153846153846 0.29086538461538464
0 0.3112980769230769 0.7944711538461539 0.14182692307692307 0.38221153846153844
0 0.20552884615384615 0.5276442307692307 0.18990384615384615 0.41586538461538464
0 0.0985576923076923 0.8545673076923077 0.1201923076923077 0.18509615384615385
0 0.0733173076923077 0.15504807692307693 0.14182692307692307 0.21875
