0 0.6502403846153846 0.17908653846153846 0.34375 0.3485576923076923
0 0.6370192307692307 0.35336538461538464 0.1201923076923077 0.1201923076923077
0 0.42788461538461536 0.21875 0.125 0.125
0 0.33653846153846156 0.23317307692307693 0.125 0.11057692307692307
0 0.8413461538461539 0.24158653846153846 0.07692307692307693 0.13701923076923078
0 0.8521634615384616 0.3737980769230769 0.12740384615384615 0.14182692307692307
0 0.4423076923076923 0.49038461538461536 0.17307692307692307 0.23076923076923078
0 0.5961538461538461 0.49759615384615385 0.13942307692307693 0.14903846153846154
0 0.6346153846153846 0.4362980769230769 0.125 0.13701923076923078
0 0.7439903846153846 0.5168269230769231 0.08413461538461539 0.1201923076923077
0 0.7235576923076923 0.41346153846153844 0.11057692307692307 0.1201923076923077
3 0.0889423076923077 0.5 0.16346153846153846 0.9951923076923077
1 0.5757211538461539 0.5024038461538461 0.8485576923076923 0.9951923076923077
