0 0.33533653846153844 0.4735576923076923 0.65625 0.5913461538461539
0 0.41586538461538464 0.3245192307692308 0.3317307692307692 0.25961538461538464
0 0.5504807692307693 0.47836538461538464 0.1875 0.15865384615384615
0 0.7644230769230769 0.4987980769230769 0.28846153846153844 0.18509615384615385
0 0.8209134615384616 0.5384615384615384 0.10336538461538461 0.125
0 0.7019230769230769 0.5841346153846154 0.20673076923076922 0.13942307692307693
0 0.6658653846153846 0.7367788461538461 0.24519230769230768 0.18509615384615385
0 0.8341346153846154 0.71875 0.23076923076923078 0.16826923076923078
0 0.8293269230769231 0.8052884615384616 0.1201923076923077 0.0625
0 0.8401442307692307 0.8774038461538461 0.31971153846153844 0.2403846153846154
