0 0.6286057692307693 0.38461538461538464 0.10817307692307693 0.15384615384615385
0 0.6129807692307693 0.49278846153846156 0.11538461538461539 0.125
0 0.5432692307692307 0.59375 0.19230769230769232 0.12980769230769232
0 0.5444711538461539 0.6983173076923077 0.1658653846153846 0.24759615384615385
0 0.5192307692307693 0.7572115384615384 0.0673076923076923 0.12980769230769232
0 0.40384615384615385 0.5985576923076923 0.19230769230769232 0.30288461538461536
0 0.6995192307692307 0.5709134615384616 0.1346153846153846 0.24759615384615385
0 0.3918269230769231 0.35336538461538464 0.14423076923076922 0.16346153846153846
0 0.3076923076923077 0.4110576923076923 0.08653846153846154 0.08173076923076923
0 0.31850961538461536 0.5588942307692307 0.0889423076923077 0.10336538461538461
0 0.4807692307692308 0.28846153846153844 0.07692307692307693 0.19230769230769232
0 0.5600961538461539 0.29086538461538464 0.10576923076923077 0.09134615384615384
0 0.5360576923076923 0.31490384615384615 0.038461538461538464 0.07692307692307693
0 0.5408653846153846 0.43028846153846156 0.04326923076923077 0.07211538461538461
0 0.46153846153846156 0.5096153846153846 0.052884615384615384 0.04807692307692308
0 0.53125 0.49759615384615385 0.16346153846153846 0.7211538461538461
0 0.5264423076923077 0.5048076923076923 0.5288461538461539 0.19230769230769232
0 0.5288461538461539 0.2824519230769231 0.5240384615384616 0.25721153846153844
0 0.5252403846153846 0.7319711538461539 0.5216346153846154 0.25240384615384615
