0 0.24759615384615385 0.21875 0.1875 0.25961538461538464
0 0.41947115384615385 0.22355769230769232 0.18990384615384615 0.25
0 0.6189903846153846 0.28846153846153844 0.18990384615384615 0.23076923076923078
0 0.8016826923076923 0.23317307692307693 0.19471153846153846 0.2692307692307692
0 0.25240384615384615 0.5649038461538461 0.18269230769230768 0.24519230769230768
0 0.43028846153846156 0.4807692307692308 0.21153846153846154 0.2548076923076923
0 0.6117788461538461 0.4795673076923077 0.17067307692307693 0.18509615384615385
0 0.7067307692307693 0.5036057692307693 0.07692307692307693 0.18990384615384615
0 0.8112980769230769 0.49278846153846156 0.19471153846153846 0.25961538461538464
0 0.2980769230769231 0.7836538461538461 0.1778846153846154 0.25
0 0.4639423076923077 0.7355769230769231 0.17307692307692307 0.24519230769230768
0 0.6225961538461539 0.7572115384615384 0.15865384615384615 0.22115384615384615
0 0.7896634615384616 0.8341346153846154 0.18990384615384615 0.23076923076923078
