0 0.6153846153846154 0.2127403846153846 0.20673076923076922 0.18509615384615385
0 0.7740384615384616 0.2848557692307692 0.0673076923076923 0.09375
0 0.7283653846153846 0.53125 0.20192307692307693 0.5192307692307693
0 0.7956730769230769 0.6694711538461539 0.052884615384615384 0.4110576923076923
0 0.7572115384615384 0.8329326923076923 0.028846153846153848 0.07451923076923077
0 0.7415865384615384 0.8305288461538461 0.036057692307692304 0.05048076923076923
0 0.7295673076923077 0.8641826923076923 0.04567307692307692 0.12259615384615384
0 0.6622596153846154 0.7103365384615384 0.0889423076923077 0.3581730769230769
0 0.6586538461538461 0.8605769230769231 0.02403846153846154 0.0673076923076923
0 0.6310096153846154 0.6694711538461539 0.06490384615384616 0.3918269230769231
0 0.6418269230769231 0.42908653846153844 0.03365384615384615 0.0985576923076923
0 0.49038461538461536 0.5805288461538461 0.17307692307692307 0.20432692307692307
0 0.4375 0.34134615384615385 0.3269230769230769 0.23557692307692307
0 0.33653846153846156 0.203125 0.0673076923076923 0.10817307692307693
0 0.27524038461538464 0.3629807692307692 0.15625 0.16346153846153846
0 0.18509615384615385 0.3557692307692308 0.09615384615384616 0.23557692307692307
0 0.2668269230769231 0.5372596153846154 0.28365384615384615 0.21394230769230768
0 0.36778846153846156 0.5985576923076923 0.1778846153846154 0.2692307692307692
0 0.4735576923076923 0.7175480769230769 0.11057692307692307 0.0985576923076923
0 0.5540865384615384 0.7079326923076923 0.06490384615384616 0.11778846153846154
0 0.5180288461538461 0.8329326923076923 0.13221153846153846 0.17067307692307693
0 0.36899038461538464 0.8341346153846154 0.17548076923076922 0.22115384615384615
0 0.24759615384615385 0.7764423076923077 0.2403846153846154 0.3317307692307692
