0 0.9014423076923077 0.3894230769230769 0.1971153846153846 0.4182692307692308
0 0.8485576923076923 0.59375 0.08653846153846154 0.15865384615384615
0 0.8112980769230769 0.7211538461538461 0.09375 0.1778846153846154
0 0.84375 0.7475961538461539 0.07211538461538461 0.15865384615384615
0 0.7584134615384616 0.5769230769230769 0.08413461538461539 0.15865384615384615
0 0.7475961538461539 0.7451923076923077 0.07211538461538461 0.13942307692307693
0 0.75 0.32572115384615385 0.08653846153846154 0.14182692307692307
0 0.7836538461538461 0.19831730769230768 0.03365384615384615 0.11778846153846154
0 0.7295673076923077 0.19230769230769232 0.08413461538461539 0.16346153846153846
0 0.6754807692307693 0.2536057692307692 0.04807692307692308 0.06490384615384616
0 0.6634615384615384 0.17067307692307693 0.057692307692307696 0.11057692307692307
0 0.6730769230769231 0.34375 0.0673076923076923 0.12980769230769232
0 0.7932692307692307 0.9122596153846154 0.09615384615384616 0.17067307692307693
0 0.7451923076923077 0.9615384615384616 0.09134615384615384 0.07211538461538461
0 0.6947115384615384 0.9122596153846154 0.09134615384615384 0.17067307692307693
0 0.5997596153846154 0.9302884615384616 0.10336538461538461 0.1346153846153846
0 0.5024038461538461 0.9350961538461539 0.08653846153846154 0.125
0 0.9399038461538461 0.16826923076923078 0.1201923076923077 0.3269230769230769
0 0.7896634615384616 0.09254807692307693 0.19951923076923078 0.17548076923076922
0 0.5841346153846154 0.29086538461538464 0.07692307692307693 0.12980769230769232
0 0.5528846153846154 0.38341346153846156 0.07692307692307693 0.1466346153846154
0 0.5769230769230769 0.44471153846153844 0.09134615384615384 0.13942307692307693
0 0.49038461538461536 0.4423076923076923 0.08173076923076923 0.1346153846153846
0 0.4951923076923077 0.2764423076923077 0.10096153846153846 0.18269230769230768
0 0.2824519230769231 0.6826923076923077 0.22355769230769232 0.4182692307692308
0 0.4074519230769231 0.9387019230769231 0.07451923076923077 0.11778846153846154
0 0.3557692307692308 0.96875 0.07692307692307693 0.057692307692307696
0 0.3401442307692308 0.9242788461538461 0.040865384615384616 0.06490384615384616
0 0.28966346153846156 0.9302884615384616 0.0889423076923077 0.1346153846153846
0 0.2091346153846154 0.9423076923076923 0.09134615384615384 0.11057692307692307
0 0.12620192307692307 0.9302884615384616 0.0985576923076923 0.1346153846153846
0 0.028846153846153848 0.9411057692307693 0.04807692307692308 0.10336538461538461
0 0.46875 0.7151442307692307 0.13942307692307693 0.30528846153846156
0 0.5408653846153846 0.7199519230769231 0.07211538461538461 0.19951923076923078
0 0.5540865384615384 0.8076923076923077 0.040865384615384616 0.03365384615384615
0 0.4855769230769231 0.6971153846153846 0.10576923076923077 0.16346153846153846
0 0.5252403846153846 0.6490384615384616 0.09375 0.13942307692307693
0 0.5048076923076923 0.6298076923076923 0.0673076923076923 0.125
0 0.4338942307692308 0.5865384615384616 0.09375 0.13942307692307693
0 0.4495192307692308 0.6322115384615384 0.13942307692307693 0.21153846153846154
0 0.6201923076923077 0.5901442307692307 0.07211538461538461 0.22355769230769232
0 0.640625 0.5360576923076923 0.05048076923076923 0.052884615384615384
0 0.6177884615384616 0.49759615384615385 0.038461538461538464 0.057692307692307696
0 0.6826923076923077 0.5384615384615384 0.04807692307692308 0.08173076923076923
0 0.6610576923076923 0.6610576923076923 0.028846153846153848 0.15384615384615385
0 0.6574519230769231 0.6201923076923077 0.08413461538461539 0.10576923076923077
0 0.6153846153846154 0.78125 0.052884615384615384 0.23076923076923078
0 0.6370192307692307 0.75 0.07692307692307693 0.057692307692307696
0 0.6802884615384616 0.7620192307692307 0.028846153846153848 0.04807692307692308
0 0.5625 0.7463942307692307 0.07211538461538461 0.040865384615384616
0 0.3786057692307692 0.44350961538461536 0.05048076923076923 0.09375
0 0.34615384615384615 0.4735576923076923 0.052884615384615384 0.08173076923076923
0 0.38100961538461536 0.5024038461538461 0.026442307692307692 0.057692307692307696
0 0.32211538461538464 0.43509615384615385 0.052884615384615384 0.08653846153846154
0 0.3016826923076923 0.4026442307692308 0.055288461538461536 0.09375
0 0.34975961538461536 0.3449519230769231 0.06009615384615385 0.11778846153846154
0 0.3762019230769231 0.36778846153846156 0.05048076923076923 0.07211538461538461
0 0.13221153846153846 0.7524038461538461 0.057692307692307696 0.07692307692307693
0 0.1622596153846154 0.7151442307692307 0.055288461538461536 0.09375
0 0.12620192307692307 0.6850961538461539 0.06490384615384616 0.07211538461538461
0 0.09134615384615384 0.7475961538461539 0.04326923076923077 0.11057692307692307
0 0.11778846153846154 0.8149038461538461 0.04807692307692308 0.07211538461538461
0 0.15625 0.8112980769230769 0.038461538461538464 0.06490384615384616
0 0.036057692307692304 0.8004807692307693 0.04807692307692308 0.07692307692307693
0 0.042067307692307696 0.7283653846153846 0.03125 0.052884615384615384
0 0.042067307692307696 0.6682692307692307 0.03125 0.057692307692307696
0 0.018028846153846152 0.7151442307692307 0.03125 0.11778846153846154
0 0.014423076923076924 0.8161057692307693 0.019230769230769232 0.10336538461538461
0 0.4170673076923077 0.21153846153846154 0.06009615384615385 0.07692307692307693
0 0.4266826923076923 0.14182692307692307 0.040865384615384616 0.08653846153846154
0 0.38100961538461536 0.13942307692307693 0.040865384615384616 0.057692307692307696
0 0.35697115384615385 0.18269230769230768 0.040865384615384616 0.1346153846153846
0 0.3894230769230769 0.18870192307692307 0.02403846153846154 0.06490384615384616
0 0.37740384615384615 0.2644230769230769 0.052884615384615384 0.07692307692307693
0 0.4182692307692308 0.2776442307692308 0.028846153846153848 0.040865384615384616
0 0.21394230769230768 0.4362980769230769 0.04326923076923077 0.06490384615384616
0 0.20192307692307693 0.5144230769230769 0.03365384615384615 0.057692307692307696
0 0.1875 0.5324519230769231 0.10096153846153846 0.09375
0 0.1778846153846154 0.6021634615384616 0.11538461538461539 0.09375
0 0.1622596153846154 0.49038461538461536 0.14182692307692307 0.1778846153846154
0 0.15745192307692307 0.47475961538461536 0.2091346153846154 0.24759615384615385
0 0.2548076923076923 0.2620192307692308 0.0625 0.07211538461538461
0 0.2512019230769231 0.19110576923076922 0.06009615384615385 0.08413461538461539
0 0.3004807692307692 0.20192307692307693 0.03365384615384615 0.07211538461538461
0 0.3004807692307692 0.2536057692307692 0.038461538461538464 0.06490384615384616
0 0.29927884615384615 0.12259615384615384 0.04567307692307692 0.07692307692307693
0 0.25 0.12740384615384615 0.038461538461538464 0.03365384615384615
0 0.21634615384615385 0.1502403846153846 0.038461538461538464 0.09375
0 0.21754807692307693 0.234375 0.026442307692307692 0.06490384615384616
0 0.4110576923076923 0.036057692307692304 0.08653846153846154 0.0625
0 0.5144230769230769 0.08653846153846154 0.1346153846153846 0.07211538461538461
0 0.515625 0.10096153846153846 0.14182692307692307 0.15865384615384615
0 0.5264423076923077 0.15625 0.07211538461538461 0.03365384615384615
0 0.5949519230769231 0.07451923076923077 0.16105769230769232 0.13942307692307693
0 0.5997596153846154 0.09615384615384616 0.0985576923076923 0.08173076923076923
0 0.5925480769230769 0.13341346153846154 0.07451923076923077 0.09375
0 0.5805288461538461 0.02403846153846154 0.06971153846153846 0.038461538461538464
0 0.26802884615384615 0.026442307692307692 0.05048076923076923 0.04807692307692308
0 0.3076923076923077 0.018028846153846152 0.03365384615384615 0.026442307692307692
0 0.3293269230769231 0.013221153846153846 0.028846153846153848 0.016826923076923076
0 0.03125 0.054086538461538464 0.052884615384615384 0.0985576923076923
0 0.06129807692307692 0.030048076923076924 0.04567307692307692 0.05048076923076923
0 0.06129807692307692 0.07451923076923077 0.040865384615384616 0.04807692307692308
0 0.03125 0.23317307692307693 0.052884615384615384 0.21153846153846154
0 0.01201923076923077 0.4362980769230769 0.014423076923076924 0.10817307692307693
0 0.03125 0.49038461538461536 0.04326923076923077 0.15384615384615385
0 0.016826923076923076 0.5264423076923077 0.02403846153846154 0.07211538461538461
0 0.039663461538461536 0.5997596153846154 0.06971153846153846 0.06971153846153846
0 0.09495192307692307 0.06610576923076923 0.03125 0.12259615384615384
0 0.1346153846153846 0.08653846153846154 0.03365384615384615 0.16346153846153846
0 0.15865384615384615 0.057692307692307696 0.07211538461538461 0.052884615384615384
0 0.16947115384615385 0.03365384615384615 0.055288461538461536 0.057692307692307696
0 0.21153846153846154 0.030048076923076924 0.07692307692307693 0.05048076923076923
0 0.17908653846153846 0.10576923076923077 0.05048076923076923 0.10096153846153846
0 0.1466346153846154 0.21394230769230768 0.057692307692307696 0.16346153846153846
0 0.10096153846153846 0.1466346153846154 0.08653846153846154 0.019230769230769232
0 0.0829326923076923 0.18269230769230768 0.08413461538461539 0.052884615384615384
0 0.10336538461538461 0.21153846153846154 0.14903846153846154 0.11057692307692307
0 0.11899038461538461 0.28125 0.15144230769230768 0.11057692307692307
0 0.18870192307692307 0.30288461538461536 0.06490384615384616 0.13942307692307693
0 0.12379807692307693 0.32091346153846156 0.07451923076923077 0.11778846153846154
