0 0.6454326923076923 0.40384615384615385 0.1658653846153846 0.24519230769230768
0 0.71875 0.39903846153846156 0.10576923076923077 0.22596153846153846
0 0.7620192307692307 0.5300480769230769 0.04326923076923077 0.1658653846153846
0 0.7740384615384616 0.38461538461538464 0.07692307692307693 0.13942307692307693
0 0.7283653846153846 0.5697115384615384 0.04807692307692308 0.15865384615384615
0 0.6466346153846154 0.5072115384615384 0.14423076923076922 0.30288461538461536
0 0.7259615384615384 0.6610576923076923 0.0673076923076923 0.057692307692307696
0 0.65625 0.6466346153846154 0.07692307692307693 0.057692307692307696
0 0.5721153846153846 0.5961538461538461 0.11057692307692307 0.12980769230769232
0 0.5336538461538461 0.6105769230769231 0.057692307692307696 0.0673076923076923
0 0.5192307692307693 0.6298076923076923 0.04326923076923077 0.019230769230769232
0 0.5 0.4423076923076923 0.08653846153846154 0.09615384615384616
0 0.5793269230769231 0.4795673076923077 0.09134615384615384 0.11298076923076923
0 0.5072115384615384 0.5408653846153846 0.07211538461538461 0.09134615384615384
0 0.44471153846153844 0.5 0.07211538461538461 0.07211538461538461
0 0.44471153846153844 0.5817307692307693 0.09615384615384616 0.10096153846153846
0 0.3629807692307692 0.5552884615384616 0.08173076923076923 0.12980769230769232
0 0.27524038461538464 0.5516826923076923 0.0889423076923077 0.12259615384615384
0 0.35336538461538464 0.43028846153846156 0.10576923076923077 0.08653846153846154
0 0.24278846153846154 0.46274038461538464 0.038461538461538464 0.10817307692307693
0 0.21153846153846154 0.4074519230769231 0.0625 0.040865384615384616
0 0.37740384615384615 0.2980769230769231 0.1778846153846154 0.08653846153846154
0 0.40865384615384615 0.33653846153846156 0.19230769230769232 0.08173076923076923
0 0.4519230769230769 0.37740384615384615 0.1778846153846154 0.08173076923076923
0 0.41346153846153844 0.42788461538461536 0.09615384615384616 0.0625
0 0.33413461538461536 0.37740384615384615 0.07692307692307693 0.0625
0 0.28846153846153844 0.3605769230769231 0.0625 0.07692307692307693
