0 0.6730769230769231 0.37740384615384615 0.33653846153846156 0.24519230769230768
0 0.6478365384615384 0.6153846153846154 0.6177884615384616 0.3173076923076923
0 0.40024038461538464 0.4206730769230769 0.11298076923076923 0.20192307692307693
0 0.3293269230769231 0.4483173076923077 0.10576923076923077 0.18028846153846154
0 0.34134615384615385 0.7163461538461539 0.11538461538461539 0.21153846153846154
0 0.4182692307692308 0.7355769230769231 0.04326923076923077 0.1201923076923077
0 0.32211538461538464 0.5913461538461539 0.07692307692307693 0.08173076923076923
0 0.23798076923076922 0.7139423076923077 0.1346153846153846 0.1971153846153846
0 0.21875 0.7139423076923077 0.13942307692307693 0.2403846153846154
0 0.15865384615384615 0.5228365384615384 0.2692307692307692 0.41586538461538464
0 0.4723557692307692 0.30288461538461536 0.31971153846153844 0.40384615384615385
