0 0.4230769230769231 0.27283653846153844 0.34615384615384615 0.43028846153846156
0 0.7451923076923077 0.27524038461538464 0.3557692307692308 0.43509615384615385
0 0.6514423076923077 0.40625 0.25961538461538464 0.3942307692307692
0 0.35096153846153844 0.45552884615384615 0.375 0.30528846153846156
0 0.3293269230769231 0.5817307692307693 0.32211538461538464 0.25
0 0.06490384615384616 0.5240384615384616 0.125 0.27884615384615385
0 0.17307692307692307 0.6490384615384616 0.28846153846153844 0.2403846153846154
0 0.3449519230769231 0.7956730769230769 0.19951923076923078 0.20673076923076922
0 0.22115384615384615 0.8834134615384616 0.16346153846153846 0.17548076923076922
0 0.06850961538461539 0.7740384615384616 0.13221153846153846 0.20673076923076922
