0 0.8533653846153846 0.7644230769230769 0.28846153846153844 0.21634615384615385
0 0.7463942307692307 0.9326923076923077 0.5024038461538461 0.1346153846153846
0 0.8413461538461539 0.8786057692307693 0.3125 0.11778846153846154
0 0.5504807692307693 0.7704326923076923 0.3269230769230769 0.21875
0 0.37740384615384615 0.8725961538461539 0.2692307692307692 0.2548076923076923
0 0.15504807692307693 0.8798076923076923 0.21875 0.2403846153846154
0 0.2548076923076923 0.6778846153846154 0.40384615384615385 0.25
0 0.47115384615384615 0.5841346153846154 0.27884615384615385 0.15384615384615385
0 0.5649038461538461 0.53125 0.25 0.20673076923076922
0 0.8317307692307693 0.5456730769230769 0.3317307692307692 0.21634615384615385
0 0.7451923076923077 0.6394230769230769 0.1875 0.10096153846153846
0 0.7824519230769231 0.3317307692307692 0.37740384615384615 0.25
0 0.47115384615384615 0.2932692307692308 0.2692307692307692 0.35096153846153844
0 0.24519230769230768 0.46153846153846156 0.40865384615384615 0.21153846153846154
0 0.2800480769230769 0.3004807692307692 0.18028846153846154 0.15865384615384615
0 0.1201923076923077 0.3425480769230769 0.15865384615384615 0.12740384615384615
0 0.11899038461538461 0.1466346153846154 0.2283653846153846 0.28846153846153844
0 0.3004807692307692 0.125 0.2692307692307692 0.24519230769230768
0 0.11778846153846154 0.03125 0.08653846153846154 0.052884615384615384
0 0.5793269230769231 0.06490384615384616 0.2932692307692308 0.125
0 0.75 0.13221153846153846 0.36538461538461536 0.23076923076923078
0 0.9206730769230769 0.27163461538461536 0.15384615384615385 0.1875
0 0.9182692307692307 0.4182692307692308 0.15865384615384615 0.1201923076923077
0 0.8581730769230769 0.08774038461538461 0.27884615384615385 0.17067307692307693
