0 0.5528846153846154 0.4266826923076923 0.27884615384615385 0.25721153846153844
0 0.7584134615384616 0.5721153846153846 0.14182692307692307 0.1201923076923077
0 0.7836538461538461 0.5504807692307693 0.20673076923076922 0.16346153846153846
0 0.7451923076923077 0.5865384615384616 0.13942307692307693 0.08653846153846154
0 0.7211538461538461 0.6177884615384616 0.0673076923076923 0.04807692307692308
0 0.8125 0.6826923076923077 0.22115384615384615 0.11538461538461539
0 0.7740384615384616 0.7271634615384616 0.18269230769230768 0.13701923076923078
0 0.7139423076923077 0.7692307692307693 0.1778846153846154 0.1201923076923077
0 0.7524038461538461 0.8894230769230769 0.11538461538461539 0.15384615384615385
0 0.6394230769230769 0.7908653846153846 0.13942307692307693 0.12980769230769232
0 0.6201923076923077 0.7151442307692307 0.14903846153846154 0.06009615384615385
0 0.6213942307692307 0.6586538461538461 0.06490384615384616 0.052884615384615384
0 0.6298076923076923 0.5685096153846154 0.16346153846153846 0.22355769230769232
0 0.6394230769230769 0.5216346153846154 0.09615384615384616 0.08653846153846154
0 0.5841346153846154 0.42908653846153844 0.20192307692307693 0.14182692307692307
0 0.5769230769230769 0.5865384615384616 0.10576923076923077 0.12980769230769232
0 0.5793269230769231 0.6658653846153846 0.052884615384615384 0.11538461538461539
0 0.5240384615384616 0.6225961538461539 0.0673076923076923 0.15865384615384615
0 0.5168269230769231 0.6706730769230769 0.057692307692307696 0.07692307692307693
0 0.5072115384615384 0.7139423076923077 0.10576923076923077 0.1201923076923077
0 0.46875 0.6778846153846154 0.18269230769230768 0.125
0 0.4495192307692308 0.6165865384615384 0.09615384615384616 0.10336538461538461
0 0.41586538461538464 0.4651442307692308 0.038461538461538464 0.06009615384615385
0 0.4411057692307692 0.4855769230769231 0.08413461538461539 0.23557692307692307
0 0.4567307692307692 0.3942307692307692 0.09615384615384616 0.08173076923076923
0 0.4543269230769231 0.3317307692307692 0.11057692307692307 0.08653846153846154
0 0.5673076923076923 0.41225961538461536 0.15384615384615385 0.0985576923076923
0 0.33653846153846156 0.25 0.20673076923076922 0.11057692307692307
0 0.29447115384615385 0.265625 0.21875 0.0985576923076923
0 0.296875 0.18509615384615385 0.08413461538461539 0.07211538461538461
0 0.3293269230769231 0.3245192307692308 0.04326923076923077 0.052884615384615384
0 0.25961538461538464 0.5721153846153846 0.10576923076923077 0.07692307692307693
