0 0.3173076923076923 0.7944711538461539 0.1778846153846154 0.11778846153846154
0 0.6105769230769231 0.8197115384615384 0.1778846153846154 0.07692307692307693
0 0.5600961538461539 0.7019230769230769 0.30288461538461536 0.15384615384615385
0 0.3485576923076923 0.6622596153846154 0.25 0.12740384615384615
0 0.19831730769230768 0.7247596153846154 0.21394230769230768 0.1466346153846154
0 0.6730769230769231 0.5024038461538461 0.27884615384615385 0.16826923076923078
0 0.5456730769230769 0.39663461538461536 0.25 0.20192307692307693
0 0.6730769230769231 0.34975961538461536 0.22115384615384615 0.16105769230769232
0 0.8798076923076923 0.4639423076923077 0.22115384615384615 0.13942307692307693
0 0.7355769230769231 0.25 0.16826923076923078 0.11538461538461539
0 0.875 0.23076923076923078 0.1971153846153846 0.16826923076923078
