0 0.8413461538461539 0.040865384615384616 0.11538461538461539 0.0673076923076923
0 0.5949519230769231 0.17548076923076922 0.4639423076923077 0.33653846153846156
0 0.33653846153846156 0.07451923076923077 0.4375 0.1346153846153846
0 0.0625 0.052884615384615384 0.1201923076923077 0.09134615384615384
0 0.21634615384615385 0.2920673076923077 0.42788461538461536 0.38221153846153844
0 0.4951923076923077 0.5228365384615384 0.4951923076923077 0.37740384615384615
0 0.8028846153846154 0.5697115384615384 0.19230769230769232 0.3557692307692308
0 0.8052884615384616 0.33774038461538464 0.1875 0.19471153846153846
0 0.8701923076923077 0.1622596153846154 0.0673076923076923 0.15625
0 0.7788461538461539 0.7319711538461539 0.25 0.17548076923076922
0 0.8185096153846154 0.8954326923076923 0.1658653846153846 0.2091346153846154
0 0.4050480769230769 0.8485576923076923 0.6802884615384616 0.30288461538461536
0 0.13942307692307693 0.6274038461538461 0.2692307692307692 0.3076923076923077
0 0.12620192307692307 0.8052884615384616 0.0889423076923077 0.10576923076923077
0 0.06129807692307692 0.8978365384615384 0.11778846153846154 0.20432692307692307
0 0.45552884615384615 0.5024038461538461 0.90625 0.9951923076923077
