0 0.1045673076923077 0.10336538461538461 0.1658653846153846 0.19230769230769232
0 0.020432692307692308 0.07211538461538461 0.026442307692307692 0.12980769230769232
0 0.06971153846153846 0.234375 0.125 0.18509615384615385
0 0.1778846153846154 0.33774038461538464 0.16346153846153846 0.23798076923076922
0 0.06850961538461539 0.39783653846153844 0.10817307692307693 0.17067307692307693
0 0.013221153846153846 0.36538461538461536 0.01201923076923077 0.1201923076923077
0 0.13341346153846154 0.5673076923076923 0.15144230769230768 0.21153846153846154
0 0.038461538461538464 0.5384615384615384 0.0625 0.15384615384615385
0 0.15865384615384615 0.7584134615384616 0.15865384615384615 0.17067307692307693
0 0.051682692307692304 0.6995192307692307 0.0889423076923077 0.21634615384615385
0 0.07451923076923077 0.9050480769230769 0.13942307692307693 0.18990384615384615
0 0.15144230769230768 0.8581730769230769 0.07211538461538461 0.0625
0 0.1658653846153846 0.9206730769230769 0.12980769230769232 0.15865384615384615
0 0.2932692307692308 0.9567307692307693 0.10576923076923077 0.08653846153846154
0 0.3004807692307692 0.8257211538461539 0.15384615384615385 0.18028846153846154
0 0.2548076923076923 0.6778846153846154 0.1201923076923077 0.14423076923076922
0 0.31009615384615385 0.5637019230769231 0.17307692307692307 0.17548076923076922
0 0.3629807692307692 0.40625 0.1778846153846154 0.22596153846153846
0 0.25240384615384615 0.08533653846153846 0.17307692307692307 0.15625
0 0.35336538461538464 0.1971153846153846 0.10096153846153846 0.1201923076923077
0 0.4891826923076923 0.22355769230769232 0.17067307692307693 0.20673076923076922
0 0.5072115384615384 0.06971153846153846 0.11057692307692307 0.125
0 0.38221153846153844 0.09495192307692307 0.16826923076923078 0.17548076923076922
0 0.6033653846153846 0.06971153846153846 0.1201923076923077 0.125
0 0.7355769230769231 0.11538461538461539 0.17307692307692307 0.21634615384615385
0 0.90625 0.09134615384615384 0.1778846153846154 0.16346153846153846
0 0.8497596153846154 0.2824519230769231 0.18509615384615385 0.23798076923076922
0 0.6971153846153846 0.23557692307692307 0.11538461538461539 0.1346153846153846
0 0.6141826923076923 0.2764423076923077 0.11298076923076923 0.1971153846153846
0 0.5048076923076923 0.3918269230769231 0.11538461538461539 0.13942307692307693
0 0.47475961538461536 0.5048076923076923 0.1466346153846154 0.23076923076923078
0 0.6057692307692307 0.46875 0.12980769230769232 0.22115384615384615
0 0.7355769230769231 0.5108173076923077 0.15865384615384615 0.23317307692307693
0 0.7668269230769231 0.3605769230769231 0.11538461538461539 0.14903846153846154
0 0.8798076923076923 0.46875 0.13942307692307693 0.15865384615384615
0 0.9795673076923077 0.453125 0.040865384615384616 0.14182692307692307
0 0.9723557692307693 0.6370192307692307 0.055288461538461536 0.23076923076923078
0 0.875 0.6213942307692307 0.15384615384615385 0.24759615384615385
0 0.7007211538461539 0.6262019230769231 0.10817307692307693 0.11298076923076923
0 0.6153846153846154 0.7139423076923077 0.15865384615384615 0.22596153846153846
0 0.7151442307692307 0.7680288461538461 0.12740384615384615 0.18028846153846154
0 0.6346153846153846 0.9086538461538461 0.1346153846153846 0.15865384615384615
0 0.7704326923076923 0.859375 0.12740384615384615 0.18509615384615385
0 0.8930288461538461 0.8365384615384616 0.1658653846153846 0.20192307692307693
0 0.9831730769230769 0.8425480769230769 0.03365384615384615 0.18990384615384615
0 0.9831730769230769 0.9591346153846154 0.03365384615384615 0.08173076923076923
0 0.9158653846153846 0.9831730769230769 0.12980769230769232 0.03365384615384615
0 0.8149038461538461 0.9495192307692307 0.14903846153846154 0.10096153846153846
0 0.6117788461538461 0.9831730769230769 0.0985576923076923 0.03365384615384615
0 0.4951923076923077 0.9567307692307693 0.16346153846153846 0.08653846153846154
0 0.4014423076923077 0.8629807692307693 0.09615384615384616 0.15384615384615385
0 0.515625 0.828125 0.1658653846153846 0.18509615384615385
0 0.3798076923076923 0.7043269230769231 0.1201923076923077 0.16346153846153846
0 0.47115384615384615 0.6850961538461539 0.15865384615384615 0.13942307692307693
