0 0.2860576923076923 0.9146634615384616 0.34615384615384615 0.17067307692307693
0 0.09134615384615384 0.9050480769230769 0.16826923076923078 0.18990384615384615
0 0.16706730769230768 0.7475961538461539 0.31490384615384615 0.16346153846153846
0 0.44711538461538464 0.7463942307692307 0.3701923076923077 0.2091346153846154
0 0.65625 0.8569711538461539 0.4567307692307692 0.24278846153846154
0 0.8293269230769231 0.9050480769230769 0.3317307692307692 0.18990384615384615
0 0.7283653846153846 0.6502403846153846 0.5480769230769231 0.37259615384615385
0 0.2956730769230769 0.5144230769230769 0.5625 0.3076923076923077
0 0.2283653846153846 0.4326923076923077 0.4375 0.40865384615384615
0 0.03365384615384615 0.6658653846153846 0.04807692307692308 0.1346153846153846
0 0.27403846153846156 0.28125 0.4182692307692308 0.2403846153846154
0 0.13942307692307693 0.11538461538461539 0.25961538461538464 0.22596153846153846
0 0.9579326923076923 0.5228365384615384 0.08413461538461539 0.0985576923076923
0 0.9302884615384616 0.07572115384615384 0.13942307692307693 0.14182692307692307
0 0.9038461538461539 0.18509615384615385 0.11057692307692307 0.07692307692307693
0 0.9699519230769231 0.22716346153846154 0.06009615384615385 0.07451923076923077
0 0.9423076923076923 0.3004807692307692 0.08653846153846154 0.052884615384615384
0 0.9483173076923077 0.4495192307692308 0.10336538461538461 0.08653846153846154
0 0.9675480769230769 0.375 0.06490384615384616 0.0673076923076923
0 0.8137019230769231 0.38100961538461536 0.11778846153846154 0.07451923076923077
0 0.8485576923076923 0.44350961538461536 0.11057692307692307 0.06490384615384616
0 0.7379807692307693 0.4375 0.1346153846153846 0.07692307692307693
0 0.6550480769230769 0.3701923076923077 0.14182692307692307 0.07211538461538461
0 0.7091346153846154 0.2980769230769231 0.12980769230769232 0.08173076923076923
0 0.828125 0.31009615384615385 0.11778846153846154 0.0673076923076923
0 0.8353365384615384 0.2620192307692308 0.0985576923076923 0.04807692307692308
0 0.7800480769230769 0.22596153846153846 0.0985576923076923 0.0673076923076923
0 0.6995192307692307 0.1971153846153846 0.11057692307692307 0.0673076923076923
0 0.7692307692307693 0.17067307692307693 0.0625 0.04326923076923077
0 0.8497596153846154 0.14423076923076922 0.0985576923076923 0.052884615384615384
0 0.5036057692307693 0.37259615384615385 0.07451923076923077 0.04326923076923077
0 0.578125 0.4230769230769231 0.0985576923076923 0.057692307692307696
0 0.5492788461538461 0.18990384615384615 0.14182692307692307 0.09615384615384616
0 0.6129807692307693 0.08413461538461539 0.14903846153846154 0.10096153846153846
0 0.6826923076923077 0.12740384615384615 0.125 0.08173076923076923
0 0.8004807692307693 0.08413461538461539 0.11057692307692307 0.07692307692307693
0 0.90625 0.013221153846153846 0.09615384615384616 0.016826923076923076
0 0.8052884615384616 0.02283653846153846 0.10096153846153846 0.036057692307692304
0 0.7259615384615384 0.030048076923076924 0.15384615384615385 0.05048076923076923
0 0.5360576923076923 0.040865384615384616 0.18269230769230768 0.07211538461538461
0 0.4963942307692308 0.11177884615384616 0.16105769230769232 0.08413461538461539
0 0.44471153846153844 0.020432692307692308 0.1346153846153846 0.03125
