0 0.18269230769230768 0.6045673076923077 0.21153846153846154 0.18028846153846154
0 0.27884615384615385 0.42788461538461536 0.44711538461538464 0.10096153846153846
0 0.18389423076923078 0.21634615384615385 0.22355769230769232 0.2644230769230769
0 0.4050480769230769 0.1658653846153846 0.15144230769230768 0.15384615384615385
0 0.6442307692307693 0.3737980769230769 0.20192307692307693 0.29086538461538464
0 0.8701923076923077 0.37740384615384615 0.17307692307692307 0.22115384615384615
0 0.7247596153846154 0.14783653846153846 0.4543269230769231 0.18028846153846154
0 0.5516826923076923 0.6778846153846154 0.4014423076923077 0.2644230769230769
0 0.21514423076923078 0.8509615384615384 0.2764423076923077 0.22115384615384615
0 0.5360576923076923 0.8365384615384616 0.23557692307692307 0.23076923076923078
0 0.8497596153846154 0.8569711538461539 0.18509615384615385 0.16105769230769232
0 0.8653846153846154 0.6237980769230769 0.17307692307692307 0.18990384615384615
