0 0.9567307692307693 0.2283653846153846 0.08173076923076923 0.11057692307692307
0 0.9663461538461539 0.31971153846153844 0.0625 0.09134615384615384
0 0.9435096153846154 0.37740384615384615 0.10817307692307693 0.07692307692307693
0 0.8918269230769231 0.46634615384615385 0.21153846153846154 0.09134615384615384
0 0.7235576923076923 0.2620192307692308 0.5480769230769231 0.16346153846153846
0 0.38221153846153844 0.3918269230769231 0.30288461538461536 0.12980769230769232
0 0.49278846153846156 0.3942307692307692 0.20673076923076922 0.08173076923076923
0 0.5961538461538461 0.39663461538461536 0.125 0.09134615384615384
0 0.7596153846153846 0.3894230769230769 0.3076923076923077 0.13942307692307693
0 0.47836538461538464 0.47115384615384615 0.28846153846153844 0.11538461538461539
0 0.3317307692307692 0.5649038461538461 0.34134615384615385 0.25
0 0.5961538461538461 0.6105769230769231 0.2980769230769231 0.17307692307692307
0 0.7355769230769231 0.5504807692307693 0.15384615384615385 0.10096153846153846
0 0.8846153846153846 0.48197115384615385 0.22596153846153846 0.06971153846153846
0 0.15745192307692307 0.25240384615384615 0.11298076923076923 0.057692307692307696
0 0.28125 0.2956730769230769 0.07211538461538461 0.038461538461538464
0 0.25721153846153844 0.3701923076923077 0.23076923076923078 0.12980769230769232
0 0.020432692307692308 0.421875 0.036057692307692304 0.026442307692307692
0 0.43509615384615385 0.20192307692307693 0.052884615384615384 0.03365384615384615
0 0.49038461538461536 0.2548076923076923 0.014423076923076924 0.019230769230769232
0 0.4855769230769231 0.2800480769230769 0.02403846153846154 0.007211538461538462
0 0.5600961538461539 0.2548076923076923 0.019230769230769232 0.014423076923076924
0 0.5144230769230769 0.20072115384615385 0.019230769230769232 0.01201923076923077
0 0.8004807692307693 0.18509615384615385 0.02403846153846154 0.02403846153846154
0 0.15264423076923078 0.5252403846153846 0.3004807692307692 0.18509615384615385
0 0.1310096153846154 0.6887019230769231 0.25721153846153844 0.1658653846153846
0 0.3581730769230769 0.7019230769230769 0.4230769230769231 0.20673076923076922
0 0.5264423076923077 0.8401442307692307 0.08653846153846154 0.24759615384615385
0 0.6225961538461539 0.6370192307692307 0.3076923076923077 0.20192307692307693
