0 0.8233173076923077 0.3786057692307692 0.2283653846153846 0.3245192307692308
0 0.4567307692307692 0.6430288461538461 0.21634615384615385 0.28125
0 0.15264423076923078 0.44711538461538464 0.23317307692307693 0.2980769230769231
0 0.9879807692307693 0.22355769230769232 0.02403846153846154 0.3076923076923077
0 0.9735576923076923 0.5552884615384616 0.052884615384615384 0.8846153846153846
0 0.9338942307692307 0.5096153846153846 0.08413461538461539 0.7644230769230769
0 0.8713942307692307 0.5600961538461539 0.07932692307692307 0.875
0 0.8185096153846154 0.46875 0.06490384615384616 0.9230769230769231
0 0.7283653846153846 0.5504807692307693 0.07692307692307693 0.8942307692307693
0 0.7764423076923077 0.7379807692307693 0.04807692307692308 0.4182692307692308
0 0.6682692307692307 0.5528846153846154 0.052884615384615384 0.8894230769230769
0 0.6045673076923077 0.4831730769230769 0.0889423076923077 0.8557692307692307
0 0.5456730769230769 0.5096153846153846 0.09134615384615384 0.8605769230769231
0 0.47475961538461536 0.4735576923076923 0.06971153846153846 0.7548076923076923
0 0.42908653846153844 0.5132211538461539 0.04567307692307692 0.84375
0 0.38221153846153844 0.5036057692307693 0.057692307692307696 0.78125
0 0.33653846153846156 0.5240384615384616 0.052884615384615384 0.7596153846153846
0 0.27524038461538464 0.5 0.0889423076923077 0.7548076923076923
0 0.2247596153846154 0.5444711538461539 0.0889423076923077 0.78125
0 0.14543269230769232 0.5288461538461539 0.06490384615384616 0.9375
0 0.12379807692307693 0.4543269230769231 0.03125 0.7644230769230769
0 0.09254807692307693 0.5528846153846154 0.06490384615384616 0.8269230769230769
0 0.042067307692307696 0.5336538461538461 0.04567307692307692 0.7596153846153846
