0 0.296875 0.7355769230769231 0.2764423076923077 0.5240384615384616
0 0.1201923076923077 0.9711538461538461 0.052884615384615384 0.052884615384615384
0 0.040865384615384616 0.953125 0.057692307692307696 0.0889423076923077
0 0.33653846153846156 0.39663461538461536 0.34615384615384615 0.25
0 0.14783653846153846 0.5769230769230769 0.20432692307692307 0.4807692307692308
0 0.07932692307692307 0.4723557692307692 0.10096153846153846 0.23798076923076922
0 0.140625 0.22355769230769232 0.18990384615384615 0.25
0 0.2536057692307692 0.19230769230769232 0.06009615384615385 0.1201923076923077
0 0.375 0.24759615384615385 0.21634615384615385 0.16826923076923078
0 0.5336538461538461 0.038461538461538464 0.34615384615384615 0.07211538461538461
0 0.8293269230769231 0.12139423076923077 0.34134615384615385 0.23317307692307693
0 0.6634615384615384 0.7415865384615384 0.5673076923076923 0.5120192307692307
0 0.6225961538461539 0.43149038461538464 0.3798076923076923 0.33413461538461536
0 0.8713942307692307 0.5084134615384616 0.25721153846153844 0.6802884615384616
3 0.5985576923076923 0.9495192307692307 0.03365384615384615 0.09615384615384616
