0 0.5588942307692307 0.38822115384615385 0.10336538461538461 0.3004807692307692
0 0.4735576923076923 0.5793269230769231 0.08653846153846154 0.28365384615384615
0 0.5504807692307693 0.8076923076923077 0.07211538461538461 0.3798076923076923
0 0.5456730769230769 0.06370192307692307 0.04807692307692308 0.12259615384615384
0 0.45072115384615385 0.1502403846153846 0.03125 0.15144230769230768
0 0.29927884615384615 0.09735576923076923 0.026442307692307692 0.05048076923076923
0 0.1814903846153846 0.2956730769230769 0.036057692307692304 0.23076923076923078
0 0.765625 0.75 0.040865384615384616 0.09615384615384616
0 0.14423076923076922 0.6274038461538461 0.28365384615384615 0.14903846153846154
0 0.8870192307692307 0.46634615384615385 0.22115384615384615 0.14903846153846154
0 0.8882211538461539 0.15504807692307693 0.22355769230769232 0.30528846153846156
