0 0.7439903846153846 0.7403846153846154 0.17067307692307693 0.28365384615384615
0 0.421875 0.5060096153846154 0.19951923076923078 0.2956730769230769
0 0.4567307692307692 0.9098557692307693 0.2692307692307692 0.17548076923076922
0 0.9002403846153846 0.9591346153846154 0.19471153846153846 0.07692307692307693
1 0.7463942307692307 0.6959134615384616 0.21394230769230768 0.45913461538461536
1 0.4254807692307692 0.45552884615384615 0.2548076923076923 0.5024038461538461
1 0.5901442307692307 0.006009615384615385 0.021634615384615384 0.007211538461538462
1 0.6983173076923077 0.31009615384615385 0.11298076923076923 0.1201923076923077
1 0.9819711538461539 0.2704326923076923 0.03125 0.37259615384615385
3 0.9182692307692307 0.42908653846153844 0.16346153846153846 0.2956730769230769
3 0.42427884615384615 0.6394230769230769 0.3870192307692308 0.2692307692307692
