0 0.328125 0.9338942307692307 0.6514423076923077 0.12740384615384615
0 0.6766826923076923 0.9314903846153846 0.5264423076923077 0.13221153846153846
0 0.734375 0.8497596153846154 0.53125 0.2956730769230769
0 0.8581730769230769 0.7800480769230769 0.28365384615384615 0.14182692307692307
0 0.16826923076923078 0.8305288461538461 0.3317307692307692 0.25721153846153844
0 0.17307692307692307 0.8161057692307693 0.34134615384615385 0.0889423076923077
0 0.2403846153846154 0.7019230769230769 0.375 0.3269230769230769
0 0.1971153846153846 0.5432692307692307 0.3894230769230769 0.42788461538461536
0 0.06971153846153846 0.6057692307692307 0.1346153846153846 0.24519230769230768
0 0.03485576923076923 0.6694711538461539 0.06490384615384616 0.0985576923076923
0 0.5144230769230769 0.45913461538461536 0.9711538461538461 0.5625
0 0.6622596153846154 0.390625 0.21875 0.27163461538461536
0 0.890625 0.6117788461538461 0.21875 0.17067307692307693
0 0.3858173076923077 0.2536057692307692 0.3293269230769231 0.3918269230769231
0 0.12860576923076922 0.2704326923076923 0.25240384615384615 0.15625
0 0.2764423076923077 0.3605769230769231 0.2692307692307692 0.11538461538461539
0 0.5564903846153846 0.34615384615384615 0.3293269230769231 0.3269230769230769
0 0.8257211538461539 0.3713942307692308 0.34375 0.18990384615384615
0 0.5817307692307693 0.18629807692307693 0.35096153846153844 0.36778846153846156
0 0.8185096153846154 0.14783653846153846 0.3629807692307692 0.29086538461538464
0 0.1502403846153846 0.036057692307692304 0.2956730769230769 0.0673076923076923
0 0.1814903846153846 0.030048076923076924 0.31971153846153844 0.055288461538461536
0 0.22956730769230768 0.12259615384615384 0.4543269230769231 0.08653846153846154
0 0.17067307692307693 0.13581730769230768 0.2980769230769231 0.12740384615384615
