0 0.0985576923076923 0.8413461538461539 0.19230769230769232 0.3125
0 0.3701923076923077 0.890625 0.22596153846153846 0.21394230769230768
0 0.5877403846153846 0.8990384615384616 0.2091346153846154 0.1971153846153846
0 0.7932692307692307 0.9639423076923077 0.19230769230769232 0.0673076923076923
0 0.9471153846153846 0.9639423076923077 0.10576923076923077 0.0673076923076923
0 0.15384615384615385 0.4675480769230769 0.25961538461538464 0.38221153846153844
0 0.3894230769230769 0.5949519230769231 0.2403846153846154 0.36778846153846156
0 0.22596153846153846 0.7704326923076923 0.1778846153846154 0.21394230769230768
0 0.2127403846153846 0.9459134615384616 0.12740384615384615 0.10336538461538461
0 0.5420673076923077 0.625 0.14182692307692307 0.3942307692307692
0 0.6947115384615384 0.7139423076923077 0.16346153846153846 0.3173076923076923
0 0.8641826923076923 0.8353365384615384 0.20432692307692307 0.25721153846153844
0 0.9855769230769231 0.84375 0.028846153846153848 0.25
0 0.8858173076923077 0.5865384615384616 0.2091346153846154 0.3269230769230769
0 0.9711538461538461 0.5216346153846154 0.057692307692307696 0.2403846153846154
0 0.7872596153846154 0.49158653846153844 0.0889423076923077 0.12740384615384615
0 0.7043269230769231 0.5745192307692307 0.15865384615384615 0.20192307692307693
0 0.6334134615384616 0.4098557692307692 0.21394230769230768 0.2668269230769231
0 0.5096153846153846 0.4206730769230769 0.028846153846153848 0.08173076923076923
0 0.375 0.36658653846153844 0.23557692307692307 0.22355769230769232
0 0.040865384615384616 0.4338942307692308 0.07692307692307693 0.3485576923076923
0 0.0829326923076923 0.1201923076923077 0.16105769230769232 0.23557692307692307
0 0.040865384615384616 0.22956730769230768 0.07692307692307693 0.06971153846153846
0 0.20432692307692307 0.22596153846153846 0.23557692307692307 0.27403846153846156
0 0.37740384615384615 0.22115384615384615 0.11057692307692307 0.08653846153846154
0 0.6610576923076923 0.21033653846153846 0.10096153846153846 0.10817307692307693
0 0.8329326923076923 0.26802884615384615 0.24278846153846154 0.34375
0 0.9819711538461539 0.3245192307692308 0.036057692307692304 0.3076923076923077
0 0.9375 0.11298076923076923 0.11057692307692307 0.16346153846153846
0 0.9855769230769231 0.054086538461538464 0.028846153846153848 0.10336538461538461
0 0.8533653846153846 0.051682692307692304 0.08653846153846154 0.0985576923076923
0 0.7043269230769231 0.07692307692307693 0.22115384615384615 0.14903846153846154
0 0.5336538461538461 0.1502403846153846 0.21153846153846154 0.2956730769230769
0 0.3329326923076923 0.07091346153846154 0.2091346153846154 0.13701923076923078
0 0.19831730769230768 0.054086538461538464 0.0985576923076923 0.10336538461538461
0 0.5012019230769231 0.5 0.9975961538461539 0.9951923076923077
