0 0.6971153846153846 0.8918269230769231 0.23557692307692307 0.14423076923076922
0 0.2692307692307692 0.9110576923076923 0.25 0.14423076923076922
0 0.2956730769230769 0.7115384615384616 0.2932692307692308 0.21634615384615385
0 0.5913461538461539 0.640625 0.2403846153846154 0.17548076923076922
0 0.7944711538461539 0.6850961538461539 0.15625 0.14903846153846154
0 0.7091346153846154 0.47115384615384615 0.20192307692307693 0.15865384615384615
0 0.47596153846153844 0.41466346153846156 0.23076923076923078 0.17067307692307693
0 0.21634615384615385 0.46634615384615385 0.23076923076923078 0.16826923076923078
0 0.4026442307692308 0.6009615384615384 0.22355769230769232 0.1971153846153846
0 0.47596153846153844 0.8557692307692307 0.23076923076923078 0.23076923076923078
0 0.1346153846153846 0.8389423076923077 0.17307692307692307 0.11538461538461539
0 0.13581730769230768 0.38221153846153844 0.21394230769230768 0.25
0 0.33413461538461536 0.23557692307692307 0.19230769230769232 0.20673076923076922
0 0.19230769230769232 0.11538461538461539 0.19230769230769232 0.11057692307692307
0 0.5685096153846154 0.2620192307692308 0.21394230769230768 0.16826923076923078
0 0.7836538461538461 0.3004807692307692 0.23076923076923078 0.15865384615384615
0 0.7211538461538461 0.125 0.1778846153846154 0.09134615384615384
0 0.47115384615384615 0.10096153846153846 0.2403846153846154 0.1875
