0 0.27884615384615385 0.5793269230769231 0.5 0.4182692307692308
0 0.3545673076923077 0.8858173076923077 0.31971153846153844 0.2283653846153846
0 0.6081730769230769 0.8533653846153846 0.27403846153846156 0.28846153846153844
0 0.8485576923076923 0.8365384615384616 0.3076923076923077 0.2932692307692308
0 0.7668269230769231 0.6682692307692307 0.2980769230769231 0.1971153846153846
0 0.5072115384615384 0.6526442307692307 0.2692307692307692 0.38221153846153844
0 0.5072115384615384 0.4230769230769231 0.3076923076923077 0.23557692307692307
0 0.7379807692307693 0.4951923076923077 0.27403846153846156 0.21153846153846154
0 0.9266826923076923 0.5576923076923077 0.1466346153846154 0.2932692307692308
0 0.20192307692307693 0.15504807692307693 0.33653846153846156 0.30528846153846156
