0 0.08653846153846154 0.1778846153846154 0.10096153846153846 0.12980769230769232
0 0.02283653846153846 0.1971153846153846 0.03125 0.11057692307692307
0 0.051682692307692304 0.13221153846153846 0.0889423076923077 0.052884615384615384
0 0.13942307692307693 0.13221153846153846 0.07692307692307693 0.052884615384615384
0 0.1201923076923077 0.23798076923076922 0.10096153846153846 0.11538461538461539
0 0.10576923076923077 0.37259615384615385 0.11538461538461539 0.1346153846153846
0 0.03245192307692308 0.3076923076923077 0.05048076923076923 0.11057692307692307
0 0.04807692307692308 0.41346153846153844 0.08173076923076923 0.1346153846153846
0 0.02283653846153846 0.5264423076923077 0.036057692307692304 0.12980769230769232
0 0.07451923076923077 0.5420673076923077 0.10096153846153846 0.0985576923076923
0 0.019230769230769232 0.7475961538461539 0.02403846153846154 0.125
0 0.036057692307692304 0.8389423076923077 0.057692307692307696 0.07692307692307693
0 0.028846153846153848 0.8918269230769231 0.04326923076923077 0.0673076923076923
0 0.06490384615384616 0.9278846153846154 0.09134615384615384 0.07692307692307693
0 0.055288461538461536 0.9879807692307693 0.0673076923076923 0.02403846153846154
0 0.021634615384615384 0.9699519230769231 0.03365384615384615 0.06009615384615385
0 0.8245192307692307 0.8653846153846154 0.10576923076923077 0.11057692307692307
0 0.7584134615384616 0.9230769230769231 0.08413461538461539 0.11057692307692307
0 0.7596153846153846 0.1658653846153846 0.10096153846153846 0.12980769230769232
0 0.671875 0.15264423076923078 0.10817307692307693 0.0889423076923077
0 0.5757211538461539 0.15865384615384615 0.08413461538461539 0.11538461538461539
0 0.49278846153846156 0.14182692307692307 0.08653846153846154 0.07692307692307693
0 0.3942307692307692 0.14182692307692307 0.09615384615384616 0.0673076923076923
0 0.29086538461538464 0.1141826923076923 0.08653846153846154 0.026442307692307692
0 0.234375 0.17067307692307693 0.11778846153846154 0.125
0 0.2403846153846154 0.33413461538461536 0.11538461538461539 0.17307692307692307
0 0.28846153846153844 0.2692307692307692 0.08173076923076923 0.16826923076923078
0 0.21634615384615385 0.2692307692307692 0.10576923076923077 0.10576923076923077
0 0.15865384615384615 0.5168269230769231 0.10096153846153846 0.11057692307692307
0 0.16105769230769232 0.6237980769230769 0.09615384615384616 0.11298076923076923
0 0.078125 0.6586538461538461 0.14182692307692307 0.1346153846153846
0 0.05889423076923077 0.6802884615384616 0.10336538461538461 0.14423076923076922
0 0.09134615384615384 0.7836538461538461 0.11538461538461539 0.1346153846153846
0 0.11538461538461539 0.8076923076923077 0.07211538461538461 0.1201923076923077
0 0.16947115384615385 0.9302884615384616 0.11778846153846154 0.14423076923076922
0 0.14903846153846154 0.8966346153846154 0.07692307692307693 0.07692307692307693
0 0.15865384615384615 0.8389423076923077 0.0625 0.0673076923076923
0 0.24158653846153846 0.8413461538461539 0.10336538461538461 0.125
0 0.18629807692307693 0.7427884615384616 0.10817307692307693 0.10576923076923077
0 0.24158653846153846 0.6730769230769231 0.11778846153846154 0.13942307692307693
0 0.2247596153846154 0.5492788461538461 0.08413461538461539 0.09375
0 0.21394230769230768 0.4567307692307692 0.09615384615384616 0.11538461538461539
0 0.3076923076923077 0.4831730769230769 0.10096153846153846 0.14423076923076922
0 0.3076923076923077 0.5949519230769231 0.09134615384615384 0.0889423076923077
0 0.3485576923076923 0.6586538461538461 0.08653846153846154 0.125
0 0.328125 0.9483173076923077 0.10336538461538461 0.10336538461538461
0 0.27283653846153844 0.9879807692307693 0.10817307692307693 0.02403846153846154
0 0.3629807692307692 0.8197115384615384 0.07211538461538461 0.10576923076923077
0 0.4182692307692308 0.7956730769230769 0.10096153846153846 0.14423076923076922
0 0.41346153846153844 0.6899038461538461 0.08653846153846154 0.07211538461538461
0 0.49759615384615385 0.7211538461538461 0.08653846153846154 0.08173076923076923
0 0.48677884615384615 0.6538461538461539 0.08413461538461539 0.11538461538461539
0 0.4519230769230769 0.5769230769230769 0.08173076923076923 0.10576923076923077
0 0.3701923076923077 0.5625 0.07692307692307693 0.0673076923076923
0 0.3894230769230769 0.48677884615384615 0.0673076923076923 0.09375
0 0.4254807692307692 0.4519230769230769 0.10576923076923077 0.07211538461538461
0 0.45913461538461536 0.5072115384615384 0.09615384615384616 0.052884615384615384
0 0.5264423076923077 0.4483173076923077 0.10096153846153846 0.15144230769230768
0 0.43509615384615385 0.375 0.09615384615384616 0.1201923076923077
0 0.40024038461538464 0.24759615384615385 0.12259615384615384 0.14423076923076922
0 0.3293269230769231 0.1778846153846154 0.08173076923076923 0.1201923076923077
0 0.08774038461538461 0.17548076923076922 0.10336538461538461 0.1346153846153846
0 0.35336538461538464 0.375 0.09615384615384616 0.12980769230769232
0 0.38221153846153844 0.48197115384615385 0.057692307692307696 0.09375
0 0.5276442307692307 0.29086538461538464 0.12740384615384615 0.17307692307692307
0 0.4831730769230769 0.21634615384615385 0.07211538461538461 0.08173076923076923
0 0.5889423076923077 0.34975961538461536 0.08653846153846154 0.0985576923076923
0 0.6153846153846154 0.5336538461538461 0.08653846153846154 0.11538461538461539
0 0.5408653846153846 0.5817307692307693 0.10096153846153846 0.11538461538461539
0 0.6262019230769231 0.24278846153846154 0.0889423076923077 0.125
0 0.7403846153846154 0.29927884615384615 0.10576923076923077 0.13701923076923078
0 0.7007211538461539 0.3449519230769231 0.12259615384615384 0.15144230769230768
0 0.6923076923076923 0.23798076923076922 0.04326923076923077 0.07211538461538461
0 0.8221153846153846 0.12259615384615384 0.03365384615384615 0.04326923076923077
0 0.9591346153846154 0.27163461538461536 0.08173076923076923 0.16346153846153846
0 0.8870192307692307 0.31850961538461536 0.07211538461538461 0.0985576923076923
0 0.8545673076923077 0.34134615384615385 0.04567307692307692 0.1346153846153846
0 0.8088942307692307 0.3473557692307692 0.08413461538461539 0.13701923076923078
0 0.7836538461538461 0.4639423076923077 0.09615384615384616 0.12980769230769232
0 0.8076923076923077 0.5444711538461539 0.07692307692307693 0.08413461538461539
0 0.7271634615384616 0.5384615384615384 0.10336538461538461 0.14423076923076922
0 0.65625 0.44471153846153844 0.09134615384615384 0.1346153846153846
0 0.8581730769230769 0.44471153846153844 0.09134615384615384 0.125
0 0.953125 0.484375 0.09375 0.13221153846153846
0 0.9591346153846154 0.3942307692307692 0.08653846153846154 0.08173076923076923
0 0.6586538461538461 0.5901442307692307 0.08173076923076923 0.0985576923076923
0 0.6466346153846154 0.6995192307692307 0.09615384615384616 0.12980769230769232
0 0.5889423076923077 0.6766826923076923 0.057692307692307696 0.0889423076923077
0 0.5841346153846154 0.7355769230769231 0.03365384615384615 0.04807692307692308
0 0.5396634615384616 0.7788461538461539 0.10336538461538461 0.07211538461538461
0 0.6105769230769231 0.7908653846153846 0.0625 0.0673076923076923
0 0.6466346153846154 0.8149038461538461 0.07211538461538461 0.08173076923076923
0 0.5384615384615384 0.8629807692307693 0.09615384615384616 0.125
0 0.46153846153846156 0.8966346153846154 0.10096153846153846 0.12980769230769232
0 0.4543269230769231 0.9639423076923077 0.11538461538461539 0.07211538461538461
0 0.5805288461538461 0.8990384615384616 0.09375 0.125
0 0.6129807692307693 0.9483173076923077 0.11057692307692307 0.0889423076923077
0 0.5877403846153846 0.9879807692307693 0.0889423076923077 0.02403846153846154
0 0.6814903846153846 0.9795673076923077 0.0985576923076923 0.040865384615384616
0 0.7548076923076923 0.9927884615384616 0.09134615384615384 0.019230769230769232
0 0.8341346153846154 0.9615384615384616 0.08653846153846154 0.08173076923076923
0 0.9230769230769231 0.9206730769230769 0.10576923076923077 0.1346153846153846
0 0.9122596153846154 0.9879807692307693 0.07932692307692307 0.02403846153846154
0 0.9699519230769231 0.9867788461538461 0.06009615384615385 0.026442307692307692
0 0.9879807692307693 0.9387019230769231 0.02403846153846154 0.07932692307692307
0 0.9879807692307693 0.8882211538461539 0.02403846153846154 0.07451923076923077
0 0.9819711538461539 0.8040865384615384 0.036057692307692304 0.10817307692307693
0 0.9350961538461539 0.8173076923076923 0.08653846153846154 0.1201923076923077
0 0.9134615384615384 0.703125 0.11057692307692307 0.15144230769230768
0 0.9230769230769231 0.6009615384615384 0.0673076923076923 0.0625
0 0.8822115384615384 0.5456730769230769 0.07211538461538461 0.08173076923076923
0 0.9783653846153846 0.6033653846153846 0.04807692307692308 0.12980769230769232
0 0.9783653846153846 0.7067307692307693 0.04807692307692308 0.11538461538461539
0 0.8341346153846154 0.6586538461538461 0.08653846153846154 0.11538461538461539
0 0.8149038461538461 0.7644230769230769 0.11538461538461539 0.1346153846153846
0 0.7451923076923077 0.8004807692307693 0.057692307692307696 0.08173076923076923
0 0.6971153846153846 0.9038461538461539 0.0673076923076923 0.07211538461538461
0 0.7139423076923077 0.828125 0.08653846153846154 0.0889423076923077
0 0.7427884615384616 0.6334134615384616 0.09134615384615384 0.09375
0 0.6490384615384616 0.6995192307692307 0.10096153846153846 0.1201923076923077
0 0.5024038461538461 0.5492788461538461 0.9951923076923077 0.9014423076923077
