0 0.27283653846153844 0.11899038461538461 0.4831730769230769 0.22355769230769232
0 0.29086538461538464 0.31971153846153844 0.5625 0.20673076923076922
0 0.65625 0.2980769230769231 0.2692307692307692 0.25
0 0.703125 0.43028846153846156 0.31009615384615385 0.15865384615384615
0 0.6274038461538461 0.12980769230769232 0.3605769230769231 0.23076923076923078
0 0.3269230769230769 0.0889423076923077 0.5817307692307693 0.17307692307692307
0 0.37259615384615385 0.6057692307692307 0.7307692307692307 0.375
0 0.8221153846153846 0.49038461538461536 0.3605769230769231 0.3701923076923077
0 0.8485576923076923 0.34375 0.2980769230769231 0.1346153846153846
0 0.8064903846153846 0.734375 0.16105769230769232 0.11778846153846154
0 0.875 0.8605769230769231 0.25 0.27884615384615385
0 0.4723557692307692 0.8509615384615384 0.9254807692307693 0.2980769230769231
