0 0.12259615384615384 0.7271634615384616 0.15384615384615385 0.18028846153846154
0 0.5228365384615384 0.8173076923076923 0.9543269230769231 0.3605769230769231
0 0.8329326923076923 0.7800480769230769 0.33413461538461536 0.38221153846153844
0 0.17307692307692307 0.43028846153846156 0.34134615384615385 0.40384615384615385
0 0.5072115384615384 0.5204326923076923 0.1201923076923077 0.25721153846153844
0 0.46274038461538464 0.3713942307692308 0.12740384615384615 0.21394230769230768
0 0.38461538461538464 0.6442307692307693 0.13942307692307693 0.3125
0 0.59375 0.5300480769230769 0.09134615384615384 0.22355769230769232
0 0.24639423076923078 0.7019230769230769 0.10817307692307693 0.11057692307692307
0 0.7836538461538461 0.5048076923076923 0.42788461538461536 0.4375
0 0.5552884615384616 0.7860576923076923 0.28365384615384615 0.28846153846153844
0 0.7620192307692307 0.3137019230769231 0.47115384615384615 0.2283653846153846
0 0.6201923076923077 0.20192307692307693 0.3894230769230769 0.14903846153846154
0 0.9074519230769231 0.15504807692307693 0.18028846153846154 0.21875
0 0.6911057692307693 0.10336538461538461 0.29086538461538464 0.16826923076923078
0 0.4795673076923077 0.09975961538461539 0.31971153846153844 0.18028846153846154
0 0.9038461538461539 0.12259615384615384 0.1875 0.1971153846153846
0 0.1622596153846154 0.31490384615384615 0.31971153846153844 0.4375
0 0.23918269230769232 0.18389423076923078 0.4735576923076923 0.14182692307692307
0 0.171875 0.07091346153846154 0.3389423076923077 0.13701923076923078
