0 0.6538461538461539 0.5985576923076923 0.25 0.3942307692307692
0 0.4735576923076923 0.7644230769230769 0.2548076923076923 0.2980769230769231
0 0.4423076923076923 0.4831730769230769 0.21153846153846154 0.375
0 0.2608173076923077 0.4423076923076923 0.24759615384615385 0.47596153846153844
0 0.20552884615384615 0.6370192307692307 0.25721153846153844 0.4951923076923077
0 0.6394230769230769 0.24759615384615385 0.5336538461538461 0.4182692307692308
0 0.8461538461538461 0.31490384615384615 0.13942307692307693 0.47115384615384615
0 0.7932692307692307 0.48197115384615385 0.125 0.31490384615384615
0 0.6875 0.15865384615384615 0.09134615384615384 0.16826923076923078
0 0.30528846153846156 0.1502403846153846 0.1778846153846154 0.29086538461538464
0 0.6033653846153846 0.057692307692307696 0.34134615384615385 0.10576923076923077
0 0.14182692307692307 0.13581730769230768 0.16826923076923078 0.25721153846153844
