0 0.6526442307692307 0.59375 0.08413461538461539 0.4807692307692308
0 0.5673076923076923 0.5817307692307693 0.08173076923076923 0.5673076923076923
0 0.5637019230769231 0.6466346153846154 0.07451923076923077 0.49038461538461536
0 0.4963942307692308 0.5817307692307693 0.06971153846153846 0.5240384615384616
0 0.4699519230769231 0.7463942307692307 0.08413461538461539 0.2956730769230769
0 0.41466346153846156 0.4807692307692308 0.055288461538461536 0.5192307692307693
0 0.42908653846153844 0.5048076923076923 0.08413461538461539 0.3942307692307692
0 0.375 0.6057692307692307 0.057692307692307696 0.3317307692307692
0 0.35096153846153844 0.5024038461538461 0.07211538461538461 0.39903846153846156
0 0.3401442307692308 0.6730769230769231 0.15625 0.5096153846153846
