0 0.10216346153846154 0.47836538461538464 0.14182692307692307 0.1971153846153846
0 0.19951923076923078 0.5745192307692307 0.10096153846153846 0.125
0 0.2776442307692308 0.6995192307692307 0.11298076923076923 0.15865384615384615
0 0.3485576923076923 0.6947115384615384 0.04326923076923077 0.11538461538461539
0 0.39302884615384615 0.8100961538461539 0.0985576923076923 0.125
0 0.47596153846153844 0.7740384615384616 0.08173076923076923 0.08653846153846154
0 0.5060096153846154 0.6923076923076923 0.0985576923076923 0.16346153846153846
0 0.41346153846153844 0.7235576923076923 0.08173076923076923 0.08653846153846154
0 0.41466346153846156 0.6201923076923077 0.12740384615384615 0.16346153846153846
0 0.4891826923076923 0.5817307692307693 0.036057692307692304 0.052884615384615384
0 0.375 0.5625 0.0673076923076923 0.16826923076923078
0 0.3004807692307692 0.5745192307692307 0.11057692307692307 0.15865384615384615
0 0.2548076923076923 0.47596153846153844 0.14903846153846154 0.20192307692307693
0 0.18028846153846154 0.32572115384615385 0.1201923076923077 0.21875
0 0.09495192307692307 0.3473557692307692 0.06971153846153846 0.0985576923076923
0 0.265625 0.234375 0.15625 0.22355769230769232
0 0.39302884615384615 0.11298076923076923 0.15625 0.20673076923076922
0 0.5396634615384616 0.05048076923076923 0.14182692307692307 0.08173076923076923
0 0.6478365384615384 0.09134615384615384 0.1466346153846154 0.16346153846153846
0 0.7872596153846154 0.07572115384615384 0.12740384615384615 0.13701923076923078
0 0.8004807692307693 0.19591346153846154 0.13942307692307693 0.17067307692307693
0 0.8557692307692307 0.3605769230769231 0.10576923076923077 0.19230769230769232
0 0.8293269230769231 0.5240384615384616 0.1346153846153846 0.15865384615384615
0 0.7548076923076923 0.5925480769230769 0.0673076923076923 0.13221153846153846
0 0.7475961538461539 0.3737980769230769 0.13942307692307693 0.21875
0 0.6670673076923077 0.25721153846153844 0.15625 0.23557692307692307
0 0.5865384615384616 0.19591346153846154 0.0625 0.10336538461538461
0 0.5072115384615384 0.1658653846153846 0.1346153846153846 0.1875
0 0.546875 0.3233173076923077 0.12740384615384615 0.18028846153846154
0 0.625 0.44471153846153844 0.11057692307692307 0.17307692307692307
0 0.7295673076923077 0.47115384615384615 0.0985576923076923 0.11538461538461539
0 0.6682692307692307 0.6009615384615384 0.11538461538461539 0.16826923076923078
0 0.625 0.6418269230769231 0.07211538461538461 0.11057692307692307
0 0.5721153846153846 0.6850961538461539 0.052884615384615384 0.08653846153846154
0 0.5625 0.5600961538461539 0.10096153846153846 0.15384615384615385
0 0.5456730769230769 0.4639423076923077 0.052884615384615384 0.11538461538461539
0 0.47115384615384615 0.46153846153846156 0.12980769230769232 0.1971153846153846
0 0.38221153846153844 0.42908653846153844 0.07692307692307693 0.0985576923076923
0 0.4026442307692308 0.2980769230769231 0.1466346153846154 0.16346153846153846
0 0.29447115384615385 0.36177884615384615 0.11778846153846154 0.10336538461538461
0 0.3473557692307692 0.45913461538461536 0.05048076923076923 0.125
4 0.7992788461538461 0.8509615384615384 0.4014423076923077 0.2980769230769231
4 0.9290865384615384 0.13581730769230768 0.14182692307692307 0.25721153846153844
4 0.9519230769230769 0.4807692307692308 0.09615384615384616 0.4326923076923077
4 0.84375 0.6478365384615384 0.1201923076923077 0.0985576923076923
4 0.5012019230769231 0.9302884615384616 0.21394230769230768 0.13942307692307693
4 0.5396634615384616 0.8293269230769231 0.12740384615384615 0.052884615384615384
4 0.5661057692307693 0.7644230769230769 0.07451923076923077 0.07211538461538461
4 0.1201923076923077 0.859375 0.23076923076923078 0.28125
4 0.28725961538461536 0.8725961538461539 0.11298076923076923 0.2548076923076923
4 0.36658653846153844 0.9326923076923077 0.06009615384615385 0.1346153846153846
4 0.078125 0.6418269230769231 0.1466346153846154 0.15384615384615385
4 0.18389423076923078 0.6778846153846154 0.06490384615384616 0.08173076923076923
4 0.09975961538461539 0.109375 0.18990384615384615 0.20432692307692307
4 0.2548076923076923 0.051682692307692304 0.11538461538461539 0.0889423076923077
4 0.32572115384615385 0.03365384615384615 0.021634615384615384 0.04807692307692308
4 0.35096153846153844 0.020432692307692308 0.028846153846153848 0.021634615384615384
4 0.2127403846153846 0.13221153846153846 0.036057692307692304 0.08173076923076923
4 0.2512019230769231 0.11298076923076923 0.036057692307692304 0.03365384615384615
4 0.04447115384615385 0.2692307692307692 0.07932692307692307 0.125
4 0.10817307692307693 0.2403846153846154 0.04326923076923077 0.07211538461538461
4 0.14423076923076922 0.22596153846153846 0.028846153846153848 0.03365384615384615
4 0.021634615384615384 0.3545673076923077 0.03365384615384615 0.040865384615384616
4 0.014423076923076924 0.3894230769230769 0.019230769230769232 0.02403846153846154
4 0.018028846153846152 0.47475961538461536 0.026442307692307692 0.17067307692307693
