0 0.46153846153846156 0.4567307692307692 0.08173076923076923 0.22596153846153846
0 0.3485576923076923 0.5336538461538461 0.125 0.27403846153846156
0 0.125 0.3629807692307692 0.09615384615384616 0.22596153846153846
0 0.07692307692307693 0.46634615384615385 0.04326923076923077 0.08653846153846154
0 0.036057692307692304 0.2956730769230769 0.0625 0.1875
0 0.0673076923076923 0.13221153846153846 0.125 0.24519230769230768
0 0.07932692307692307 0.7872596153846154 0.02403846153846154 0.06009615384615385
0 0.052884615384615384 0.6490384615384616 0.09134615384615384 0.1875
0 0.03245192307692308 0.4831730769230769 0.05048076923076923 0.1201923076923077
0 0.13942307692307693 0.6538461538461539 0.04326923076923077 0.08653846153846154
0 0.08052884615384616 0.9399038461538461 0.036057692307692304 0.08653846153846154
0 0.04567307692307692 0.8725961538461539 0.02403846153846154 0.04807692307692308
0 0.016826923076923076 0.8629807692307693 0.02403846153846154 0.08173076923076923
0 0.02403846153846154 0.9230769230769231 0.02403846153846154 0.0673076923076923
0 0.040865384615384616 0.9338942307692307 0.028846153846153848 0.06009615384615385
0 0.028846153846153848 0.7692307692307693 0.019230769230769232 0.052884615384615384
0 0.014423076923076924 0.7740384615384616 0.014423076923076924 0.07211538461538461
0 0.016826923076923076 0.7151442307692307 0.019230769230769232 0.026442307692307692
0 0.1658653846153846 0.8485576923076923 0.14903846153846154 0.2932692307692308
0 0.265625 0.43028846153846156 0.026442307692307692 0.052884615384615384
0 0.22355769230769232 0.59375 0.125 0.3269230769230769
0 0.20432692307692307 0.3557692307692308 0.057692307692307696 0.1201923076923077
0 0.21153846153846154 0.2620192307692308 0.02403846153846154 0.038461538461538464
0 0.24639423076923078 0.28725961538461536 0.026442307692307692 0.06009615384615385
0 0.24759615384615385 0.3894230769230769 0.028846153846153848 0.052884615384615384
0 0.2776442307692308 0.37259615384615385 0.026442307692307692 0.04807692307692308
0 0.28846153846153844 0.6754807692307693 0.02403846153846154 0.0673076923076923
0 0.3389423076923077 0.7067307692307693 0.02403846153846154 0.07211538461538461
0 0.2980769230769231 0.8365384615384616 0.08173076923076923 0.15865384615384615
0 0.2620192307692308 0.9387019230769231 0.04326923076923077 0.11298076923076923
0 0.3401442307692308 0.9423076923076923 0.026442307692307692 0.0673076923076923
0 0.36778846153846156 0.8028846153846154 0.057692307692307696 0.1346153846153846
0 0.40384615384615385 0.9375 0.04326923076923077 0.1201923076923077
0 0.43990384615384615 0.7403846153846154 0.028846153846153848 0.07211538461538461
0 0.41586538461538464 0.6706730769230769 0.02403846153846154 0.08173076923076923
0 0.38822115384615385 0.6802884615384616 0.026442307692307692 0.07211538461538461
0 0.4206730769230769 0.5961538461538461 0.03365384615384615 0.0673076923076923
0 0.37740384615384615 0.3293269230769231 0.04326923076923077 0.10576923076923077
0 0.31009615384615385 0.23557692307692307 0.10576923076923077 0.2548076923076923
0 0.2668269230769231 0.015625 0.04326923076923077 0.026442307692307692
0 0.17908653846153846 0.12740384615384615 0.12740384615384615 0.24519230769230768
0 0.3894230769230769 0.17548076923076922 0.20673076923076922 0.34615384615384615
0 0.5012019230769231 0.1622596153846154 0.18509615384615385 0.31971153846153844
0 0.5072115384615384 0.37259615384615385 0.057692307692307696 0.10096153846153846
0 0.5168269230769231 0.5192307692307693 0.028846153846153848 0.08653846153846154
0 0.4831730769230769 0.6262019230769231 0.057692307692307696 0.11298076923076923
0 0.4951923076923077 0.8786057692307693 0.10576923076923077 0.23317307692307693
0 0.5721153846153846 0.9086538461538461 0.052884615384615384 0.1346153846153846
0 0.5817307692307693 0.7139423076923077 0.13942307692307693 0.28846153846153844
0 0.6021634615384616 0.4326923076923077 0.0985576923076923 0.22115384615384615
0 0.6322115384615384 0.203125 0.04326923076923077 0.09375
0 0.6706730769230769 0.49278846153846156 0.04326923076923077 0.10096153846153846
0 0.6742788461538461 0.7632211538461539 0.05048076923076923 0.09375
0 0.6586538461538461 0.8774038461538461 0.04807692307692308 0.1201923076923077
0 0.7043269230769231 0.703125 0.038461538461538464 0.09375
0 0.6778846153846154 0.5985576923076923 0.13942307692307693 0.10096153846153846
0 0.7475961538461539 0.8125 0.09134615384615384 0.20673076923076922
0 0.7572115384615384 0.9302884615384616 0.16346153846153846 0.10576923076923077
0 0.8173076923076923 0.7668269230769231 0.08173076923076923 0.22115384615384615
0 0.8533653846153846 0.6298076923076923 0.08653846153846154 0.1875
0 0.9411057692307693 0.4387019230769231 0.11778846153846154 0.22355769230769232
0 0.9014423076923077 0.7091346153846154 0.1971153846153846 0.5769230769230769
0 0.9459134615384616 0.2608173076923077 0.10817307692307693 0.14182692307692307
0 0.9230769230769231 0.359375 0.08173076923076923 0.11298076923076923
0 0.9567307692307693 0.08052884615384616 0.08653846153846154 0.15625
0 0.8894230769230769 0.02403846153846154 0.04326923076923077 0.038461538461538464
0 0.8605769230769231 0.12980769230769232 0.0673076923076923 0.2403846153846154
0 0.8028846153846154 0.09254807692307693 0.10096153846153846 0.18028846153846154
0 0.796875 0.08653846153846154 0.0889423076923077 0.16826923076923078
0 0.8377403846153846 0.2668269230769231 0.0985576923076923 0.34134615384615385
0 0.8197115384615384 0.2956730769230769 0.20673076923076922 0.10576923076923077
0 0.7956730769230769 0.31971153846153844 0.14423076923076922 0.27403846153846156
0 0.7548076923076923 0.15625 0.0625 0.0673076923076923
0 0.7403846153846154 0.08413461538461539 0.038461538461538464 0.08173076923076923
0 0.6670673076923077 0.4423076923076923 0.12259615384615384 0.34615384615384615
0 0.7235576923076923 0.40625 0.10096153846153846 0.36538461538461536
0 0.7139423076923077 0.4206730769230769 0.10576923076923077 0.3798076923076923
0 0.6983173076923077 0.40865384615384615 0.0985576923076923 0.3605769230769231
0 0.7271634615384616 0.3629807692307692 0.15144230769230768 0.41346153846153844
0 0.8088942307692307 0.5504807692307693 0.036057692307692304 0.15865384615384615
0 0.8389423076923077 0.4495192307692308 0.0673076923076923 0.17307692307692307
0 0.6213942307692307 0.07932692307692307 0.12259615384615384 0.15384615384615385
0 0.6610576923076923 0.03245192307692308 0.038461538461538464 0.06009615384615385
0 0.6971153846153846 0.056490384615384616 0.038461538461538464 0.10817307692307693
