0 0.14182692307692307 0.41586538461538464 0.125 0.16826923076923078
0 0.07692307692307693 0.5661057692307693 0.13942307692307693 0.2620192307692308
0 0.27403846153846156 0.4855769230769231 0.2644230769230769 0.36538461538461536
0 0.265625 0.5745192307692307 0.21875 0.3125
0 0.4206730769230769 0.5528846153846154 0.11057692307692307 0.21153846153846154
0 0.5096153846153846 0.44471153846153844 0.11538461538461539 0.1971153846153846
0 0.47115384615384615 0.2692307692307692 0.052884615384615384 0.07211538461538461
0 0.5841346153846154 0.47596153846153844 0.23076923076923078 0.39903846153846156
0 0.5600961538461539 0.5985576923076923 0.30288461538461536 0.3605769230769231
0 0.7620192307692307 0.4050480769230769 0.1201923076923077 0.18028846153846154
0 0.8353365384615384 0.46033653846153844 0.30528846153846156 0.34375
0 0.8846153846153846 0.5961538461538461 0.23076923076923078 0.25961538461538464
0 0.7235576923076923 0.7439903846153846 0.04326923076923077 0.10336538461538461
0 0.6730769230769231 0.7103365384615384 0.04807692307692308 0.06009615384615385
