0 0.5384615384615384 0.1045673076923077 0.27884615384615385 0.20432692307692307
0 0.33653846153846156 0.953125 0.27884615384615385 0.09375
0 0.1310096153846154 0.9098557692307693 0.24278846153846154 0.18028846153846154
0 0.3245192307692308 0.07451923076923077 0.23076923076923078 0.14423076923076922
0 0.16947115384615385 0.16105769230769232 0.036057692307692304 0.038461538461538464
0 0.11899038461538461 0.13942307692307693 0.040865384615384616 0.02403846153846154
0 0.054086538461538464 0.12259615384615384 0.040865384615384616 0.03365384615384615
0 0.042067307692307696 0.10576923076923077 0.06490384615384616 0.019230769230769232
0 0.08052884615384616 0.07692307692307693 0.036057692307692304 0.038461538461538464
0 0.036057692307692304 0.038461538461538464 0.052884615384615384 0.038461538461538464
0 0.6442307692307693 0.5336538461538461 0.2548076923076923 0.24519230769230768
0 0.47115384615384615 0.6370192307692307 0.3076923076923077 0.15865384615384615
0 0.47716346153846156 0.45552884615384615 0.34375 0.20432692307692307
0 0.4567307692307692 0.39783653846153844 0.23076923076923078 0.31490384615384615
0 0.4254807692307692 0.6923076923076923 0.28846153846153844 0.25961538461538464
0 0.27884615384615385 0.6947115384615384 0.2548076923076923 0.1778846153846154
0 0.23197115384615385 0.5408653846153846 0.21875 0.16826923076923078
0 0.23677884615384615 0.41225961538461536 0.21875 0.23798076923076922
3 0.9651442307692307 0.7475961538461539 0.06971153846153846 0.1875
