0 0.6694711538461539 0.8197115384615384 0.31971153846153844 0.28846153846153844
0 0.7391826923076923 0.6009615384615384 0.15625 0.2692307692307692
0 0.5985576923076923 0.5492788461538461 0.20673076923076922 0.2620192307692308
0 0.5264423076923077 0.6057692307692307 0.12980769230769232 0.16826923076923078
0 0.43149038461538464 0.7115384615384616 0.13221153846153846 0.20192307692307693
0 0.38221153846153844 0.5600961538461539 0.12980769230769232 0.16346153846153846
0 0.4206730769230769 0.49038461538461536 0.12980769230769232 0.1201923076923077
0 0.25600961538461536 0.6033653846153846 0.0985576923076923 0.1201923076923077
0 0.23798076923076922 0.6850961538461539 0.10576923076923077 0.08653846153846154
0 0.13701923076923078 0.5649038461538461 0.11057692307692307 0.16346153846153846
0 0.20192307692307693 0.5252403846153846 0.10096153846153846 0.13701923076923078
0 0.1310096153846154 0.44350961538461536 0.10336538461538461 0.10336538461538461
0 0.13701923076923078 0.3317307692307692 0.15384615384615385 0.17307692307692307
0 0.2800480769230769 0.33413461538461536 0.11778846153846154 0.14903846153846154
0 0.19951923076923078 0.21995192307692307 0.2548076923076923 0.17067307692307693
0 0.27403846153846156 0.13581730769230768 0.10576923076923077 0.13701923076923078
0 0.3545673076923077 0.16105769230769232 0.07451923076923077 0.12980769230769232
0 0.453125 0.21875 0.13221153846153846 0.20192307692307693
0 0.578125 0.2644230769230769 0.16105769230769232 0.20673076923076922
0 0.7475961538461539 0.3425480769230769 0.13942307692307693 0.14182692307692307
0 0.8509615384615384 0.38822115384615385 0.11538461538461539 0.18028846153846154
0 0.7403846153846154 0.13942307692307693 0.16826923076923078 0.1875
0 0.8966346153846154 0.15384615384615385 0.14903846153846154 0.14903846153846154
0 0.9098557692307693 0.31971153846153844 0.17067307692307693 0.17307692307692307
