0 0.6105769230769231 0.1935096153846154 0.1971153846153846 0.12740384615384615
0 0.3293269230769231 0.3137019230769231 0.23557692307692307 0.0985576923076923
0 0.4254807692307692 0.43990384615384615 0.16826923076923078 0.15384615384615385
0 0.15985576923076922 0.4855769230769231 0.3004807692307692 0.21153846153846154
0 0.8509615384615384 0.6057692307692307 0.2980769230769231 0.17307692307692307
0 0.7788461538461539 0.3485576923076923 0.16346153846153846 0.11057692307692307
0 0.6850961538461539 0.33653846153846156 0.17307692307692307 0.11538461538461539
0 0.84375 0.4266826923076923 0.1875 0.0985576923076923
0 0.9038461538461539 0.32211538461538464 0.1875 0.09134615384615384
0 0.84375 0.2439903846153846 0.17307692307692307 0.08413461538461539
0 0.9567307692307693 0.2620192307692308 0.09134615384615384 0.11538461538461539
0 0.5456730769230769 0.7680288461538461 0.8605769230769231 0.4639423076923077
