0 0.859375 0.8497596153846154 0.24759615384615385 0.2956730769230769
0 0.9651442307692307 0.6983173076923077 0.06971153846153846 0.37259615384615385
0 0.9230769230769231 0.47596153846153844 0.15384615384615385 0.3317307692307692
0 0.9903846153846154 0.27403846153846156 0.019230769230769232 0.15384615384615385
0 0.9543269230769231 0.12740384615384615 0.09134615384615384 0.22596153846153846
0 0.8870192307692307 0.19230769230769232 0.1778846153846154 0.25
0 0.7980769230769231 0.296875 0.20192307692307693 0.3485576923076923
0 0.7524038461538461 0.6274038461538461 0.20673076923076922 0.38461538461538464
0 0.8930288461538461 0.6706730769230769 0.09375 0.15384615384615385
0 0.703125 0.8701923076923077 0.08413461538461539 0.125
0 0.6310096153846154 0.9110576923076923 0.23317307692307693 0.17307692307692307
0 0.5721153846153846 0.6634615384615384 0.21153846153846154 0.40865384615384615
0 0.7007211538461539 0.3701923076923077 0.17067307692307693 0.28365384615384615
0 0.5673076923076923 0.4519230769230769 0.19230769230769232 0.25961538461538464
0 0.6021634615384616 0.1658653846153846 0.17067307692307693 0.3125
0 0.6935096153846154 0.0625 0.07932692307692307 0.11538461538461539
0 0.7091346153846154 0.19831730769230768 0.08173076923076923 0.1658653846153846
0 0.5 0.14423076923076922 0.038461538461538464 0.10576923076923077
0 0.46033653846153844 0.33533653846153844 0.15144230769230768 0.2956730769230769
0 0.3894230769230769 0.5949519230769231 0.19230769230769232 0.31971153846153844
0 0.375 0.8617788461538461 0.22115384615384615 0.27163461538461536
0 0.5036057692307693 0.8701923076923077 0.0985576923076923 0.2548076923076923
0 0.2980769230769231 0.7788461538461539 0.0673076923076923 0.15384615384615385
0 0.19471153846153846 0.6322115384615384 0.1971153846153846 0.3605769230769231
0 0.19110576923076922 0.9002403846153846 0.17067307692307693 0.19471153846153846
0 0.140625 0.4230769230769231 0.17548076923076922 0.28365384615384615
0 0.24759615384615385 0.2848557692307692 0.11538461538461539 0.24278846153846154
0 0.3173076923076923 0.22115384615384615 0.16826923076923078 0.3076923076923077
0 0.4326923076923077 0.13221153846153846 0.125 0.12980769230769232
0 0.03365384615384615 0.2920673076923077 0.057692307692307696 0.18028846153846154
0 0.052884615384615384 0.53125 0.09615384615384616 0.3317307692307692
0 0.07572115384615384 0.7980769230769231 0.14182692307692307 0.30288461538461536
0 0.0673076923076923 0.9663461538461539 0.11057692307692307 0.057692307692307696
