0 0.4543269230769231 0.6262019230769231 0.0625 0.08413461538461539
0 0.4411057692307692 0.5637019230769231 0.036057692307692304 0.05048076923076923
0 0.4795673076923077 0.5588942307692307 0.036057692307692304 0.05048076923076923
0 0.5120192307692307 0.5516826923076923 0.02403846153846154 0.036057692307692304
0 0.6009615384615384 0.6105769230769231 0.04807692307692308 0.0625
0 0.5396634615384616 0.5384615384615384 0.04567307692307692 0.08173076923076923
0 0.5600961538461539 0.6237980769230769 0.03365384615384615 0.04567307692307692
0 0.5240384615384616 0.6237980769230769 0.04807692307692308 0.055288461538461536
0 0.49399038461538464 0.6550480769230769 0.03125 0.036057692307692304
0 0.5661057692307693 0.6983173076923077 0.055288461538461536 0.06009615384615385
0 0.5192307692307693 0.7235576923076923 0.052884615384615384 0.052884615384615384
0 0.4951923076923077 0.6983173076923077 0.03365384615384615 0.040865384615384616
0 0.46274038461538464 0.6838942307692307 0.03125 0.03125
0 0.43990384615384615 0.6790865384615384 0.038461538461538464 0.040865384615384616
0 0.4170673076923077 0.6502403846153846 0.026442307692307692 0.036057692307692304
0 0.4543269230769231 0.7632211538461539 0.038461538461538464 0.04567307692307692
0 0.48677884615384615 0.7415865384615384 0.026442307692307692 0.026442307692307692
0 0.36778846153846156 0.6310096153846154 0.03365384615384615 0.05048076923076923
0 0.37259615384615385 0.7788461538461539 0.057692307692307696 0.07692307692307693
0 0.28846153846153844 0.7463942307692307 0.04807692307692308 0.040865384615384616
0 0.3473557692307692 0.8233173076923077 0.03125 0.040865384615384616
0 0.3557692307692308 0.8725961538461539 0.03365384615384615 0.0673076923076923
0 0.23197115384615385 0.8149038461538461 0.06971153846153846 0.07692307692307693
0 0.19951923076923078 0.9014423076923077 0.04807692307692308 0.04807692307692308
0 0.14302884615384615 0.8966346153846154 0.03125 0.02403846153846154
0 0.16826923076923078 0.8918269230769231 0.02403846153846154 0.02403846153846154
0 0.15985576923076922 0.9375 0.026442307692307692 0.02403846153846154
0 0.12980769230769232 0.9663461538461539 0.052884615384615384 0.0625
0 0.07932692307692307 0.9819711538461539 0.038461538461538464 0.03125
0 0.06009615384615385 0.9387019230769231 0.019230769230769232 0.036057692307692304
0 0.2620192307692308 0.96875 0.038461538461538464 0.057692307692307696
0 0.6274038461538461 0.5036057692307693 0.019230769230769232 0.040865384615384616
0 0.6514423076923077 0.6466346153846154 0.038461538461538464 0.0625
0 0.6838942307692307 0.5853365384615384 0.040865384615384616 0.05048076923076923
0 0.7103365384615384 0.5408653846153846 0.036057692307692304 0.057692307692307696
0 0.7043269230769231 0.5096153846153846 0.019230769230769232 0.04807692307692308
0 0.75 0.46153846153846156 0.03365384615384615 0.08173076923076923
0 0.7956730769230769 0.46153846153846156 0.04326923076923077 0.07211538461538461
0 0.7692307692307693 0.5228365384615384 0.04326923076923077 0.06009615384615385
0 0.015625 0.11899038461538461 0.026442307692307692 0.036057692307692304
0 0.037259615384615384 0.11177884615384616 0.021634615384615384 0.040865384615384616
0 0.056490384615384616 0.09975961538461539 0.03125 0.03125
0 0.08052884615384616 0.08052884615384616 0.03125 0.040865384615384616
0 0.01201923076923077 0.042067307692307696 0.019230769230769232 0.036057692307692304
0 0.037259615384615384 0.042067307692307696 0.016826923076923076 0.036057692307692304
0 0.052884615384615384 0.040865384615384616 0.014423076923076924 0.04807692307692308
0 0.7632211538461539 0.5877403846153846 0.021634615384615384 0.04567307692307692
0 0.53125 0.3076923076923077 0.038461538461538464 0.07211538461538461
0 0.9146634615384616 0.6826923076923077 0.03125 0.052884615384615384
0 0.8846153846153846 0.7211538461538461 0.03365384615384615 0.057692307692307696
0 0.9134615384615384 0.7884615384615384 0.02403846153846154 0.04807692307692308
0 0.9447115384615384 0.8137019230769231 0.02403846153846154 0.036057692307692304
0 0.9627403846153846 0.8401442307692307 0.01201923076923077 0.036057692307692304
0 0.9867788461538461 0.78125 0.026442307692307692 0.052884615384615384
0 0.8088942307692307 0.8401442307692307 0.021634615384615384 0.04567307692307692
0 0.7716346153846154 0.8497596153846154 0.038461538461538464 0.036057692307692304
0 0.7956730769230769 0.8870192307692307 0.038461538461538464 0.014423076923076924
