0 0.13341346153846154 0.421875 0.2620192307692308 0.37740384615384615
0 0.18269230769230768 0.6310096153846154 0.28365384615384615 0.25721153846153844
0 0.22596153846153846 0.7115384615384616 0.2980769230769231 0.27884615384615385
0 0.39302884615384615 0.7560096153846154 0.040865384615384616 0.06490384615384616
0 0.4338942307692308 0.8028846153846154 0.03125 0.03365384615384615
0 0.4567307692307692 0.8629807692307693 0.04326923076923077 0.04326923076923077
0 0.703125 0.8413461538461539 0.036057692307692304 0.052884615384615384
0 0.3786057692307692 0.47596153846153844 0.25240384615384615 0.46153846153846156
0 0.43990384615384615 0.3798076923076923 0.23076923076923078 0.36538461538461536
0 0.46875 0.3329326923076923 0.23076923076923078 0.3485576923076923
0 0.6826923076923077 0.15504807692307693 0.1875 0.2956730769230769
0 0.6117788461538461 0.21995192307692307 0.19951923076923078 0.30528846153846156
0 0.5132211538461539 0.35216346153846156 0.5216346153846154 0.6899038461538461
2 0.8798076923076923 0.7740384615384616 0.2403846153846154 0.44711538461538464
