0 0.32572115384615385 0.6586538461538461 0.40625 0.6778846153846154
0 0.5733173076923077 0.8629807692307693 0.13221153846153846 0.2692307692307692
0 0.7223557692307693 0.9098557692307693 0.17067307692307693 0.17548076923076922
0 0.8894230769230769 0.9074519230769231 0.17307692307692307 0.18028846153846154
0 0.9855769230769231 0.9338942307692307 0.028846153846153848 0.12740384615384615
0 0.9411057692307693 0.7307692307692307 0.11778846153846154 0.28365384615384615
0 0.7896634615384616 0.7367788461538461 0.18509615384615385 0.2668269230769231
0 0.6526442307692307 0.7836538461538461 0.14182692307692307 0.1875
0 0.6045673076923077 0.5757211538461539 0.14182692307692307 0.2283653846153846
0 0.5564903846153846 0.6550480769230769 0.06490384615384616 0.17067307692307693
0 0.7512019230769231 0.5637019230769231 0.15144230769230768 0.22355769230769232
0 0.8954326923076923 0.5168269230769231 0.15625 0.2403846153846154
0 0.8329326923076923 0.3401442307692308 0.12740384615384615 0.18028846153846154
0 0.7800480769230769 0.24519230769230768 0.10817307692307693 0.14903846153846154
0 0.6887019230769231 0.1466346153846154 0.14182692307692307 0.19230769230769232
0 0.671875 0.046875 0.0985576923076923 0.0889423076923077
0 0.59375 0.06610576923076923 0.10096153846153846 0.12740384615384615
0 0.5216346153846154 0.11177884615384616 0.10576923076923077 0.13221153846153846
0 0.5901442307692307 0.18028846153846154 0.06971153846153846 0.125
0 0.6117788461538461 0.28365384615384615 0.11298076923076923 0.125
0 0.6610576923076923 0.4050480769230769 0.13942307692307693 0.18028846153846154
0 0.7259615384615384 0.35216346153846156 0.10096153846153846 0.2091346153846154
0 0.5480769230769231 0.390625 0.08653846153846154 0.14182692307692307
0 0.5096153846153846 0.46153846153846156 0.07692307692307693 0.17307692307692307
0 0.4495192307692308 0.34375 0.1346153846153846 0.125
0 0.5240384615384616 0.29447115384615385 0.04807692307692308 0.06009615384615385
0 0.49158653846153844 0.22596153846153846 0.11298076923076923 0.11057692307692307
0 0.3545673076923077 0.28966346153846156 0.0985576923076923 0.10336538461538461
0 0.4110576923076923 0.17427884615384615 0.1201923076923077 0.18990384615384615
0 0.453125 0.051682692307692304 0.10817307692307693 0.0985576923076923
0 0.3701923076923077 0.04326923076923077 0.057692307692307696 0.08173076923076923
0 0.34375 0.1141826923076923 0.08173076923076923 0.13701923076923078
0 0.30288461538461536 0.08173076923076923 0.052884615384615384 0.11538461538461539
0 0.2608173076923077 0.08533653846153846 0.06490384615384616 0.0985576923076923
0 0.17307692307692307 0.08413461538461539 0.07692307692307693 0.11057692307692307
0 0.16466346153846154 0.19110576923076922 0.06971153846153846 0.09375
0 0.2848557692307692 0.18269230769230768 0.08413461538461539 0.11057692307692307
0 0.26802884615384615 0.2644230769230769 0.0889423076923077 0.11057692307692307
0 0.21153846153846154 0.22596153846153846 0.0625 0.11057692307692307
0 0.19471153846153846 0.34375 0.07692307692307693 0.125
0 0.15504807692307693 0.2860576923076923 0.06490384615384616 0.0673076923076923
0 0.09735576923076923 0.3449519230769231 0.10817307692307693 0.13701923076923078
0 0.140625 0.4254807692307692 0.05048076923076923 0.038461538461538464
0 0.09735576923076923 0.47836538461538464 0.12259615384615384 0.1201923076923077
0 0.09495192307692307 0.5757211538461539 0.0985576923076923 0.10817307692307693
0 0.03365384615384615 0.7019230769230769 0.02403846153846154 0.052884615384615384
0 0.027644230769230768 0.038461538461538464 0.05048076923076923 0.07211538461538461
