0 0.06971153846153846 0.0889423076923077 0.1201923076923077 0.16826923076923078
0 0.22716346153846154 0.2127403846153846 0.3581730769230769 0.18990384615384615
0 0.4254807692307692 0.07932692307692307 0.36538461538461536 0.14423076923076922
0 0.6153846153846154 0.2283653846153846 0.38461538461538464 0.1971153846153846
0 0.8473557692307693 0.09375 0.30528846153846156 0.1778846153846154
0 0.8689903846153846 0.34134615384615385 0.2620192307692308 0.19230769230769232
0 0.7067307692307693 0.49278846153846156 0.35096153846153844 0.1778846153846154
0 0.375 0.4098557692307692 0.41346153846153844 0.19951923076923078
0 0.0889423076923077 0.46875 0.15865384615384615 0.24519230769230768
0 0.2283653846153846 0.5889423076923077 0.34134615384615385 0.1778846153846154
0 0.5625 0.6322115384615384 0.30288461538461536 0.14423076923076922
0 0.8557692307692307 0.8052884615384616 0.28846153846153844 0.17307692307692307
0 0.3076923076923077 0.7668269230769231 0.3701923076923077 0.1778846153846154
0 0.056490384615384616 0.6983173076923077 0.09375 0.17548076923076922
0 0.19831730769230768 0.9086538461538461 0.38221153846153844 0.18269230769230768
