0 0.9134615384615384 0.7536057692307693 0.057692307692307696 0.10336538461538461
0 0.8605769230769231 0.8317307692307693 0.0625 0.08173076923076923
0 0.8317307692307693 0.7848557692307693 0.0673076923076923 0.0985576923076923
0 0.7632211538461539 0.7596153846153846 0.12740384615384615 0.14903846153846154
0 0.7211538461538461 0.7728365384615384 0.0673076923076923 0.0985576923076923
0 0.7692307692307693 0.8894230769230769 0.11057692307692307 0.16346153846153846
0 0.8100961538461539 0.9098557692307693 0.07211538461538461 0.0985576923076923
0 0.875 0.8533653846153846 0.0673076923076923 0.15865384615384615
0 0.7956730769230769 0.9615384615384616 0.08653846153846154 0.07211538461538461
0 0.7355769230769231 0.9399038461538461 0.0625 0.11538461538461539
0 0.6754807692307693 0.875 0.08173076923076923 0.24519230769230768
0 0.6490384615384616 0.9350961538461539 0.057692307692307696 0.07211538461538461
0 0.5865384615384616 0.9326923076923077 0.1875 0.12980769230769232
0 0.5528846153846154 0.8894230769230769 0.14423076923076922 0.15384615384615385
0 0.5600961538461539 0.7956730769230769 0.11057692307692307 0.12980769230769232
0 0.5348557692307693 0.6826923076923077 0.10817307692307693 0.09134615384615384
0 0.5528846153846154 0.640625 0.07692307692307693 0.06009615384615385
0 0.47716346153846156 0.6153846153846154 0.12259615384615384 0.0673076923076923
0 0.375 0.5841346153846154 0.14423076923076922 0.07211538461538461
0 0.27163461538461536 0.59375 0.13942307692307693 0.1201923076923077
0 0.2247596153846154 0.7163461538461539 0.10817307692307693 0.16826923076923078
0 0.1778846153846154 0.6802884615384616 0.07211538461538461 0.08653846153846154
0 0.19471153846153846 0.8497596153846154 0.16826923076923078 0.2956730769230769
0 0.06129807692307692 0.7596153846153846 0.10817307692307693 0.08173076923076923
0 0.0625 0.890625 0.11057692307692307 0.18028846153846154
0 0.5504807692307693 0.8064903846153846 0.10096153846153846 0.14182692307692307
0 0.4375 0.7716346153846154 0.13942307692307693 0.14903846153846154
0 0.3425480769230769 0.8533653846153846 0.21394230769230768 0.28846153846153844
0 0.7091346153846154 0.6201923076923077 0.14423076923076922 0.1201923076923077
0 0.8028846153846154 0.6730769230769231 0.15384615384615385 0.125
0 0.6298076923076923 0.6466346153846154 0.14423076923076922 0.12980769230769232
0 0.65625 0.5504807692307693 0.07211538461538461 0.08653846153846154
0 0.5216346153846154 0.48197115384615385 0.057692307692307696 0.06009615384615385
0 0.49759615384615385 0.5336538461538461 0.1346153846153846 0.08653846153846154
0 0.3894230769230769 0.5264423076923077 0.19230769230769232 0.04326923076923077
0 0.5072115384615384 0.15144230769230768 0.15384615384615385 0.1875
0 0.2956730769230769 0.18990384615384615 0.3125 0.3076923076923077
0 0.30528846153846156 0.4206730769230769 0.19230769230769232 0.3125
0 0.42788461538461536 0.2764423076923077 0.1971153846153846 0.20673076923076922
0 0.4855769230769231 0.36177884615384615 0.1971153846153846 0.34375
0 0.5769230769230769 0.3161057692307692 0.07692307692307693 0.06009615384615385
0 0.6153846153846154 0.28365384615384615 0.07211538461538461 0.08173076923076923
0 0.5841346153846154 0.18269230769230768 0.08173076923076923 0.04326923076923077
0 0.5564903846153846 0.37740384615384615 0.06490384615384616 0.04807692307692308
0 0.7776442307692307 0.08173076923076923 0.10817307692307693 0.15865384615384615
0 0.6923076923076923 0.09134615384615384 0.07211538461538461 0.17307692307692307
0 0.6201923076923077 0.08774038461538461 0.10096153846153846 0.17067307692307693
0 0.052884615384615384 0.15625 0.09615384615384616 0.3076923076923077
0 0.14903846153846154 0.1310096153846154 0.14903846153846154 0.25721153846153844
0 0.2956730769230769 0.038461538461538464 0.20192307692307693 0.07211538461538461
