0 0.6105769230769231 0.6069711538461539 0.1346153846153846 0.10336538461538461
0 0.6153846153846154 0.5324519230769231 0.10576923076923077 0.10817307692307693
0 0.6225961538461539 0.7932692307692307 0.1201923076923077 0.15865384615384615
0 0.7139423076923077 0.7475961538461539 0.08653846153846154 0.1201923076923077
0 0.7932692307692307 0.7163461538461539 0.08173076923076923 0.09615384615384616
0 0.7908653846153846 0.7884615384615384 0.0625 0.057692307692307696
0 0.7283653846153846 0.6610576923076923 0.09134615384615384 0.0673076923076923
0 0.7956730769230769 0.6105769230769231 0.07211538461538461 0.09134615384615384
0 0.7211538461538461 0.5889423076923077 0.09134615384615384 0.08653846153846154
0 0.7932692307692307 0.5444711538461539 0.07211538461538461 0.10336538461538461
0 0.7139423076923077 0.4951923076923077 0.07692307692307693 0.08653846153846154
0 0.7992788461538461 0.4567307692307692 0.0889423076923077 0.09134615384615384
0 0.7824519230769231 0.3425480769230769 0.06971153846153846 0.11298076923076923
0 0.7548076923076923 0.2283653846153846 0.17307692307692307 0.23076923076923078
0 0.6466346153846154 0.18269230769230768 0.08653846153846154 0.14423076923076922
0 0.6334134615384616 0.30288461538461536 0.0889423076923077 0.09134615384615384
0 0.5600961538461539 0.3125 0.08653846153846154 0.09134615384615384
0 0.5649038461538461 0.19471153846153846 0.09615384615384616 0.14423076923076922
0 0.5504807692307693 0.3798076923076923 0.34615384615384615 0.07211538461538461
0 0.65625 0.4230769230769231 0.17307692307692307 0.1201923076923077
0 0.45552884615384615 0.45913461538461536 0.2283653846153846 0.07692307692307693
0 0.3581730769230769 0.49038461538461536 0.13942307692307693 0.07692307692307693
0 0.49038461538461536 0.5264423076923077 0.125 0.057692307692307696
0 0.40625 0.5612980769230769 0.21153846153846154 0.10817307692307693
0 0.4495192307692308 0.6105769230769231 0.15865384615384615 0.0625
0 0.3629807692307692 0.7788461538461539 0.0 0.004807692307692308
0 0.47716346153846156 0.7043269230769231 0.18509615384615385 0.28846153846153844
0 0.29086538461538464 0.6911057692307693 0.18269230769230768 0.25240384615384615
0 0.3581730769230769 0.3798076923076923 0.052884615384615384 0.08173076923076923
0 0.43509615384615385 0.3269230769230769 0.10096153846153846 0.1346153846153846
0 0.4519230769230769 0.21153846153846154 0.08173076923076923 0.13942307692307693
0 0.3786057692307692 0.19110576923076922 0.0889423076923077 0.10817307692307693
0 0.35096153846153844 0.23677884615384615 0.07692307692307693 0.10817307692307693
0 0.3701923076923077 0.3004807692307692 0.0625 0.09615384615384616
0 0.2764423076923077 0.38221153846153844 0.038461538461538464 0.0673076923076923
0 0.2824519230769231 0.296875 0.05048076923076923 0.10336538461538461
0 0.27163461538461536 0.18509615384615385 0.0673076923076923 0.09615384615384616
0 0.3269230769230769 0.18028846153846154 0.0625 0.08653846153846154
0 0.1875 0.4963942307692308 0.07211538461538461 0.7572115384615384
0 0.24278846153846154 0.4182692307692308 0.052884615384615384 0.49038461538461536
0 0.30288461538461536 0.43149038461538464 0.08173076923076923 0.3293269230769231
0 0.3245192307692308 0.6766826923076923 0.10576923076923077 0.18028846153846154
2 0.3701923076923077 0.28365384615384615 0.2932692307692308 0.33653846153846156
2 0.7596153846153846 0.625 0.16826923076923078 0.44711538461538464
