0 0.5012019230769231 0.5012019230769231 0.9975961538461539 0.9975961538461539
0 0.4807692307692308 0.8737980769230769 0.4567307692307692 0.24759615384615385
0 0.4807692307692308 0.7151442307692307 0.375 0.31971153846153844
0 0.65625 0.8305288461538461 0.14423076923076922 0.2620192307692308
0 0.3137019230769231 0.6490384615384616 0.18028846153846154 0.15384615384615385
0 0.4831730769230769 0.5685096153846154 0.25961538461538464 0.18990384615384615
0 0.37259615384615385 0.48197115384615385 0.1346153846153846 0.24278846153846154
0 0.30528846153846156 0.3762019230769231 0.1346153846153846 0.18509615384615385
0 0.38221153846153844 0.3088942307692308 0.14423076923076922 0.19951923076923078
0 0.36778846153846156 0.24879807692307693 0.17307692307692307 0.19471153846153846
0 0.8581730769230769 0.8485576923076923 0.28365384615384615 0.2980769230769231
0 0.9074519230769231 0.8846153846153846 0.18509615384615385 0.22596153846153846
0 0.7740384615384616 0.75 0.23076923076923078 0.3125
0 0.6418269230769231 0.6322115384615384 0.10576923076923077 0.15865384615384615
0 0.7271634615384616 0.6189903846153846 0.0889423076923077 0.11298076923076923
0 0.5853365384615384 0.5 0.13221153846153846 0.10096153846153846
0 0.6622596153846154 0.5336538461538461 0.04567307692307692 0.07692307692307693
0 0.5240384615384616 0.4266826923076923 0.12980769230769232 0.11778846153846154
0 0.49038461538461536 0.32572115384615385 0.11538461538461539 0.09375
0 0.47716346153846156 0.2692307692307692 0.04567307692307692 0.10096153846153846
0 0.5144230769230769 0.125 0.1201923076923077 0.17307692307692307
0 0.5637019230769231 0.21754807692307693 0.1466346153846154 0.17548076923076922
0 0.6526442307692307 0.3329326923076923 0.20432692307692307 0.21875
0 0.7512019230769231 0.4411057692307692 0.20432692307692307 0.25240384615384615
0 0.8918269230769231 0.5408653846153846 0.21153846153846154 0.24519230769230768
0 0.9423076923076923 0.6201923076923077 0.11538461538461539 0.21153846153846154
0 0.984375 0.7355769230769231 0.03125 0.07211538461538461
0 0.11899038461538461 0.8341346153846154 0.23317307692307693 0.1875
0 0.21033653846153846 0.9098557692307693 0.10817307692307693 0.17548076923076922
0 0.1346153846153846 0.96875 0.07692307692307693 0.057692307692307696
0 0.0985576923076923 0.9362980769230769 0.1778846153846154 0.12259615384615384
0 0.14543269230769232 0.7403846153846154 0.2764423076923077 0.5144230769230769
0 0.16346153846153846 0.5 0.3125 0.24519230769230768
0 0.14903846153846154 0.34975961538461536 0.15384615384615385 0.18990384615384615
0 0.21634615384615385 0.23317307692307693 0.11538461538461539 0.10096153846153846
0 0.2980769230769231 0.1778846153846154 0.09615384615384616 0.08173076923076923
0 0.34375 0.13221153846153846 0.10096153846153846 0.08173076923076923
0 0.4074519230769231 0.10336538461538461 0.06971153846153846 0.07692307692307693
0 0.4362980769230769 0.0673076923076923 0.05048076923076923 0.07692307692307693
0 0.05048076923076923 0.28725961538461536 0.09615384615384616 0.12740384615384615
0 0.15144230769230768 0.19951923076923078 0.10576923076923077 0.09615384615384616
0 0.23076923076923078 0.14903846153846154 0.125 0.08653846153846154
0 0.2692307692307692 0.08653846153846154 0.10096153846153846 0.09615384615384616
0 0.3112980769230769 0.054086538461538464 0.09375 0.10336538461538461
0 0.38100961538461536 0.028846153846153848 0.0889423076923077 0.052884615384615384
0 0.14903846153846154 0.10576923076923077 0.08653846153846154 0.08173076923076923
0 0.2439903846153846 0.057692307692307696 0.07932692307692307 0.07692307692307693
0 0.06009615384615385 0.2127403846153846 0.11538461538461539 0.11298076923076923
0 0.04567307692307692 0.08533653846153846 0.08653846153846154 0.15625
0 0.09254807692307693 0.040865384615384616 0.06490384615384616 0.07692307692307693
0 0.13341346153846154 0.03125 0.05048076923076923 0.057692307692307696
0 0.16706730769230768 0.020432692307692308 0.036057692307692304 0.036057692307692304
0 0.6322115384615384 0.15865384615384615 0.10096153846153846 0.09615384615384616
0 0.7151442307692307 0.21514423076923078 0.14182692307692307 0.12740384615384615
0 0.8653846153846154 0.31490384615384615 0.1875 0.10096153846153846
0 0.9230769230769231 0.39783653846153844 0.15384615384615385 0.06009615384615385
0 0.9519230769230769 0.2644230769230769 0.09615384615384616 0.10096153846153846
0 0.9711538461538461 0.33052884615384615 0.057692307692307696 0.09375
0 0.875 0.21033653846153846 0.08653846153846154 0.11778846153846154
0 0.8269230769230769 0.25841346153846156 0.07211538461538461 0.11298076923076923
0 0.8209134615384616 0.1814903846153846 0.08413461538461539 0.09375
0 0.8365384615384616 0.15144230769230768 0.052884615384615384 0.052884615384615384
0 0.7692307692307693 0.13701923076923078 0.07211538461538461 0.08173076923076923
0 0.7608173076923077 0.21394230769230768 0.06490384615384616 0.07211538461538461
0 0.7127403846153846 0.13701923076923078 0.06971153846153846 0.07211538461538461
0 0.6682692307692307 0.13341346153846154 0.04326923076923077 0.055288461538461536
0 0.65625 0.1045673076923077 0.057692307692307696 0.05048076923076923
0 0.5949519230769231 0.1141826923076923 0.06490384615384616 0.04567307692307692
0 0.8185096153846154 0.09975961538461539 0.07451923076923077 0.040865384615384616
0 0.9362980769230769 0.16706730769230768 0.12740384615384615 0.10336538461538461
0 0.9519230769230769 0.12860576923076922 0.09615384615384616 0.10817307692307693
0 0.8713942307692307 0.08413461538461539 0.13221153846153846 0.08173076923076923
0 0.7956730769230769 0.055288461538461536 0.11057692307692307 0.07211538461538461
0 0.7199519230769231 0.046875 0.12740384615384615 0.0889423076923077
0 0.6298076923076923 0.040865384615384616 0.1346153846153846 0.07692307692307693
0 0.8942307692307693 0.028846153846153848 0.09615384615384616 0.052884615384615384
0 0.9675480769230769 0.04807692307692308 0.06009615384615385 0.052884615384615384
