0 0.8088942307692307 0.15144230769230768 0.2668269230769231 0.28846153846153844
0 0.9567307692307693 0.09735576923076923 0.08653846153846154 0.18028846153846154
0 0.3786057692307692 0.1466346153846154 0.36778846153846156 0.27884615384615385
0 0.6298076923076923 0.03365384615384615 0.15865384615384615 0.052884615384615384
0 0.10096153846153846 0.03245192307692308 0.19230769230769232 0.055288461538461536
0 0.6754807692307693 0.5060096153846154 0.19230769230769232 0.25240384615384615
0 0.8245192307692307 0.5504807692307693 0.18269230769230768 0.21634615384615385
0 0.9326923076923077 0.42427884615384615 0.1346153846153846 0.24278846153846154
0 0.8725961538461539 0.28846153846153844 0.15384615384615385 0.22115384615384615
0 0.7019230769230769 0.2956730769230769 0.1778846153846154 0.20673076923076922
0 0.5745192307692307 0.28365384615384615 0.13942307692307693 0.22115384615384615
0 0.6454326923076923 0.09014423076923077 0.0889423076923077 0.10336538461538461
0 0.4831730769230769 0.4831730769230769 0.18269230769230768 0.23557692307692307
0 0.3858173076923077 0.3269230769230769 0.2091346153846154 0.16346153846153846
0 0.14543269230769232 0.2824519230769231 0.23317307692307693 0.3004807692307692
0 0.07091346153846154 0.11658653846153846 0.13221153846153846 0.14182692307692307
0 0.06850961538461539 0.5456730769230769 0.13221153846153846 0.21153846153846154
0 0.028846153846153848 0.3629807692307692 0.04807692307692308 0.15865384615384615
0 0.23076923076923078 0.48677884615384615 0.16346153846153846 0.17548076923076922
0 0.375 0.53125 0.1346153846153846 0.21153846153846154
0 0.45913461538461536 0.6550480769230769 0.08653846153846154 0.10817307692307693
0 0.5853365384615384 0.7055288461538461 0.18509615384615385 0.24278846153846154
0 0.6995192307692307 0.8401442307692307 0.1201923076923077 0.17067307692307693
0 0.8329326923076923 0.78125 0.18509615384615385 0.22596153846153846
0 0.7163461538461539 0.6959134615384616 0.07692307692307693 0.10817307692307693
0 0.9471153846153846 0.8461538461538461 0.10576923076923077 0.23076923076923078
0 0.9519230769230769 0.6442307692307693 0.09134615384615384 0.19230769230769232
0 0.7956730769230769 0.9362980769230769 0.12980769230769232 0.12740384615384615
0 0.9266826923076923 0.9567307692307693 0.15144230769230768 0.08653846153846154
0 0.65625 0.9543269230769231 0.1778846153846154 0.09615384615384616
0 0.5757211538461539 0.8870192307692307 0.0889423076923077 0.09615384615384616
0 0.48677884615384615 0.8269230769230769 0.15144230769230768 0.21634615384615385
0 0.47716346153846156 0.9567307692307693 0.19471153846153846 0.08653846153846154
0 0.31009615384615385 0.9771634615384616 0.19230769230769232 0.04567307692307692
0 0.32091346153846156 0.8485576923076923 0.18990384615384615 0.22596153846153846
0 0.20552884615384615 0.6995192307692307 0.20432692307692307 0.23557692307692307
0 0.3629807692307692 0.6790865384615384 0.1201923076923077 0.10336538461538461
0 0.057692307692307696 0.7776442307692307 0.10576923076923077 0.23317307692307693
0 0.09375 0.9158653846153846 0.1201923076923077 0.15384615384615385
0 0.1875 0.8882211538461539 0.13942307692307693 0.18028846153846154
