0 0.21514423076923078 0.9579326923076923 0.4014423076923077 0.08413461538461539
0 0.17307692307692307 0.8689903846153846 0.2932692307692308 0.1466346153846154
0 0.04567307692307692 0.9230769230769231 0.07211538461538461 0.13942307692307693
0 0.036057692307692304 0.75 0.052884615384615384 0.13942307692307693
0 0.29086538461538464 0.7884615384615384 0.5625 0.2548076923076923
0 0.47596153846153844 0.9495192307692307 0.16826923076923078 0.10096153846153846
0 0.6081730769230769 0.8629807692307693 0.19230769230769232 0.1778846153846154
0 0.6322115384615384 0.9675480769230769 0.2644230769230769 0.06490384615384616
0 0.7163461538461539 0.8461538461538461 0.22596153846153846 0.20673076923076922
0 0.8605769230769231 0.9290865384615384 0.27884615384615385 0.14182692307692307
0 0.8810096153846154 0.8064903846153846 0.23798076923076922 0.21875
0 0.5144230769230769 0.6081730769230769 0.7980769230769231 0.3173076923076923
0 0.19831730769230768 0.6177884615384616 0.37740384615384615 0.20673076923076922
0 0.13221153846153846 0.4362980769230769 0.24519230769230768 0.17548076923076922
0 0.38221153846153844 0.36778846153846156 0.5096153846153846 0.23557692307692307
0 0.8149038461538461 0.41346153846153844 0.3701923076923077 0.23076923076923078
0 0.8269230769230769 0.23918269230769232 0.34615384615384615 0.18509615384615385
0 0.4254807692307692 0.12259615384615384 0.5192307692307693 0.2403846153846154
0 0.2692307692307692 0.12860576923076922 0.5192307692307693 0.25240384615384615
0 0.7331730769230769 0.04567307692307692 0.25 0.08173076923076923
0 0.7932692307692307 0.1141826923076923 0.25 0.10336538461538461
0 0.7836538461538461 0.22115384615384615 0.24519230769230768 0.12980769230769232
0 0.8269230769230769 0.23557692307692307 0.34615384615384615 0.1875
0 0.9254807692307693 0.07211538461538461 0.14903846153846154 0.13942307692307693
