0 0.09134615384615384 0.07451923076923077 0.14423076923076922 0.12980769230769232
0 0.04567307692307692 0.09134615384615384 0.07692307692307693 0.16346153846153846
0 0.028846153846153848 0.24278846153846154 0.04326923076923077 0.1971153846153846
0 0.09254807692307693 0.2692307692307692 0.15625 0.24519230769230768
0 0.03125 0.4423076923076923 0.04807692307692308 0.15865384615384615
0 0.078125 0.6225961538461539 0.14182692307692307 0.2692307692307692
0 0.025240384615384616 0.7716346153846154 0.036057692307692304 0.11538461538461539
0 0.039663461538461536 0.8245192307692307 0.06490384615384616 0.14903846153846154
0 0.1201923076923077 0.7860576923076923 0.15384615384615385 0.21153846153846154
0 0.11899038461538461 0.9411057692307693 0.17067307692307693 0.11778846153846154
0 0.05048076923076923 0.9110576923076923 0.08173076923076923 0.0673076923076923
0 0.02403846153846154 0.9567307692307693 0.03365384615384615 0.09134615384615384
0 0.19471153846153846 0.8798076923076923 0.07692307692307693 0.09134615384615384
0 0.22596153846153846 0.9495192307692307 0.07211538461538461 0.10096153846153846
0 0.25721153846153844 0.765625 0.15384615384615385 0.22355769230769232
0 0.2512019230769231 0.5949519230769231 0.12740384615384615 0.18028846153846154
0 0.15504807692307693 0.5168269230769231 0.18509615384615385 0.27403846153846156
0 0.29086538461538464 0.4519230769230769 0.09615384615384616 0.11057692307692307
0 0.2283653846153846 0.3173076923076923 0.12980769230769232 0.23557692307692307
0 0.18269230769230768 0.13701923076923078 0.09134615384615384 0.14903846153846154
0 0.0889423076923077 0.07451923076923077 0.16346153846153846 0.12980769230769232
0 0.21394230769230768 0.04567307692307692 0.13942307692307693 0.07692307692307693
0 0.3076923076923077 0.13581730769230768 0.16346153846153846 0.25721153846153844
0 0.3894230769230769 0.34375 0.1971153846153846 0.20192307692307693
0 0.40384615384615385 0.23317307692307693 0.16346153846153846 0.2403846153846154
0 0.4831730769230769 0.08413461538461539 0.16826923076923078 0.15384615384615385
0 0.5576923076923077 0.2403846153846154 0.14903846153846154 0.3317307692307692
0 0.5480769230769231 0.3605769230769231 0.14423076923076922 0.14903846153846154
0 0.43509615384615385 0.5204326923076923 0.1778846153846154 0.25721153846153844
0 0.33653846153846156 0.5649038461538461 0.1346153846153846 0.23076923076923078
0 0.2403846153846154 0.5793269230769231 0.08653846153846154 0.15865384615384615
0 0.43509615384615385 0.6730769230769231 0.09615384615384616 0.07211538461538461
0 0.40865384615384615 0.7992788461538461 0.14903846153846154 0.25721153846153844
0 0.3076923076923077 0.9074519230769231 0.15384615384615385 0.18509615384615385
0 0.3894230769230769 0.9675480769230769 0.07692307692307693 0.06490384615384616
0 0.49278846153846156 0.921875 0.16346153846153846 0.15625
0 0.5625 0.7836538461538461 0.17307692307692307 0.20673076923076922
0 0.6165865384615384 0.9603365384615384 0.11778846153846154 0.07932692307692307
0 0.6742788461538461 0.8521634615384616 0.14182692307692307 0.22355769230769232
0 0.7548076923076923 0.7908653846153846 0.15865384615384615 0.23076923076923078
0 0.6899038461538461 0.6418269230769231 0.11538461538461539 0.17307692307692307
0 0.6237980769230769 0.45913461538461536 0.17067307692307693 0.2692307692307692
0 0.7259615384615384 0.38221153846153844 0.1778846153846154 0.24519230769230768
0 0.7740384615384616 0.26322115384615385 0.17307692307692307 0.25721153846153844
0 0.6850961538461539 0.14423076923076922 0.16346153846153846 0.23076923076923078
0 0.7800480769230769 0.06971153846153846 0.21875 0.1201923076923077
0 0.6237980769230769 0.03125 0.08413461538461539 0.04326923076923077
0 0.9074519230769231 0.14783653846153846 0.15625 0.22355769230769232
0 0.9423076923076923 0.05048076923076923 0.11057692307692307 0.08173076923076923
0 0.9795673076923077 0.20673076923076922 0.040865384615384616 0.14903846153846154
0 0.9098557692307693 0.390625 0.18028846153846154 0.3293269230769231
0 0.8293269230769231 0.5817307692307693 0.18269230769230768 0.2403846153846154
0 0.8822115384615384 0.875 0.1778846153846154 0.24519230769230768
0 0.9519230769230769 0.6742788461538461 0.09615384615384616 0.24278846153846154
0 0.8822115384615384 0.7043269230769231 0.04326923076923077 0.09134615384615384
0 0.953125 0.9206730769230769 0.09375 0.15865384615384615
0 0.8293269230769231 0.9759615384615384 0.16826923076923078 0.052884615384615384
0 0.7836538461538461 0.9242788461538461 0.08173076923076923 0.10336538461538461
0 0.7235576923076923 0.9867788461538461 0.07692307692307693 0.026442307692307692
0 0.5024038461538461 0.5036057692307693 0.9951923076923077 0.9927884615384616
