0 0.828125 0.9711538461538461 0.12740384615384615 0.052884615384615384
0 0.8834134615384616 0.9483173076923077 0.09375 0.0985576923076923
0 0.9495192307692307 0.9711538461538461 0.07211538461538461 0.052884615384615384
0 0.9206730769230769 0.9110576923076923 0.15865384615384615 0.17307692307692307
0 0.9711538461538461 0.8990384615384616 0.057692307692307696 0.1201923076923077
0 0.96875 0.8245192307692307 0.0625 0.08173076923076923
0 0.9266826923076923 0.8137019230769231 0.036057692307692304 0.06009615384615385
0 0.9387019230769231 0.7487980769230769 0.06490384615384616 0.06009615384615385
0 0.9855769230769231 0.6418269230769231 0.02403846153846154 0.0673076923076923
0 0.8173076923076923 0.7908653846153846 0.09615384615384616 0.15384615384615385
0 0.7884615384615384 0.890625 0.07692307692307693 0.10336538461538461
0 0.7211538461538461 0.78125 0.10096153846153846 0.16826923076923078
0 0.6262019230769231 0.9615384615384616 0.12259615384615384 0.07211538461538461
0 0.6995192307692307 0.9591346153846154 0.0625 0.07692307692307693
0 0.8737980769230769 0.41225961538461536 0.21394230769230768 0.21875
0 0.8990384615384616 0.3125 0.1778846153846154 0.09134615384615384
0 0.9675480769230769 0.40625 0.06490384615384616 0.1875
0 0.7355769230769231 0.39663461538461536 0.038461538461538464 0.04326923076923077
0 0.7548076923076923 0.41346153846153844 0.038461538461538464 0.052884615384615384
0 0.7884615384615384 0.40024038461538464 0.02403846153846154 0.016826923076923076
0 0.7932692307692307 0.43990384615384615 0.04326923076923077 0.04326923076923077
0 0.8245192307692307 0.4206730769230769 0.03365384615384615 0.038461538461538464
0 0.828125 0.4639423076923077 0.05048076923076923 0.038461538461538464
0 0.8569711538461539 0.4423076923076923 0.036057692307692304 0.038461538461538464
0 0.8954326923076923 0.4639423076923077 0.036057692307692304 0.038461538461538464
0 0.8701923076923077 0.5048076923076923 0.038461538461538464 0.052884615384615384
0 0.9038461538461539 0.5192307692307693 0.03365384615384615 0.04807692307692308
0 0.9266826923076923 0.5120192307692307 0.036057692307692304 0.04326923076923077
0 0.6778846153846154 0.421875 0.04807692307692308 0.06009615384615385
0 0.7247596153846154 0.44471153846153844 0.05048076923076923 0.04326923076923077
0 0.7548076923076923 0.47596153846153844 0.052884615384615384 0.04807692307692308
0 0.8209134615384616 0.5048076923076923 0.05048076923076923 0.07692307692307693
0 0.8269230769230769 0.5685096153846154 0.0625 0.06009615384615385
0 0.7836538461538461 0.5336538461538461 0.04807692307692308 0.0673076923076923
0 0.7403846153846154 0.5697115384615384 0.04807692307692308 0.038461538461538464
0 0.78125 0.6033653846153846 0.057692307692307696 0.04326923076923077
0 0.7271634615384616 0.5120192307692307 0.06490384615384616 0.0673076923076923
0 0.6899038461538461 0.4807692307692308 0.052884615384615384 0.07211538461538461
0 0.6394230769230769 0.46634615384615385 0.052884615384615384 0.07692307692307693
0 0.9543269230769231 0.2439903846153846 0.09134615384615384 0.0985576923076923
0 0.5841346153846154 0.5817307692307693 0.27884615384615385 0.23076923076923078
0 0.4519230769230769 0.5721153846153846 0.057692307692307696 0.11057692307692307
0 0.4855769230769231 0.5841346153846154 0.038461538461538464 0.09134615384615384
0 0.5048076923076923 0.5829326923076923 0.02403846153846154 0.021634615384615384
0 0.4266826923076923 0.5769230769230769 0.06490384615384616 0.11057692307692307
0 0.4543269230769231 0.5817307692307693 0.038461538461538464 0.07692307692307693
0 0.4182692307692308 0.5925480769230769 0.0673076923076923 0.14182692307692307
0 0.4098557692307692 0.6033653846153846 0.07932692307692307 0.12980769230769232
0 0.3894230769230769 0.6069711538461539 0.0673076923076923 0.13701923076923078
0 0.3605769230769231 0.6105769230769231 0.04807692307692308 0.1201923076923077
0 0.3317307692307692 0.5817307692307693 0.03365384615384615 0.052884615384615384
0 0.5745192307692307 0.6706730769230769 0.07692307692307693 0.08653846153846154
0 0.5697115384615384 0.6778846153846154 0.11057692307692307 0.11538461538461539
0 0.5144230769230769 0.6754807692307693 0.07211538461538461 0.11057692307692307
0 0.5817307692307693 0.7235576923076923 0.052884615384615384 0.04326923076923077
0 0.5 0.6766826923076923 0.07211538461538461 0.10336538461538461
0 0.47836538461538464 0.6959134615384616 0.08653846153846154 0.0985576923076923
0 0.5625 0.75 0.10576923076923077 0.04807692307692308
0 0.5528846153846154 0.7596153846153846 0.10576923076923077 0.038461538461538464
0 0.4495192307692308 0.7151442307692307 0.10096153846153846 0.10336538461538461
0 0.43149038461538464 0.7367788461538461 0.12740384615384615 0.13701923076923078
0 0.5060096153846154 0.7908653846153846 0.06490384615384616 0.052884615384615384
0 0.29086538461538464 0.6009615384615384 0.0673076923076923 0.038461538461538464
0 0.2956730769230769 0.6538461538461539 0.0673076923076923 0.08653846153846154
0 0.34615384615384615 0.65625 0.04807692307692308 0.09134615384615384
0 0.3245192307692308 0.6971153846153846 0.038461538461538464 0.03365384615384615
0 0.38221153846153844 0.7463942307692307 0.038461538461538464 0.0985576923076923
0 0.41225961538461536 0.7620192307692307 0.036057692307692304 0.0673076923076923
0 0.4206730769230769 0.8341346153846154 0.04326923076923077 0.0673076923076923
0 0.4483173076923077 0.8293269230769231 0.021634615384615384 0.03365384615384615
0 0.38461538461538464 0.84375 0.057692307692307696 0.0673076923076923
0 0.3605769230769231 0.8798076923076923 0.038461538461538464 0.04807692307692308
0 0.33653846153846156 0.8509615384615384 0.04326923076923077 0.052884615384615384
0 0.2920673076923077 0.8341346153846154 0.05048076923076923 0.07692307692307693
0 0.34615384615384615 0.9242788461538461 0.07211538461538461 0.06009615384615385
0 0.28125 0.7836538461538461 0.09615384615384616 0.07692307692307693
0 0.29927884615384615 0.7355769230769231 0.05048076923076923 0.052884615384615384
0 0.22115384615384615 0.6814903846153846 0.14423076923076922 0.14182692307692307
0 0.23317307692307693 0.6298076923076923 0.0625 0.07211538461538461
0 0.22115384615384615 0.7439903846153846 0.0625 0.06009615384615385
0 0.20192307692307693 0.7692307692307693 0.22596153846153846 0.27403846153846156
0 0.20673076923076922 0.8173076923076923 0.17307692307692307 0.2403846153846154
0 0.24879807692307693 0.9074519230769231 0.05048076923076923 0.10336538461538461
0 0.2283653846153846 0.8858173076923077 0.07211538461538461 0.13701923076923078
0 0.13822115384615385 0.8605769230769231 0.27163461538461536 0.27403846153846156
0 0.9747596153846154 0.15985576923076922 0.05048076923076923 0.06009615384615385
0 0.038461538461538464 0.5432692307692307 0.04326923076923077 0.0673076923076923
0 0.016826923076923076 0.5024038461538461 0.028846153846153848 0.09134615384615384
0 0.013221153846153846 0.5697115384615384 0.021634615384615384 0.04807692307692308
0 0.052884615384615384 0.17307692307692307 0.052884615384615384 0.08653846153846154
0 0.019230769230769232 0.18269230769230768 0.03365384615384615 0.08653846153846154
0 0.020432692307692308 0.11057692307692307 0.036057692307692304 0.09134615384615384
0 0.03245192307692308 0.06971153846153846 0.036057692307692304 0.04326923076923077
0 0.06971153846153846 0.0625 0.038461538461538464 0.07692307692307693
0 0.10697115384615384 0.052884615384615384 0.036057692307692304 0.07692307692307693
0 0.13341346153846154 0.057692307692307696 0.021634615384615384 0.03365384615384615
0 0.1622596153846154 0.054086538461538464 0.036057692307692304 0.06009615384615385
0 0.18389423076923078 0.07211538461538461 0.021634615384615384 0.038461538461538464
0 0.19951923076923078 0.1045673076923077 0.03365384615384615 0.06009615384615385
0 0.1346153846153846 0.12259615384615384 0.03365384615384615 0.0673076923076923
0 0.16947115384615385 0.11778846153846154 0.036057692307692304 0.052884615384615384
0 0.20192307692307693 0.15865384615384615 0.04326923076923077 0.04807692307692308
0 0.2283653846153846 0.15384615384615385 0.03365384615384615 0.04807692307692308
0 0.16346153846153846 0.1658653846153846 0.03365384615384615 0.04326923076923077
0 0.12740384615384615 0.17307692307692307 0.038461538461538464 0.03365384615384615
0 0.10336538461538461 0.15384615384615385 0.038461538461538464 0.04807692307692308
0 0.06971153846153846 0.11778846153846154 0.04807692307692308 0.04326923076923077
0 0.10576923076923077 0.11057692307692307 0.02403846153846154 0.028846153846153848
0 0.7620192307692307 0.234375 0.03365384615384615 0.06009615384615385
0 0.78125 0.27283653846153844 0.02403846153846154 0.016826923076923076
0 0.7620192307692307 0.27403846153846156 0.019230769230769232 0.028846153846153848
0 0.7391826923076923 0.27403846153846156 0.021634615384615384 0.028846153846153848
0 0.7283653846153846 0.23076923076923078 0.028846153846153848 0.04807692307692308
0 0.75 0.23557692307692307 0.014423076923076924 0.038461538461538464
0 0.7355769230769231 0.19230769230769232 0.028846153846153848 0.028846153846153848
0 0.7067307692307693 0.20192307692307693 0.019230769230769232 0.028846153846153848
0 0.7067307692307693 0.17668269230769232 0.028846153846153848 0.021634615384615384
0 0.6826923076923077 0.1971153846153846 0.03365384615384615 0.038461538461538464
0 0.6730769230769231 0.1658653846153846 0.028846153846153848 0.03365384615384615
0 0.6850961538461539 0.25721153846153844 0.0673076923076923 0.08173076923076923
0 0.6382211538461539 0.29447115384615385 0.07932692307692307 0.10336538461538461
0 0.5408653846153846 0.2920673076923077 0.09134615384615384 0.0985576923076923
0 0.5600961538461539 0.17427884615384615 0.09134615384615384 0.10336538461538461
0 0.6213942307692307 0.18629807692307693 0.06490384615384616 0.10336538461538461
0 0.47836538461538464 0.22115384615384615 0.07692307692307693 0.11057692307692307
0 0.12980769230769232 0.4254807692307692 0.2548076923076923 0.23557692307692307
0 0.19230769230769232 0.32572115384615385 0.07211538461538461 0.0985576923076923
0 0.25961538461538464 0.3798076923076923 0.0673076923076923 0.08653846153846154
0 0.29086538461538464 0.43990384615384615 0.0673076923076923 0.0673076923076923
0 0.31009615384615385 0.3701923076923077 0.052884615384615384 0.07692307692307693
0 0.3485576923076923 0.3605769230769231 0.03365384615384615 0.07211538461538461
0 0.3918269230769231 0.36658653846153844 0.0625 0.06009615384615385
0 0.3918269230769231 0.41346153846153844 0.04807692307692308 0.052884615384615384
0 0.3485576923076923 0.43028846153846156 0.0625 0.052884615384615384
0 0.3605769230769231 0.2644230769230769 0.0625 0.1201923076923077
0 0.4206730769230769 0.2644230769230769 0.04326923076923077 0.052884615384615384
0 0.4050480769230769 0.30528846153846156 0.021634615384615384 0.04807692307692308
0 0.42788461538461536 0.30288461538461536 0.028846153846153848 0.0673076923076923
0 0.4675480769230769 0.28365384615384615 0.06490384615384616 0.04807692307692308
0 0.46634615384615385 0.3233173076923077 0.057692307692307696 0.06009615384615385
0 0.4423076923076923 0.3581730769230769 0.02403846153846154 0.0673076923076923
0 0.46875 0.3629807692307692 0.03365384615384615 0.03365384615384615
0 0.47596153846153844 0.39663461538461536 0.03365384615384615 0.04326923076923077
0 0.4567307692307692 0.4014423076923077 0.028846153846153848 0.04326923076923077
0 0.5120192307692307 0.37259615384615385 0.038461538461538464 0.04807692307692308
0 0.5336538461538461 0.3605769230769231 0.03365384615384615 0.028846153846153848
0 0.22355769230769232 0.27884615384615385 0.04326923076923077 0.038461538461538464
0 0.2668269230769231 0.27163461538461536 0.038461538461538464 0.04326923076923077
0 0.29086538461538464 0.25961538461538464 0.019230769230769232 0.03365384615384615
0 0.23317307692307693 0.31971153846153844 0.03365384615384615 0.04326923076923077
0 0.26322115384615385 0.30528846153846156 0.036057692307692304 0.038461538461538464
0 0.30288461538461536 0.3004807692307692 0.038461538461538464 0.028846153846153848
0 0.28125 0.31971153846153844 0.02403846153846154 0.03365384615384615
0 0.6201923076923077 0.1201923076923077 0.038461538461538464 0.038461538461538464
0 0.65625 0.125 0.04326923076923077 0.04807692307692308
0 0.6838942307692307 0.12139423076923077 0.021634615384615384 0.06009615384615385
0 0.7115384615384616 0.14423076923076922 0.02403846153846154 0.052884615384615384
0 0.7355769230769231 0.12980769230769232 0.028846153846153848 0.04326923076923077
0 0.75 0.1658653846153846 0.028846153846153848 0.052884615384615384
0 0.7307692307692307 0.17307692307692307 0.028846153846153848 0.03365384615384615
0 0.7620192307692307 0.11538461538461539 0.02403846153846154 0.028846153846153848
0 0.7776442307692307 0.16466346153846154 0.036057692307692304 0.06009615384615385
0 0.8052884615384616 0.15625 0.02403846153846154 0.04326923076923077
0 0.8112980769230769 0.19471153846153846 0.036057692307692304 0.04326923076923077
0 0.8413461538461539 0.19230769230769232 0.019230769230769232 0.038461538461538464
0 0.8605769230769231 0.22355769230769232 0.019230769230769232 0.038461538461538464
0 0.8401442307692307 0.23076923076923078 0.021634615384615384 0.038461538461538464
0 0.8112980769230769 0.23317307692307693 0.036057692307692304 0.03365384615384615
0 0.7836538461538461 0.21153846153846154 0.02403846153846154 0.04326923076923077
0 0.9423076923076923 0.125 0.028846153846153848 0.04807692307692308
0 0.9831730769230769 0.09134615384615384 0.03365384615384615 0.08653846153846154
0 0.9459134615384616 0.057692307692307696 0.05048076923076923 0.11057692307692307
0 0.9278846153846154 0.06610576923076923 0.038461538461538464 0.10336538461538461
0 0.8918269230769231 0.12259615384615384 0.028846153846153848 0.03365384615384615
0 0.8533653846153846 0.1045673076923077 0.028846153846153848 0.016826923076923076
0 0.8701923076923077 0.125 0.02403846153846154 0.038461538461538464
0 0.9134615384615384 0.125 0.019230769230769232 0.028846153846153848
0 0.9206730769230769 0.17067307692307693 0.014423076923076924 0.038461538461538464
0 0.9350961538461539 0.1778846153846154 0.019230769230769232 0.04326923076923077
0 0.8942307692307693 0.1622596153846154 0.028846153846153848 0.021634615384615384
0 0.8966346153846154 0.21634615384615385 0.038461538461538464 0.04326923076923077
0 0.8846153846153846 0.19230769230769232 0.04326923076923077 0.04807692307692308
0 0.8545673076923077 0.12620192307692307 0.05048076923076923 0.06009615384615385
0 0.8557692307692307 0.016826923076923076 0.0625 0.028846153846153848
0 0.7860576923076923 0.02403846153846154 0.08653846153846154 0.04326923076923077
0 0.7391826923076923 0.05048076923076923 0.021634615384615384 0.028846153846153848
0 0.7139423076923077 0.016826923076923076 0.057692307692307696 0.028846153846153848
0 0.6802884615384616 0.016826923076923076 0.02403846153846154 0.028846153846153848
0 0.6742788461538461 0.052884615384615384 0.036057692307692304 0.03365384615384615
0 0.703125 0.04567307692307692 0.021634615384615384 0.03365384615384615
0 0.7163461538461539 0.05048076923076923 0.014423076923076924 0.038461538461538464
0 0.6514423076923077 0.021634615384615384 0.04326923076923077 0.038461538461538464
0 0.6105769230769231 0.019230769230769232 0.04807692307692308 0.03365384615384615
0 0.6322115384615384 0.06009615384615385 0.04807692307692308 0.04807692307692308
0 0.5913461538461539 0.06009615384615385 0.04807692307692308 0.04807692307692308
0 0.5625 0.027644230769230768 0.057692307692307696 0.05048076923076923
0 0.5408653846153846 0.06490384615384616 0.04807692307692308 0.09134615384615384
0 0.5096153846153846 0.03125 0.0625 0.052884615384615384
0 0.49278846153846156 0.07692307692307693 0.04807692307692308 0.08173076923076923
0 0.44711538461538464 0.08653846153846154 0.052884615384615384 0.07211538461538461
0 0.45552884615384615 0.03125 0.05048076923076923 0.052884615384615384
0 0.4014423076923077 0.057692307692307696 0.057692307692307696 0.07692307692307693
0 0.40865384615384615 0.02403846153846154 0.04326923076923077 0.04326923076923077
0 0.3485576923076923 0.027644230769230768 0.07692307692307693 0.05048076923076923
0 0.38341346153846156 0.0985576923076923 0.06490384615384616 0.07211538461538461
0 0.3389423076923077 0.10336538461538461 0.057692307692307696 0.07211538461538461
0 0.28846153846153844 0.12139423076923077 0.0673076923076923 0.06009615384615385
0 0.24759615384615385 0.09375 0.04807692307692308 0.04807692307692308
0 0.20673076923076922 0.057692307692307696 0.03365384615384615 0.03365384615384615
0 0.24278846153846154 0.036057692307692304 0.0625 0.0673076923076923
0 0.28966346153846156 0.057692307692307696 0.06490384615384616 0.07692307692307693
0 0.2980769230769231 0.013221153846153846 0.04807692307692308 0.021634615384615384
0 0.1971153846153846 0.02403846153846154 0.038461538461538464 0.04326923076923077
0 0.12620192307692307 0.016826923076923076 0.10336538461538461 0.028846153846153848
