0 0.078125 0.040865384615384616 0.15144230769230768 0.07692307692307693
0 0.039663461538461536 0.12860576923076922 0.07451923076923077 0.0889423076923077
0 0.11899038461538461 0.1141826923076923 0.10817307692307693 0.10817307692307693
0 0.18389423076923078 0.09975961538461539 0.055288461538461536 0.05048076923076923
0 0.21634615384615385 0.0625 0.0673076923076923 0.1201923076923077
0 0.27884615384615385 0.05889423076923077 0.10576923076923077 0.11298076923076923
0 0.27403846153846156 0.125 0.0673076923076923 0.07692307692307693
0 0.21634615384615385 0.15745192307692307 0.07692307692307693 0.10336538461538461
0 0.33653846153846156 0.06370192307692307 0.057692307692307696 0.06009615384615385
0 0.36538461538461536 0.026442307692307692 0.0625 0.04807692307692308
0 0.38221153846153844 0.06971153846153846 0.03365384615384615 0.052884615384615384
0 0.36899038461538464 0.11778846153846154 0.04567307692307692 0.057692307692307696
0 0.4170673076923077 0.11538461538461539 0.05048076923076923 0.052884615384615384
0 0.4699519230769231 0.07692307692307693 0.13221153846153846 0.14903846153846154
0 0.5540865384615384 0.11057692307692307 0.055288461538461536 0.07211538461538461
0 0.5576923076923077 0.036057692307692304 0.057692307692307696 0.0673076923076923
0 0.6033653846153846 0.07211538461538461 0.04326923076923077 0.13942307692307693
0 0.6838942307692307 0.14903846153846154 0.17548076923076922 0.07692307692307693
0 0.5504807692307693 0.17307692307692307 0.09134615384615384 0.08173076923076923
0 0.6598557692307693 0.02283653846153846 0.06971153846153846 0.040865384615384616
0 0.6971153846153846 0.07692307692307693 0.1346153846153846 0.09615384615384616
0 0.7475961538461539 0.028846153846153848 0.11057692307692307 0.052884615384615384
0 0.7920673076923077 0.12620192307692307 0.06490384615384616 0.15625
0 0.8353365384615384 0.07211538461538461 0.0889423076923077 0.13942307692307693
0 0.9362980769230769 0.07692307692307693 0.12259615384615384 0.14903846153846154
0 0.9459134615384616 0.3173076923076923 0.10336538461538461 0.23557692307692307
0 0.8810096153846154 0.24879807692307693 0.07932692307692307 0.10817307692307693
0 0.8052884615384616 0.3137019230769231 0.1778846153846154 0.24278846153846154
0 0.6742788461538461 0.27884615384615385 0.13221153846153846 0.13942307692307693
0 0.6586538461538461 0.38100961538461536 0.09134615384615384 0.11778846153846154
0 0.7223557692307693 0.41225961538461536 0.07932692307692307 0.0889423076923077
0 0.5192307692307693 0.3269230769230769 0.1971153846153846 0.23557692307692307
0 0.4014423076923077 0.33533653846153844 0.08173076923076923 0.18990384615384615
0 0.2644230769230769 0.2860576923076923 0.09615384615384616 0.1346153846153846
0 0.33052884615384615 0.28725961538461536 0.06009615384615385 0.11298076923076923
0 0.1875 0.24759615384615385 0.0625 0.07692307692307693
0 0.21875 0.3245192307692308 0.052884615384615384 0.08653846153846154
0 0.1875 0.3581730769230769 0.04807692307692308 0.0625
0 0.16706730769230768 0.4074519230769231 0.05048076923076923 0.055288461538461536
0 0.23197115384615385 0.41466346153846156 0.07451923076923077 0.06009615384615385
0 0.30408653846153844 0.39663461538461536 0.1466346153846154 0.1201923076923077
0 0.12860576923076922 0.29927884615384615 0.0889423076923077 0.12740384615384615
0 0.07932692307692307 0.3112980769230769 0.09134615384615384 0.17548076923076922
0 0.0889423076923077 0.4230769230769231 0.11057692307692307 0.12980769230769232
0 0.0829326923076923 0.4891826923076923 0.04567307692307692 0.04567307692307692
0 0.03125 0.33774038461538464 0.057692307692307696 0.24759615384615385
0 0.07211538461538461 0.6105769230769231 0.13942307692307693 0.21634615384615385
0 0.14543269230769232 0.5456730769230769 0.17067307692307693 0.07692307692307693
0 0.234375 0.5516826923076923 0.22355769230769232 0.12740384615384615
0 0.24158653846153846 0.6490384615384616 0.06971153846153846 0.14903846153846154
0 0.28846153846153844 0.6622596153846154 0.07692307692307693 0.19471153846153846
0 0.34975961538461536 0.6213942307692307 0.0889423076923077 0.23798076923076922
0 0.13221153846153846 0.6694711538461539 0.10576923076923077 0.12740384615384615
0 0.3870192307692308 0.5192307692307693 0.1201923076923077 0.07211538461538461
0 0.3918269230769231 0.6057692307692307 0.09134615384615384 0.22596153846153846
0 0.5084134615384616 0.5637019230769231 0.1466346153846154 0.15625
0 0.49278846153846156 0.6670673076923077 0.11538461538461539 0.10336538461538461
0 0.5901442307692307 0.6646634615384616 0.10817307692307693 0.10817307692307693
0 0.6610576923076923 0.5588942307692307 0.18269230769230768 0.15625
0 0.6826923076923077 0.6622596153846154 0.11538461538461539 0.10336538461538461
0 0.78125 0.5817307692307693 0.1201923076923077 0.23076923076923078
0 0.8677884615384616 0.5877403846153846 0.12980769230769232 0.23317307692307693
0 0.9519230769230769 0.5901442307692307 0.09615384615384616 0.23798076923076922
0 0.9711538461538461 0.6442307692307693 0.057692307692307696 0.12980769230769232
0 0.9747596153846154 0.8353365384615384 0.05048076923076923 0.12740384615384615
0 0.9483173076923077 0.9122596153846154 0.06971153846153846 0.17067307692307693
0 0.8677884615384616 0.8221153846153846 0.07692307692307693 0.09134615384615384
0 0.921875 0.9254807692307693 0.09375 0.14423076923076922
0 0.8617788461538461 0.9254807692307693 0.07932692307692307 0.14423076923076922
0 0.7848557692307693 0.7956730769230769 0.10336538461538461 0.1346153846153846
0 0.8125 0.9230769230769231 0.09615384615384616 0.14903846153846154
0 0.6802884615384616 0.8425480769230769 0.08173076923076923 0.10336538461538461
0 0.7055288461538461 0.9098557692307693 0.08413461538461539 0.08413461538461539
0 0.6646634615384616 0.9411057692307693 0.15144230769230768 0.11298076923076923
0 0.5985576923076923 0.8040865384615384 0.1201923076923077 0.10817307692307693
0 0.5889423076923077 0.8653846153846154 0.15384615384615385 0.08653846153846154
0 0.5721153846153846 0.9507211538461539 0.08173076923076923 0.09375
0 0.4951923076923077 0.8473557692307693 0.07211538461538461 0.17548076923076922
0 0.4795673076923077 0.9555288461538461 0.07451923076923077 0.08413461538461539
0 0.4266826923076923 0.9050480769230769 0.0889423076923077 0.18509615384615385
0 0.4579326923076923 0.8401442307692307 0.09375 0.16105769230769232
0 0.38221153846153844 0.8137019230769231 0.07692307692307693 0.11778846153846154
0 0.375 0.8810096153846154 0.09615384615384616 0.23317307692307693
0 0.328125 0.8810096153846154 0.11298076923076923 0.23317307692307693
0 0.2980769230769231 0.9350961538461539 0.04326923076923077 0.125
0 0.2512019230769231 0.8918269230769231 0.07451923076923077 0.21153846153846154
0 0.22235576923076922 0.8918269230769231 0.08413461538461539 0.21153846153846154
0 0.05048076923076923 0.9411057692307693 0.09615384615384616 0.11298076923076923
0 0.08173076923076923 0.8353365384615384 0.14423076923076922 0.11778846153846154
0 0.0985576923076923 0.9326923076923077 0.0625 0.12980769230769232
0 0.1658653846153846 0.9411057692307693 0.11538461538461539 0.11298076923076923
0 0.17067307692307693 0.8353365384615384 0.09615384615384616 0.11778846153846154
