0 0.8822115384615384 0.90625 0.19230769230769232 0.18269230769230768
0 0.9651442307692307 0.7944711538461539 0.06971153846153846 0.31490384615384615
0 0.9867788461538461 0.9651442307692307 0.021634615384615384 0.05048076923076923
0 0.9891826923076923 0.5252403846153846 0.021634615384615384 0.21394230769230768
0 0.8713942307692307 0.6790865384615384 0.1658653846153846 0.33413461538461536
0 0.7716346153846154 0.7199519230769231 0.0673076923076923 0.19951923076923078
0 0.7331730769230769 0.890625 0.15865384615384615 0.21394230769230768
0 0.8004807692307693 0.4735576923076923 0.15384615384615385 0.30288461538461536
0 0.6802884615384616 0.6610576923076923 0.15384615384615385 0.3076923076923077
0 0.5637019230769231 0.859375 0.16105769230769232 0.2764423076923077
0 0.5925480769230769 0.6382211538461539 0.040865384615384616 0.15144230769230768
0 0.6201923076923077 0.41466346153846156 0.1346153846153846 0.27163461538461536
0 0.515625 0.5949519230769231 0.13221153846153846 0.2764423076923077
0 0.44350961538461536 0.8341346153846154 0.15144230769230768 0.2644230769230769
0 0.3401442307692308 0.7007211538461539 0.18028846153846154 0.31490384615384615
0 0.4254807692307692 0.42427884615384615 0.12980769230769232 0.25240384615384615
0 0.47596153846153844 0.3293269230769231 0.11538461538461539 0.22596153846153846
0 0.5432692307692307 0.2920673076923077 0.04326923076923077 0.13701923076923078
0 0.6033653846153846 0.078125 0.10576923076923077 0.15144230769230768
0 0.6358173076923077 0.08774038461538461 0.12259615384615384 0.17067307692307693
0 0.6694711538461539 0.09975961538461539 0.10817307692307693 0.19471153846153846
0 0.7524038461538461 0.11538461538461539 0.052884615384615384 0.22596153846153846
0 0.7932692307692307 0.11899038461538461 0.10096153846153846 0.23317307692307693
0 0.8353365384615384 0.125 0.15625 0.24519230769230768
0 0.9050480769230769 0.12259615384615384 0.18028846153846154 0.2403846153846154
0 0.9338942307692307 0.06610576923076923 0.08413461538461539 0.12740384615384615
0 0.0733173076923077 0.7475961538461539 0.14182692307692307 0.24519230769230768
0 0.09975961538461539 0.9086538461538461 0.17548076923076922 0.1778846153846154
0 0.203125 0.8605769230769231 0.12259615384615384 0.25961538461538464
0 0.2824519230769231 0.9086538461538461 0.055288461538461536 0.1778846153846154
0 0.19591346153846154 0.6514423076923077 0.08413461538461539 0.16346153846153846
0 0.036057692307692304 0.4110576923076923 0.052884615384615384 0.16346153846153846
0 0.12980769230769232 0.3389423076923077 0.14423076923076922 0.15865384615384615
0 0.18990384615384615 0.2704326923076923 0.08653846153846154 0.13221153846153846
0 0.25841346153846156 0.28846153846153844 0.06490384615384616 0.16826923076923078
0 0.22956730769230768 0.3641826923076923 0.05048076923076923 0.06971153846153846
0 0.10336538461538461 0.5240384615384616 0.20192307692307693 0.49038461538461536
2 0.33533653846153844 0.14423076923076922 0.10336538461538461 0.24519230769230768
