0 0.22596153846153846 0.31490384615384615 0.44711538461538464 0.3557692307692308
0 0.5649038461538461 0.21754807692307693 0.6009615384615384 0.18509615384615385
0 0.5817307692307693 0.328125 0.5576923076923077 0.27163461538461536
0 0.5396634615384616 0.46153846153846156 0.5216346153846154 0.2403846153846154
0 0.24519230769230768 0.3581730769230769 0.18269230769230768 0.1778846153846154
0 0.14543269230769232 0.5288461538461539 0.28125 0.19230769230769232
0 0.2536057692307692 0.6923076923076923 0.38221153846153844 0.24519230769230768
0 0.1778846153846154 0.8954326923076923 0.0673076923076923 0.2091346153846154
0 0.359375 0.8954326923076923 0.31490384615384615 0.2091346153846154
0 0.4723557692307692 0.8713942307692307 0.38221153846153844 0.2283653846153846
0 0.5733173076923077 0.7740384615384616 0.47836538461538464 0.28846153846153844
0 0.65625 0.5865384615384616 0.47115384615384615 0.3894230769230769
