0 0.8052884615384616 0.6237980769230769 0.16346153846153846 0.21875
0 0.8245192307692307 0.27163461538461536 0.2403846153846154 0.3701923076923077
0 0.8834134615384616 0.12740384615384615 0.23317307692307693 0.25
0 0.5192307692307693 0.3389423076923077 0.22115384615384615 0.3798076923076923
0 0.640625 0.1141826923076923 0.25240384615384615 0.22355769230769232
0 0.421875 0.12740384615384615 0.18990384615384615 0.25
0 0.25961538461538464 0.09375 0.17307692307692307 0.18269230769230768
0 0.29086538461538464 0.33533653846153844 0.2403846153846154 0.3245192307692308
0 0.4375 0.5985576923076923 0.11538461538461539 0.12980769230769232
0 0.2776442307692308 0.5913461538461539 0.20432692307692307 0.20673076923076922
0 0.08533653846153846 0.6766826923076923 0.1658653846153846 0.17548076923076922
0 0.10817307692307693 0.4170673076923077 0.1875 0.2764423076923077
0 0.09615384615384616 0.21634615384615385 0.1875 0.36538461538461536
