0 0.2932692307692308 0.06370192307692307 0.1971153846153846 0.12259615384615384
0 0.4495192307692308 0.037259615384615384 0.1346153846153846 0.06971153846153846
0 0.12379807692307693 0.12139423076923077 0.18028846153846154 0.13701923076923078
0 0.14543269230769232 0.025240384615384616 0.15144230769230768 0.04567307692307692
0 0.038461538461538464 0.037259615384615384 0.07211538461538461 0.06971153846153846
0 0.042067307692307696 0.06129807692307692 0.07932692307692307 0.06009615384615385
0 0.038461538461538464 0.20072115384615385 0.07211538461538461 0.10336538461538461
0 0.057692307692307696 0.28966346153846156 0.11057692307692307 0.17067307692307693
0 0.1502403846153846 0.40865384615384615 0.18028846153846154 0.10096153846153846
0 0.14182692307692307 0.31490384615384615 0.14423076923076922 0.11057692307692307
0 0.02283653846153846 0.42908653846153844 0.040865384615384616 0.03125
0 0.036057692307692304 0.4951923076923077 0.0673076923076923 0.11057692307692307
0 0.07091346153846154 0.4723557692307692 0.040865384615384616 0.026442307692307692
0 0.08052884615384616 0.4375 0.03125 0.019230769230769232
0 0.1045673076923077 0.42427884615384615 0.036057692307692304 0.016826923076923076
0 0.051682692307692304 0.39663461538461536 0.026442307692307692 0.019230769230769232
0 0.004807692307692308 0.39663461538461536 0.004807692307692308 0.019230769230769232
0 0.12379807692307693 0.4987980769230769 0.036057692307692304 0.026442307692307692
0 0.1502403846153846 0.5096153846153846 0.026442307692307692 0.019230769230769232
0 0.953125 0.8629807692307693 0.0889423076923077 0.07211538461538461
0 0.8834134615384616 0.8846153846153846 0.08413461538461539 0.07692307692307693
0 0.9459134615384616 0.9122596153846154 0.10336538461538461 0.026442307692307692
0 0.859375 0.8473557692307693 0.07932692307692307 0.040865384615384616
0 0.8810096153846154 0.7920673076923077 0.10817307692307693 0.055288461538461536
0 0.9663461538461539 0.7920673076923077 0.0625 0.06009615384615385
0 0.96875 0.7307692307692307 0.057692307692307696 0.052884615384615384
0 0.8052884615384616 0.8918269230769231 0.07211538461538461 0.0625
0 0.7427884615384616 0.8569711538461539 0.08173076923076923 0.06009615384615385
0 0.7151442307692307 0.9050480769230769 0.10817307692307693 0.040865384615384616
0 0.6550480769230769 0.828125 0.12259615384615384 0.06490384615384616
0 0.8870192307692307 0.7091346153846154 0.0673076923076923 0.057692307692307696
0 0.9459134615384616 0.6478365384615384 0.10336538461538461 0.05048076923076923
0 0.9278846153846154 0.5384615384615384 0.0673076923076923 0.052884615384615384
0 0.9387019230769231 0.5853365384615384 0.036057692307692304 0.021634615384615384
0 0.9891826923076923 0.5444711538461539 0.016826923076923076 0.026442307692307692
0 0.984375 0.4795673076923077 0.026442307692307692 0.026442307692307692
0 0.8689903846153846 0.41947115384615385 0.040865384615384616 0.026442307692307692
0 0.9675480769230769 0.43509615384615385 0.03125 0.02403846153846154
0 0.9399038461538461 0.4050480769230769 0.019230769230769232 0.03125
0 0.9795673076923077 0.40625 0.036057692307692304 0.03365384615384615
0 0.9663461538461539 0.359375 0.0625 0.04567307692307692
0 0.984375 0.296875 0.026442307692307692 0.03125
0 0.9651442307692307 0.2704326923076923 0.036057692307692304 0.021634615384615384
0 0.875 0.26322115384615385 0.057692307692307696 0.03125
0 0.953125 0.24278846153846154 0.0889423076923077 0.057692307692307696
0 0.5733173076923077 0.1346153846153846 0.040865384615384616 0.019230769230769232
0 0.6021634615384616 0.05889423076923077 0.026442307692307692 0.026442307692307692
0 0.5661057692307693 0.020432692307692308 0.036057692307692304 0.026442307692307692
0 0.6502403846153846 0.06370192307692307 0.05048076923076923 0.03125
0 0.6862980769230769 0.018028846153846152 0.03125 0.021634615384615384
0 0.8545673076923077 0.03365384615384615 0.2860576923076923 0.0625
0 0.8413461538461539 0.09495192307692307 0.3125 0.055288461538461536
0 0.9086538461538461 0.13221153846153846 0.1778846153846154 0.0625
0 0.9242788461538461 0.17908653846153846 0.1466346153846154 0.06009615384615385
0 0.53125 0.8954326923076923 0.08173076923076923 0.055288461538461536
0 0.41947115384615385 0.8149038461538461 0.026442307692307692 0.02403846153846154
0 0.38822115384615385 0.8137019230769231 0.036057692307692304 0.026442307692307692
0 0.39783653846153844 0.8762019230769231 0.040865384615384616 0.016826923076923076
0 0.4074519230769231 0.9026442307692307 0.03125 0.021634615384615384
0 0.3233173076923077 0.8810096153846154 0.040865384615384616 0.03125
0 0.27524038461538464 0.8161057692307693 0.036057692307692304 0.03125
0 0.3112980769230769 0.9122596153846154 0.036057692307692304 0.026442307692307692
0 0.19591346153846154 0.6069711538461539 0.03125 0.026442307692307692
0 0.1310096153846154 0.5733173076923077 0.036057692307692304 0.03125
0 0.02283653846153846 0.5853365384615384 0.040865384615384616 0.06971153846153846
0 0.13822115384615385 0.6478365384615384 0.040865384615384616 0.026442307692307692
0 0.21754807692307693 0.7367788461538461 0.036057692307692304 0.026442307692307692
0 0.18870192307692307 0.7415865384615384 0.021634615384615384 0.026442307692307692
0 0.25600961538461536 0.9002403846153846 0.03125 0.03125
0 0.21033653846153846 0.9122596153846154 0.03125 0.026442307692307692
0 0.17908653846153846 0.7764423076923077 0.03125 0.02403846153846154
0 0.15264423076923078 0.7379807692307693 0.03125 0.02403846153846154
0 0.14302884615384615 0.7596153846153846 0.03125 0.019230769230769232
0 0.038461538461538464 0.6790865384615384 0.07211538461538461 0.0889423076923077
0 0.0625 0.7355769230769231 0.1201923076923077 0.04807692307692308
0 0.08774038461538461 0.7992788461538461 0.17067307692307693 0.06971153846153846
0 0.10096153846153846 0.8725961538461539 0.1971153846153846 0.10096153846153846
0 0.2247596153846154 0.8737980769230769 0.040865384615384616 0.040865384615384616
