0 0.7884615384615384 0.42788461538461536 0.2932692307692308 0.1875
0 0.6153846153846154 0.3629807692307692 0.23557692307692307 0.15384615384615385
0 0.6514423076923077 0.5576923076923077 0.27403846153846156 0.14903846153846154
0 0.5805288461538461 0.7019230769230769 0.28125 0.1778846153846154
0 0.41225961538461536 0.640625 0.21394230769230768 0.1658653846153846
0 0.21033653846153846 0.6009615384615384 0.21394230769230768 0.1346153846153846
0 0.21394230769230768 0.78125 0.34134615384615385 0.21634615384615385
0 0.20192307692307693 0.4519230769230769 0.0625 0.028846153846153848
0 0.6105769230769231 0.8774038461538461 0.04326923076923077 0.02403846153846154
0 0.7548076923076923 0.7451923076923077 0.03365384615384615 0.014423076923076924
