0 0.6995192307692307 0.21394230769230768 0.4807692307692308 0.10576923076923077
0 0.7487980769230769 0.3293269230769231 0.49759615384615385 0.14903846153846154
0 0.7019230769230769 0.5480769230769231 0.5913461538461539 0.23076923076923078
0 0.9182692307692307 0.7235576923076923 0.14903846153846154 0.11057692307692307
0 0.8221153846153846 0.6706730769230769 0.16826923076923078 0.07692307692307693
0 0.7932692307692307 0.7067307692307693 0.07211538461538461 0.02403846153846154
0 0.7596153846153846 0.7620192307692307 0.13942307692307693 0.08173076923076923
0 0.8100961538461539 0.8341346153846154 0.12980769230769232 0.0673076923076923
0 0.6466346153846154 0.8197115384615384 0.21153846153846154 0.10576923076923077
0 0.6622596153846154 0.7355769230769231 0.10817307692307693 0.07211538461538461
0 0.6009615384615384 0.6971153846153846 0.08653846153846154 0.08173076923076923
0 0.40865384615384615 0.7512019230769231 0.21634615384615385 0.1658653846153846
0 0.25721153846153844 0.7163461538461539 0.09615384615384616 0.07211538461538461
0 0.21394230769230768 0.7956730769230769 0.16346153846153846 0.08173076923076923
0 0.11778846153846154 0.7355769230769231 0.15865384615384615 0.0625
0 0.06490384615384616 0.7716346153846154 0.10096153846153846 0.0625
0 0.19951923076923078 0.6298076923076923 0.375 0.18269230769230768
0 0.3125 0.5144230769230769 0.07692307692307693 0.057692307692307696
0 0.40625 0.41225961538461536 0.07692307692307693 0.10817307692307693
0 0.35096153846153844 0.4807692307692308 0.10096153846153846 0.03365384615384615
0 0.18269230769230768 0.47115384615384615 0.1346153846153846 0.07211538461538461
0 0.24639423076923078 0.4423076923076923 0.10817307692307693 0.0673076923076923
0 0.16105769230769232 0.39783653846153844 0.15384615384615385 0.06971153846153846
0 0.33413461538461536 0.3858173076923077 0.09615384615384616 0.10817307692307693
0 0.29086538461538464 0.3125 0.16346153846153846 0.052884615384615384
0 0.25721153846153844 0.3629807692307692 0.13942307692307693 0.057692307692307696
0 0.11778846153846154 0.33653846153846156 0.07692307692307693 0.10576923076923077
0 0.125 0.31971153846153844 0.10096153846153846 0.04807692307692308
0 0.06009615384615385 0.33413461538461536 0.052884615384615384 0.11057692307692307
0 0.11298076923076923 0.23557692307692307 0.07692307692307693 0.09615384615384616
0 0.19831730769230768 0.2512019230769231 0.12259615384615384 0.06971153846153846
0 0.2620192307692308 0.22596153846153846 0.12980769230769232 0.07692307692307693
0 0.15865384615384615 0.18509615384615385 0.09615384615384616 0.0625
0 0.21995192307692307 0.1658653846153846 0.036057692307692304 0.04807692307692308
0 0.28365384615384615 0.22355769230769232 0.07692307692307693 0.04807692307692308
0 0.2283653846153846 0.33533653846153844 0.40865384615384615 0.4014423076923077
