0 0.9134615384615384 0.3016826923076923 0.0625 0.10336538461538461
0 0.9639423076923077 0.3329326923076923 0.052884615384615384 0.10336538461538461
0 0.9254807692307693 0.4014423076923077 0.08173076923076923 0.11057692307692307
0 0.9579326923076923 0.5 0.08413461538461539 0.11057692307692307
0 0.8774038461538461 0.5 0.0673076923076923 0.11057692307692307
0 0.8605769230769231 0.39663461538461536 0.057692307692307696 0.07692307692307693
0 0.8473557692307693 0.3161057692307692 0.06009615384615385 0.06971153846153846
0 0.016826923076923076 0.030048076923076924 0.028846153846153848 0.055288461538461536
0 0.057692307692307696 0.08533653846153846 0.11057692307692307 0.1658653846153846
0 0.078125 0.12620192307692307 0.15144230769230768 0.24759615384615385
0 0.17548076923076922 0.11778846153846154 0.1875 0.23076923076923078
0 0.06850961538461539 0.3629807692307692 0.13221153846153846 0.11057692307692307
0 0.0733173076923077 0.4699519230769231 0.14182692307692307 0.10336538461538461
0 0.14543269230769232 0.359375 0.036057692307692304 0.0985576923076923
0 0.1875 0.23677884615384615 0.07211538461538461 0.0985576923076923
0 0.2512019230769231 0.22355769230769232 0.055288461538461536 0.14903846153846154
0 0.23918269230769232 0.33653846153846156 0.07932692307692307 0.07692307692307693
0 0.19591346153846154 0.38822115384615385 0.05048076923076923 0.06971153846153846
0 0.22716346153846154 0.46033653846153844 0.08413461538461539 0.10336538461538461
0 0.23918269230769232 0.5348557692307693 0.06490384615384616 0.11298076923076923
0 0.30288461538461536 0.5408653846153846 0.04807692307692308 0.125
0 0.28725961538461536 0.4543269230769231 0.05048076923076923 0.08173076923076923
0 0.28725961538461536 0.38221153846153844 0.040865384615384616 0.07211538461538461
0 0.3016826923076923 0.31009615384615385 0.05048076923076923 0.1201923076923077
0 0.33653846153846156 0.27884615384615385 0.04326923076923077 0.09134615384615384
0 0.3137019230769231 0.203125 0.055288461538461536 0.10336538461538461
0 0.35336538461538464 0.16346153846153846 0.0673076923076923 0.08173076923076923
0 0.3858173076923077 0.21033653846153846 0.06490384615384616 0.0889423076923077
0 0.3918269230769231 0.2956730769230769 0.057692307692307696 0.08173076923076923
0 0.44350961538461536 0.28966346153846156 0.06490384615384616 0.09375
0 0.44471153846153844 0.2127403846153846 0.0625 0.06971153846153846
0 0.49038461538461536 0.24879807692307693 0.057692307692307696 0.0889423076923077
0 0.53125 0.234375 0.0673076923076923 0.11298076923076923
0 0.5204326923076923 0.33052884615384615 0.06009615384615385 0.0985576923076923
0 0.4723557692307692 0.3473557692307692 0.05048076923076923 0.0985576923076923
0 0.4254807692307692 0.38100961538461536 0.052884615384615384 0.0985576923076923
0 0.46274038461538464 0.453125 0.08413461538461539 0.10336538461538461
0 0.48197115384615385 0.5216346153846154 0.036057692307692304 0.0673076923076923
0 0.34975961538461536 0.515625 0.040865384615384616 0.06490384615384616
0 0.3425480769230769 0.42908653846153844 0.04567307692307692 0.0985576923076923
0 0.5276442307692307 0.5228365384615384 0.06490384615384616 0.0985576923076923
0 0.5336538461538461 0.43149038461538464 0.07211538461538461 0.10336538461538461
0 0.5564903846153846 0.5432692307692307 0.04567307692307692 0.0673076923076923
0 0.5841346153846154 0.4651442307692308 0.057692307692307696 0.13701923076923078
0 0.6310096153846154 0.5 0.05048076923076923 0.07692307692307693
0 0.6971153846153846 0.4723557692307692 0.08653846153846154 0.18509615384615385
0 0.7439903846153846 0.4699519230769231 0.05048076923076923 0.09375
0 0.7367788461538461 0.3389423076923077 0.09375 0.16826923076923078
0 0.7788461538461539 0.4326923076923077 0.0673076923076923 0.08173076923076923
0 0.7920673076923077 0.5024038461538461 0.07932692307692307 0.09134615384615384
0 0.6899038461538461 0.2704326923076923 0.07211538461538461 0.0985576923076923
0 0.6165865384615384 0.2536057692307692 0.05048076923076923 0.13221153846153846
0 0.6478365384615384 0.28125 0.040865384615384616 0.17307692307692307
0 0.6201923076923077 0.3473557692307692 0.057692307692307696 0.0985576923076923
0 0.6201923076923077 0.3858173076923077 0.09615384615384616 0.14182692307692307
0 0.5841346153846154 0.2127403846153846 0.057692307692307696 0.09375
0 0.6286057692307693 0.17548076923076922 0.05048076923076923 0.08173076923076923
0 0.5925480769230769 0.11177884615384616 0.05048076923076923 0.06490384615384616
0 0.5492788461538461 0.054086538461538464 0.055288461538461536 0.10336538461538461
0 0.4387019230769231 0.10576923076923077 0.07932692307692307 0.11057692307692307
0 0.45913461538461536 0.14423076923076922 0.052884615384615384 0.07692307692307693
0 0.41586538461538464 0.0625 0.07692307692307693 0.1201923076923077
0 0.46274038461538464 0.030048076923076924 0.040865384615384616 0.055288461538461536
0 0.5060096153846154 0.013221153846153846 0.055288461538461536 0.021634615384615384
0 0.5096153846153846 0.056490384615384616 0.04807692307692308 0.0889423076923077
0 0.5384615384615384 0.1310096153846154 0.0673076923076923 0.06971153846153846
0 0.6081730769230769 0.04927884615384615 0.10576923076923077 0.09375
0 0.6983173076923077 0.13942307692307693 0.15625 0.1971153846153846
0 0.8725961538461539 0.19951923076923078 0.2548076923076923 0.16346153846153846
0 0.796875 0.33052884615384615 0.06009615384615385 0.13221153846153846
0 0.328125 0.08173076923076923 0.18509615384615385 0.15865384615384615
0 0.21754807692307693 0.10096153846153846 0.10817307692307693 0.1971153846153846
5 0.6262019230769231 0.8473557692307693 0.31009615384615385 0.18028846153846154
