0 0.7956730769230769 0.08173076923076923 0.12980769230769232 0.10096153846153846
0 0.90625 0.019230769230769232 0.09134615384615384 0.02403846153846154
0 0.7608173076923077 0.2776442307692308 0.18028846153846154 0.12259615384615384
0 0.5817307692307693 0.18509615384615385 0.12980769230769232 0.11057692307692307
0 0.44471153846153844 0.06490384615384616 0.1875 0.08653846153846154
0 0.33653846153846156 0.10697115384615384 0.1875 0.19951923076923078
0 0.3894230769230769 0.08413461538461539 0.07211538461538461 0.052884615384615384
0 0.4423076923076923 0.12139423076923077 0.21153846153846154 0.06490384615384616
0 0.4639423076923077 0.1875 0.23557692307692307 0.12980769230769232
0 0.265625 0.1658653846153846 0.21875 0.1875
0 0.25240384615384615 0.0625 0.07211538461538461 0.11057692307692307
0 0.17307692307692307 0.11778846153846154 0.16346153846153846 0.22115384615384615
0 0.1201923076923077 0.25721153846153844 0.16826923076923078 0.12980769230769232
0 0.27403846153846156 0.2848557692307692 0.21153846153846154 0.09375
0 0.3894230769230769 0.25961538461538464 0.14903846153846154 0.0625
0 0.5240384615384616 0.2980769230769231 0.19230769230769232 0.09615384615384616
0 0.6009615384615384 0.3485576923076923 0.16826923076923078 0.10576923076923077
0 0.5625 0.41947115384615385 0.21153846153846154 0.10817307692307693
0 0.4326923076923077 0.39663461538461536 0.20192307692307693 0.09615384615384616
0 0.3401442307692308 0.3557692307692308 0.22355769230769232 0.0673076923076923
0 0.23798076923076922 0.3798076923076923 0.16346153846153846 0.08653846153846154
0 0.33052884615384615 0.41586538461538464 0.14182692307692307 0.17307692307692307
0 0.2800480769230769 0.47596153846153844 0.06009615384615385 0.052884615384615384
0 0.16947115384615385 0.5528846153846154 0.13701923076923078 0.12980769230769232
0 0.22355769230769232 0.4338942307692308 0.11538461538461539 0.12259615384615384
0 0.14423076923076922 0.38221153846153844 0.07692307692307693 0.08173076923076923
0 0.22355769230769232 0.6237980769230769 0.14903846153846154 0.2283653846153846
0 0.25721153846153844 0.6959134615384616 0.08173076923076923 0.12740384615384615
0 0.30408653846153844 0.6033653846153846 0.0985576923076923 0.0625
0 0.328125 0.53125 0.13701923076923078 0.15865384615384615
0 0.4326923076923077 0.5612980769230769 0.16826923076923078 0.10817307692307693
0 0.4495192307692308 0.49038461538461536 0.08173076923076923 0.07692307692307693
0 0.5384615384615384 0.5276442307692307 0.11057692307692307 0.18509615384615385
0 0.5817307692307693 0.41346153846153844 0.17307692307692307 0.09615384615384616
0 0.6899038461538461 0.4230769230769231 0.11538461538461539 0.10096153846153846
0 0.65625 0.4963942307692308 0.21153846153846154 0.09375
0 0.6802884615384616 0.5817307692307693 0.25 0.12980769230769232
0 0.7596153846153846 0.8028846153846154 0.14903846153846154 0.25
0 0.8028846153846154 0.6141826923076923 0.09134615384615384 0.12740384615384615
0 0.9014423076923077 0.7091346153846154 0.16826923076923078 0.4567307692307692
0 0.6466346153846154 0.7536057692307693 0.1971153846153846 0.40625
0 0.6742788461538461 0.9603365384615384 0.14182692307692307 0.07932692307692307
0 0.6021634615384616 0.9519230769230769 0.12740384615384615 0.09615384615384616
0 0.5024038461538461 0.8197115384615384 0.15865384615384615 0.3076923076923077
0 0.3798076923076923 0.8978365384615384 0.11057692307692307 0.09375
0 0.47115384615384615 0.9350961538461539 0.125 0.1201923076923077
0 0.4182692307692308 0.8209134615384616 0.20673076923076922 0.12740384615384615
0 0.44471153846153844 0.7487980769230769 0.11057692307692307 0.05048076923076923
0 0.43028846153846156 0.6682692307692307 0.20673076923076922 0.11057692307692307
0 0.3317307692307692 0.71875 0.1201923076923077 0.07692307692307693
0 0.27884615384615385 0.6538461538461539 0.11538461538461539 0.0625
0 0.3112980769230769 0.5072115384615384 0.10336538461538461 0.08653846153846154
