0 0.37259615384615385 0.7644230769230769 0.32211538461538464 0.3894230769230769
0 0.39903846153846156 0.7788461538461539 0.2403846153846154 0.38461538461538464
0 0.42788461538461536 0.7800480769230769 0.1346153846153846 0.17548076923076922
0 0.46875 0.8269230769230769 0.0625 0.15865384615384615
0 0.36658653846153844 0.6706730769230769 0.3485576923076923 0.3557692307692308
0 0.109375 0.7331730769230769 0.12259615384615384 0.08173076923076923
0 0.08413461538461539 0.6322115384615384 0.10096153846153846 0.11057692307692307
0 0.13942307692307693 0.5240384615384616 0.18269230769230768 0.18269230769230768
0 0.2439903846153846 0.5276442307692307 0.11778846153846154 0.18028846153846154
0 0.17067307692307693 0.37259615384615385 0.16346153846153846 0.14903846153846154
0 0.11778846153846154 0.39663461538461536 0.07692307692307693 0.09134615384615384
0 0.06971153846153846 0.40865384615384615 0.0625 0.11057692307692307
0 0.21634615384615385 0.16706730769230768 0.08173076923076923 0.12740384615384615
0 0.22355769230769232 0.1778846153846154 0.23557692307692307 0.2644230769230769
0 0.17307692307692307 0.2800480769230769 0.04807692307692308 0.06971153846153846
0 0.14423076923076922 0.23076923076923078 0.028846153846153848 0.03365384615384615
0 0.12379807692307693 0.25961538461538464 0.040865384615384616 0.04807692307692308
0 0.12379807692307693 0.2956730769230769 0.040865384615384616 0.03365384615384615
0 0.1045673076923077 0.20673076923076922 0.040865384615384616 0.057692307692307696
0 0.07091346153846154 0.23798076923076922 0.04567307692307692 0.038461538461538464
0 0.07211538461538461 0.28365384615384615 0.04807692307692308 0.052884615384615384
0 0.08533653846153846 0.3245192307692308 0.04567307692307692 0.038461538461538464
0 0.10697115384615384 0.18028846153846154 0.04567307692307692 0.057692307692307696
0 0.15144230769230768 0.6634615384615384 0.0625 0.04807692307692308
0 0.17548076923076922 0.6189903846153846 0.052884615384615384 0.03125
0 0.21394230769230768 0.65625 0.057692307692307696 0.0625
0 0.21033653846153846 0.7115384615384616 0.04567307692307692 0.057692307692307696
0 0.20432692307692307 0.7716346153846154 0.057692307692307696 0.052884615384615384
0 0.1466346153846154 0.7608173076923077 0.08173076923076923 0.07932692307692307
0 0.16346153846153846 0.8173076923076923 0.057692307692307696 0.0673076923076923
0 0.38100961538461536 0.37259615384615385 0.2668269230769231 0.2644230769230769
0 0.7235576923076923 0.37259615384615385 0.49038461538461536 0.38461538461538464
0 0.49038461538461536 0.4831730769230769 0.04807692307692308 0.038461538461538464
0 0.5096153846153846 0.5192307692307693 0.052884615384615384 0.057692307692307696
0 0.5673076923076923 0.5192307692307693 0.057692307692307696 0.038461538461538464
0 0.5745192307692307 0.5360576923076923 0.057692307692307696 0.038461538461538464
0 0.5564903846153846 0.5588942307692307 0.03125 0.03125
0 0.5564903846153846 0.59375 0.040865384615384616 0.038461538461538464
0 0.5420673076923077 0.6129807692307693 0.036057692307692304 0.04326923076923077
0 0.5300480769230769 0.6225961538461539 0.03125 0.03365384615384615
0 0.4951923076923077 0.6442307692307693 0.052884615384615384 0.0625
0 0.5084134615384616 0.6706730769230769 0.040865384615384616 0.04326923076923077
0 0.46274038461538464 0.6754807692307693 0.040865384615384616 0.038461538461538464
0 0.4483173076923077 0.22115384615384615 0.12259615384615384 0.09615384615384616
0 0.38461538461538464 0.140625 0.13942307692307693 0.18028846153846154
0 0.24278846153846154 0.05889423076923077 0.09134615384615384 0.07932692307692307
