0 0.8377403846153846 0.2980769230769231 0.18509615384615385 0.3605769230769231
0 0.71875 0.45913461538461536 0.11538461538461539 0.19230769230769232
0 0.75 0.33533653846153844 0.0625 0.0985576923076923
0 0.7884615384615384 0.23076923076923078 0.057692307692307696 0.11538461538461539
0 0.8798076923076923 0.06610576923076923 0.12980769230769232 0.12740384615384615
0 0.9459134615384616 0.20793269230769232 0.10817307692307693 0.23798076923076922
0 0.984375 0.125 0.03125 0.13942307692307693
0 0.9699519230769231 0.055288461538461536 0.06009615384615385 0.10576923076923077
0 0.9795673076923077 0.3858173076923077 0.040865384615384616 0.12259615384615384
0 0.9447115384615384 0.453125 0.11057692307692307 0.24759615384615385
0 0.9759615384615384 0.5865384615384616 0.052884615384615384 0.07692307692307693
0 0.96875 0.7151442307692307 0.0625 0.17067307692307693
0 0.8653846153846154 0.6237980769230769 0.15865384615384615 0.18028846153846154
0 0.8846153846153846 0.5192307692307693 0.14903846153846154 0.23557692307692307
0 0.7692307692307693 0.7836538461538461 0.23557692307692307 0.15384615384615385
0 0.5865384615384616 0.7788461538461539 0.16346153846153846 0.2403846153846154
0 0.7043269230769231 0.9182692307692307 0.2692307692307692 0.15865384615384615
0 0.5492788461538461 0.5240384615384616 0.12740384615384615 0.15865384615384615
0 0.5216346153846154 0.3317307692307692 0.23076923076923078 0.1971153846153846
0 0.5396634615384616 0.1466346153846154 0.15625 0.19230769230769232
0 0.6610576923076923 0.17427884615384615 0.16826923076923078 0.25721153846153844
0 0.36778846153846156 0.11057692307692307 0.33653846153846156 0.21153846153846154
0 0.23317307692307693 0.203125 0.23076923076923078 0.3004807692307692
0 0.2403846153846154 0.31009615384615385 0.2644230769230769 0.23076923076923078
0 0.07211538461538461 0.2692307692307692 0.12980769230769232 0.5288461538461539
0 0.11298076923076923 0.7115384615384616 0.21634615384615385 0.5192307692307693
0 0.23557692307692307 0.7379807692307693 0.28365384615384615 0.36538461538461536
0 0.28365384615384615 0.6358173076923077 0.3125 0.5024038461538461
