0 0.8040865384615384 0.96875 0.12259615384615384 0.052884615384615384
0 0.8221153846153846 0.8918269230769231 0.14423076923076922 0.20673076923076922
0 0.9867788461538461 0.8689903846153846 0.026442307692307692 0.25240384615384615
0 0.9519230769230769 0.3389423076923077 0.09615384615384616 0.35096153846153844
0 0.9194711538461539 0.0985576923076923 0.07451923076923077 0.19230769230769232
0 0.8076923076923077 0.1778846153846154 0.18269230769230768 0.35096153846153844
0 0.8185096153846154 0.3269230769230769 0.0985576923076923 0.3269230769230769
0 0.7680288461538461 0.18269230769230768 0.06490384615384616 0.23557692307692307
0 0.7235576923076923 0.22355769230769232 0.09134615384615384 0.23076923076923078
0 0.6850961538461539 0.07932692307692307 0.07692307692307693 0.15384615384615385
0 0.6213942307692307 0.14423076923076922 0.06971153846153846 0.23557692307692307
0 0.6610576923076923 0.3125 0.07692307692307693 0.3269230769230769
0 0.7463942307692307 0.4951923076923077 0.18990384615384615 0.3894230769230769
0 0.75 0.8004807692307693 0.1778846153846154 0.3894230769230769
0 0.6418269230769231 0.9447115384615384 0.09134615384615384 0.10096153846153846
0 0.59375 0.7512019230769231 0.1778846153846154 0.4879807692307692
0 0.42788461538461536 0.6935096153846154 0.24519230769230768 0.6033653846153846
0 0.33052884615384615 0.8317307692307693 0.09375 0.28365384615384615
0 0.4699519230769231 0.43149038461538464 0.12740384615384615 0.30528846153846156
0 0.5721153846153846 0.3894230769230769 0.1201923076923077 0.3125
0 0.5216346153846154 0.20192307692307693 0.038461538461538464 0.09134615384615384
0 0.5528846153846154 0.0673076923076923 0.04326923076923077 0.12980769230769232
0 0.5709134615384616 0.17548076923076922 0.036057692307692304 0.11538461538461539
0 0.5216346153846154 0.09375 0.019230769230769232 0.10576923076923077
0 0.5240384615384616 0.019230769230769232 0.02403846153846154 0.028846153846153848
0 0.5961538461538461 0.040865384615384616 0.038461538461538464 0.07692307692307693
0 0.4266826923076923 0.12860576923076922 0.15625 0.25240384615384615
0 0.29447115384615385 0.21394230769230768 0.2283653846153846 0.4182692307692308
0 0.20192307692307693 0.6754807692307693 0.21153846153846154 0.6394230769230769
0 0.20072115384615385 0.8846153846153846 0.12259615384615384 0.22115384615384615
0 0.039663461538461536 0.7391826923076923 0.07451923076923077 0.3629807692307692
0 0.025240384615384616 0.8762019230769231 0.04567307692307692 0.16105769230769232
0 0.057692307692307696 0.9447115384615384 0.07211538461538461 0.10096153846153846
0 0.010817307692307692 0.9639423076923077 0.016826923076923076 0.0625
0 0.11298076923076923 0.9567307692307693 0.04807692307692308 0.07692307692307693
0 0.06009615384615385 0.6322115384615384 0.08653846153846154 0.375
0 0.04567307692307692 0.08653846153846154 0.08653846153846154 0.16826923076923078
0 0.12740384615384615 0.09375 0.07692307692307693 0.18269230769230768
0 0.18028846153846154 0.0985576923076923 0.04807692307692308 0.19230769230769232
1 0.10336538461538461 0.5336538461538461 0.1971153846153846 0.7259615384615384
