0 0.7620192307692307 0.2692307692307692 0.07692307692307693 0.08173076923076923
0 0.8329326923076923 0.28365384615384615 0.05048076923076923 0.09134615384615384
0 0.8701923076923077 0.34375 0.052884615384615384 0.09134615384615384
0 0.8245192307692307 0.37740384615384615 0.057692307692307696 0.09134615384615384
0 0.7848557692307693 0.35336538461538464 0.06490384615384616 0.07692307692307693
0 0.6971153846153846 0.3004807692307692 0.057692307692307696 0.09134615384615384
0 0.7271634615384616 0.34615384615384615 0.036057692307692304 0.0673076923076923
0 0.7692307692307693 0.4519230769230769 0.0625 0.08653846153846154
0 0.7980769230769231 0.4543269230769231 0.03365384615384615 0.08173076923076923
0 0.7199519230769231 0.4206730769230769 0.036057692307692304 0.07211538461538461
0 0.8834134615384616 0.5408653846153846 0.23317307692307693 0.3894230769230769
0 0.6875 0.59375 0.22596153846153846 0.28365384615384615
0 0.5985576923076923 0.4074519230769231 0.20192307692307693 0.21875
0 0.5600961538461539 0.7439903846153846 0.30288461538461536 0.25721153846153844
0 0.5228365384615384 0.5240384615384616 0.21875 0.3317307692307692
0 0.38221153846153844 0.6009615384615384 0.13942307692307693 0.40865384615384615
0 0.22716346153846154 0.8040865384615384 0.15625 0.22355769230769232
0 0.11298076923076923 0.8509615384615384 0.08653846153846154 0.1201923076923077
0 0.15144230769230768 0.9447115384615384 0.11538461538461539 0.07211538461538461
0 0.054086538461538464 0.8653846153846154 0.10336538461538461 0.23076923076923078
