0 0.5408653846153846 0.9014423076923077 0.3317307692307692 0.1971153846153846
0 0.4675480769230769 0.7163461538461539 0.3245192307692308 0.22596153846153846
0 0.6574519230769231 0.65625 0.2860576923076923 0.20192307692307693
0 0.7632211538461539 0.796875 0.24759615384615385 0.18990384615384615
0 0.8461538461538461 0.6057692307692307 0.22596153846153846 0.16346153846153846
0 0.8365384615384616 0.38461538461538464 0.18269230769230768 0.15865384615384615
0 0.8028846153846154 0.2283653846153846 0.23557692307692307 0.16826923076923078
0 0.7716346153846154 0.4567307692307692 0.1875 0.20673076923076922
0 0.6105769230769231 0.2091346153846154 0.19230769230769232 0.21153846153846154
0 0.6129807692307693 0.41586538461538464 0.14423076923076922 0.21153846153846154
0 0.4519230769230769 0.4735576923076923 0.27884615384615385 0.2548076923076923
0 0.42788461538461536 0.2439903846153846 0.25961538461538464 0.25721153846153844
0 0.1778846153846154 0.3245192307692308 0.34134615384615385 0.28846153846153844
0 0.21995192307692307 0.6658653846153846 0.36778846153846156 0.2692307692307692
