0 0.22235576923076922 0.5168269230769231 0.10817307692307693 0.0673076923076923
0 0.14783653846153846 0.49759615384615385 0.05048076923076923 0.019230769230769232
0 0.14423076923076922 0.4567307692307692 0.057692307692307696 0.0625
0 0.22596153846153846 0.44711538461538464 0.07692307692307693 0.052884615384615384
0 0.21634615384615385 0.5 0.08173076923076923 0.057692307692307696
0 0.12259615384615384 0.4206730769230769 0.07692307692307693 0.08173076923076923
0 0.09014423076923077 0.4735576923076923 0.05048076923076923 0.0673076923076923
0 0.07091346153846154 0.4206730769230769 0.05048076923076923 0.0625
0 0.039663461538461536 0.39663461538461536 0.05048076923076923 0.04807692307692308
0 0.051682692307692304 0.4651442307692308 0.09375 0.1466346153846154
0 0.009615384615384616 0.5120192307692307 0.009615384615384616 0.03365384615384615
0 0.040865384615384616 0.3737980769230769 0.04807692307692308 0.03125
0 0.0625 0.3389423076923077 0.0673076923076923 0.052884615384615384
0 0.014423076923076924 0.3605769230769231 0.02403846153846154 0.04807692307692308
0 0.019230769230769232 0.3245192307692308 0.028846153846153848 0.057692307692307696
0 0.028846153846153848 0.18269230769230768 0.04807692307692308 0.09615384615384616
0 0.11778846153846154 0.17427884615384615 0.15865384615384615 0.17548076923076922
0 0.25240384615384615 0.17908653846153846 0.14423076923076922 0.15625
0 0.28125 0.16346153846153846 0.11538461538461539 0.14423076923076922
0 0.38341346153846156 0.1346153846153846 0.12740384615384615 0.14903846153846154
0 0.47115384615384615 0.15865384615384615 0.1201923076923077 0.14423076923076922
0 0.3786057692307692 0.23557692307692307 0.0889423076923077 0.0625
0 0.37259615384615385 0.2956730769230769 0.1201923076923077 0.08173076923076923
0 0.21033653846153846 0.35336538461538464 0.10817307692307693 0.1346153846153846
0 0.11538461538461539 0.2860576923076923 0.08653846153846154 0.08173076923076923
0 0.20552884615384615 0.28365384615384615 0.0889423076923077 0.07692307692307693
0 0.31009615384615385 0.3629807692307692 0.09615384615384616 0.07211538461538461
0 0.3112980769230769 0.3245192307692308 0.06971153846153846 0.07692307692307693
0 0.265625 0.29086538461538464 0.06971153846153846 0.052884615384615384
0 0.34375 0.4254807692307692 0.0625 0.07211538461538461
0 0.4014423076923077 0.41586538461538464 0.0625 0.09134615384615384
0 0.44711538461538464 0.41586538461538464 0.038461538461538464 0.0625
0 0.49759615384615385 0.39903846153846156 0.0625 0.08173076923076923
0 0.5360576923076923 0.3605769230769231 0.052884615384615384 0.0673076923076923
0 0.47836538461538464 0.37740384615384615 0.04807692307692308 0.057692307692307696
0 0.4651442307692308 0.34615384615384615 0.0889423076923077 0.07692307692307693
0 0.3894230769230769 0.3581730769230769 0.04807692307692308 0.07211538461538461
0 0.4519230769230769 0.30288461538461536 0.07211538461538461 0.052884615384615384
0 0.45072115384615385 0.2704326923076923 0.03125 0.040865384615384616
0 0.4879807692307692 0.28365384615384615 0.04326923076923077 0.04807692307692308
0 0.5324519230769231 0.19951923076923078 0.09375 0.125
0 0.5637019230769231 0.23197115384615385 0.055288461538461536 0.036057692307692304
0 0.5985576923076923 0.22716346153846154 0.02403846153846154 0.036057692307692304
0 0.6177884615384616 0.25721153846153844 0.038461538461538464 0.0673076923076923
0 0.6466346153846154 0.2668269230769231 0.0625 0.07211538461538461
0 0.6322115384615384 0.19831730769230768 0.038461538461538464 0.10336538461538461
0 0.7235576923076923 0.19230769230769232 0.14423076923076922 0.1201923076923077
0 0.59375 0.057692307692307696 0.125 0.09615384615384616
0 0.7355769230769231 0.07211538461538461 0.14903846153846154 0.1201923076923077
0 0.7896634615384616 0.03125 0.1658653846153846 0.04807692307692308
0 0.8966346153846154 0.040865384615384616 0.07211538461538461 0.0673076923076923
0 0.9615384615384616 0.06490384615384616 0.07211538461538461 0.09134615384615384
0 0.9807692307692307 0.021634615384615384 0.03365384615384615 0.02403846153846154
0 0.7860576923076923 0.09495192307692307 0.1875 0.08413461538461539
0 0.8004807692307693 0.14903846153846154 0.1875 0.0673076923076923
0 0.9098557692307693 0.10576923076923077 0.06971153846153846 0.07211538461538461
0 0.8882211538461539 0.18389423076923078 0.22355769230769232 0.10336538461538461
0 0.9206730769230769 0.2283653846153846 0.14423076923076922 0.0673076923076923
0 0.9783653846153846 0.11298076923076923 0.04326923076923077 0.04807692307692308
0 0.6033653846153846 0.40865384615384615 0.0673076923076923 0.07692307692307693
0 0.65625 0.37259615384615385 0.0673076923076923 0.057692307692307696
0 0.6682692307692307 0.41346153846153844 0.0673076923076923 0.057692307692307696
0 0.6033653846153846 0.3317307692307692 0.0673076923076923 0.08173076923076923
0 0.5408653846153846 0.3173076923076923 0.057692307692307696 0.0625
0 0.6466346153846154 0.32211538461538464 0.04326923076923077 0.0625
0 0.6802884615384616 0.2764423076923077 0.057692307692307696 0.0625
0 0.6947115384615384 0.3317307692307692 0.038461538461538464 0.0625
0 0.7175480769230769 0.30528846153846156 0.03125 0.08653846153846154
0 0.7451923076923077 0.33653846153846156 0.052884615384615384 0.0673076923076923
0 0.7415865384615384 0.25 0.05048076923076923 0.07211538461538461
0 0.7932692307692307 0.2668269230769231 0.0673076923076923 0.07211538461538461
0 0.7788461538461539 0.4411057692307692 0.13942307692307693 0.03125
0 0.7956730769230769 0.43149038461538464 0.14423076923076922 0.03125
0 0.7884615384615384 0.3918269230769231 0.15865384615384615 0.04807692307692308
0 0.8173076923076923 0.41346153846153844 0.038461538461538464 0.02403846153846154
0 0.859375 0.4050480769230769 0.05048076923076923 0.03125
0 0.8870192307692307 0.39783653846153844 0.02403846153846154 0.036057692307692304
0 0.9519230769230769 0.43509615384615385 0.09615384615384616 0.15384615384615385
0 0.96875 0.34615384615384615 0.0625 0.07692307692307693
0 0.9230769230769231 0.3173076923076923 0.1346153846153846 0.08173076923076923
0 0.5733173076923077 0.4723557692307692 0.24759615384615385 0.17548076923076922
0 0.2980769230769231 0.5384615384615384 0.03365384615384615 0.07211538461538461
