0 0.35096153846153844 0.7956730769230769 0.6826923076923077 0.40865384615384615
0 0.6165865384615384 0.9026442307692307 0.4831730769230769 0.19471153846153846
0 0.5216346153846154 0.7391826923076923 0.17307692307692307 0.17548076923076922
0 0.8004807692307693 0.8617788461538461 0.39903846153846156 0.2764423076923077
0 0.7512019230769231 0.5901442307692307 0.49759615384615385 0.46875
0 0.3317307692307692 0.44471153846153844 0.6442307692307693 0.44711538461538464
0 0.23798076923076922 0.15625 0.46153846153846156 0.30288461538461536
0 0.6742788461538461 0.203125 0.4110576923076923 0.3004807692307692
0 0.9086538461538461 0.3173076923076923 0.1875 0.21634615384615385
0 0.8677884615384616 0.109375 0.2644230769230769 0.2091346153846154
0 0.5576923076923077 0.028846153846153848 0.34615384615384615 0.04807692307692308
0 0.5036057692307693 0.5012019230769231 0.9927884615384616 0.9975961538461539
