0 0.7355769230769231 0.2764423076923077 0.28846153846153844 0.08653846153846154
0 0.49759615384615385 0.31850961538461536 0.1971153846153846 0.1466346153846154
0 0.5096153846153846 0.2920673076923077 0.15865384615384615 0.06009615384615385
0 0.41466346153846156 0.30528846153846156 0.17548076923076922 0.09615384615384616
0 0.5540865384615384 0.40865384615384615 0.12259615384615384 0.1778846153846154
0 0.6875 0.33052884615384615 0.22596153846153846 0.06971153846153846
0 0.6153846153846154 0.3125 0.14423076923076922 0.038461538461538464
0 0.6754807692307693 0.42427884615384615 0.1201923076923077 0.22355769230769232
0 0.7463942307692307 0.43149038461538464 0.10336538461538461 0.19951923076923078
0 0.7908653846153846 0.43509615384615385 0.1346153846153846 0.19230769230769232
0 0.8737980769230769 0.38822115384615385 0.06009615384615385 0.17067307692307693
0 0.8497596153846154 0.5408653846153846 0.0985576923076923 0.18269230769230768
0 0.8641826923076923 0.6802884615384616 0.11298076923076923 0.14423076923076922
0 0.8317307692307693 0.8112980769230769 0.16346153846153846 0.11298076923076923
0 0.7740384615384616 0.8882211538461539 0.14903846153846154 0.07932692307692307
0 0.6442307692307693 0.9074519230769231 0.21153846153846154 0.06971153846153846
0 0.4735576923076923 0.9074519230769231 0.2644230769230769 0.040865384615384616
0 0.31490384615384615 0.8028846153846154 0.13942307692307693 0.13942307692307693
0 0.31490384615384615 0.8629807692307693 0.14903846153846154 0.1346153846153846
0 0.4110576923076923 0.8425480769230769 0.07211538461538461 0.036057692307692304
0 0.41346153846153844 0.7980769230769231 0.07692307692307693 0.0625
0 0.4735576923076923 0.7644230769230769 0.07692307692307693 0.1875
0 0.4891826923076923 0.8533653846153846 0.10817307692307693 0.07211538461538461
0 0.5492788461538461 0.9230769230769231 0.19471153846153846 0.057692307692307696
0 0.5973557692307693 0.8317307692307693 0.0985576923076923 0.09615384615384616
0 0.6598557692307693 0.7764423076923077 0.17067307692307693 0.15865384615384615
0 0.6971153846153846 0.6742788461538461 0.07692307692307693 0.19471153846153846
0 0.7632211538461539 0.7319711538461539 0.11778846153846154 0.13221153846153846
0 0.8112980769230769 0.7415865384615384 0.09375 0.0889423076923077
0 0.7704326923076923 0.59375 0.10336538461538461 0.13942307692307693
0 0.5865384615384616 0.734375 0.1346153846153846 0.15144230769230768
0 0.5504807692307693 0.6850961538461539 0.07211538461538461 0.1346153846153846
0 0.6334134615384616 0.5961538461538461 0.0889423076923077 0.1201923076923077
0 0.7007211538461539 0.5540865384615384 0.04567307692307692 0.04567307692307692
0 0.46153846153846156 0.640625 0.21634615384615385 0.1466346153846154
0 0.2920673076923077 0.6814903846153846 0.10336538461538461 0.09375
0 0.26802884615384615 0.5024038461538461 0.055288461538461536 0.1971153846153846
0 0.32091346153846156 0.44471153846153844 0.10817307692307693 0.09615384615384616
0 0.35096153846153844 0.5264423076923077 0.14903846153846154 0.15865384615384615
0 0.44350961538461536 0.53125 0.10817307692307693 0.0625
0 0.3762019230769231 0.5757211538461539 0.0985576923076923 0.07932692307692307
0 0.5516826923076923 0.6538461538461539 0.0889423076923077 0.1971153846153846
0 0.6310096153846154 0.5612980769230769 0.08413461538461539 0.05048076923076923
0 0.47115384615384615 0.5757211538461539 0.125 0.0889423076923077
0 0.3473557692307692 0.40384615384615385 0.15625 0.08653846153846154
0 0.43509615384615385 0.4326923076923077 0.28846153846153844 0.2548076923076923
4 0.5745192307692307 0.22235576923076922 0.6923076923076923 0.06009615384615385
4 0.9254807692307693 0.6237980769230769 0.0625 0.7475961538461539
4 0.2091346153846154 0.5985576923076923 0.07211538461538461 0.7980769230769231
4 0.328125 0.9615384615384616 0.18509615384615385 0.07692307692307693
4 0.6646634615384616 0.9807692307692307 0.4879807692307692 0.03365384615384615
