0 0.5721153846153846 0.10817307692307693 0.10096153846153846 0.0625
0 0.48677884615384615 0.10336538461538461 0.06009615384615385 0.0625
0 0.2764423076923077 0.11057692307692307 0.07692307692307693 0.0673076923076923
0 0.22716346153846154 0.11057692307692307 0.040865384615384616 0.0673076923076923
0 0.18269230769230768 0.12379807692307693 0.0625 0.08413461538461539
0 0.11177884615384616 0.12740384615384615 0.06009615384615385 0.09134615384615384
0 0.06971153846153846 0.14543269230769232 0.08173076923076923 0.12740384615384615
0 0.02403846153846154 0.1502403846153846 0.03365384615384615 0.07451923076923077
0 0.019230769230769232 0.0985576923076923 0.02403846153846154 0.04326923076923077
0 0.055288461538461536 0.24158653846153846 0.09615384615384616 0.13701923076923078
0 0.09134615384615384 0.23557692307692307 0.07211538461538461 0.0625
0 0.13221153846153846 0.17307692307692307 0.057692307692307696 0.0625
0 0.2283653846153846 0.21394230769230768 0.09134615384615384 0.052884615384615384
0 0.5793269230769231 0.23076923076923078 0.07692307692307693 0.11538461538461539
0 0.5528846153846154 0.29927884615384615 0.02403846153846154 0.03125
0 0.6225961538461539 0.15865384615384615 0.0673076923076923 0.1201923076923077
0 0.703125 0.13942307692307693 0.06009615384615385 0.11538461538461539
0 0.7836538461538461 0.16105769230769232 0.10096153846153846 0.16826923076923078
0 0.8774038461538461 0.22355769230769232 0.10096153846153846 0.11057692307692307
0 0.8798076923076923 0.12259615384615384 0.09615384615384616 0.09134615384615384
0 0.9627403846153846 0.18028846153846154 0.07451923076923077 0.14903846153846154
0 0.9915865384615384 0.20432692307692307 0.016826923076923076 0.12980769230769232
0 0.9399038461538461 0.29086538461538464 0.10096153846153846 0.11057692307692307
0 0.9675480769230769 0.3942307692307692 0.06490384615384616 0.12980769230769232
0 0.9038461538461539 0.39903846153846156 0.057692307692307696 0.09615384615384616
0 0.8365384615384616 0.37259615384615385 0.08173076923076923 0.09615384615384616
0 0.8161057692307693 0.4254807692307692 0.07932692307692307 0.052884615384615384
0 0.7596153846153846 0.421875 0.07211538461538461 0.08413461538461539
0 0.7019230769230769 0.39663461538461536 0.1346153846153846 0.11057692307692307
0 0.65625 0.4735576923076923 0.052884615384615384 0.052884615384615384
0 0.6514423076923077 0.546875 0.0625 0.07451923076923077
0 0.6706730769230769 0.6225961538461539 0.04807692307692308 0.11538461538461539
0 0.6346153846153846 0.7067307692307693 0.08173076923076923 0.11538461538461539
0 0.65625 0.7764423076923077 0.052884615384615384 0.09615384615384616
0 0.6682692307692307 0.8389423076923077 0.038461538461538464 0.10576923076923077
0 0.75 0.9290865384615384 0.07692307692307693 0.07451923076923077
0 0.7259615384615384 0.8605769230769231 0.08173076923076923 0.11538461538461539
0 0.7163461538461539 0.7608173076923077 0.08173076923076923 0.08413461538461539
0 0.6995192307692307 0.6826923076923077 0.0625 0.0673076923076923
0 0.7331730769230769 0.6177884615384616 0.08173076923076923 0.10576923076923077
0 0.8100961538461539 0.6129807692307693 0.08173076923076923 0.10096153846153846
0 0.7716346153846154 0.71875 0.08653846153846154 0.1201923076923077
0 0.8052884615384616 0.7944711538461539 0.10096153846153846 0.13221153846153846
0 0.8028846153846154 0.8822115384615384 0.07692307692307693 0.10576923076923077
0 0.8629807692307693 0.8942307692307693 0.0625 0.0673076923076923
0 0.875 0.7932692307692307 0.09134615384615384 0.1201923076923077
0 0.9050480769230769 0.7307692307692307 0.04567307692307692 0.057692307692307696
0 0.8533653846153846 0.6826923076923077 0.08653846153846154 0.1201923076923077
0 0.90625 0.65625 0.052884615384615384 0.09134615384615384
0 0.9038461538461539 0.5408653846153846 0.057692307692307696 0.1201923076923077
0 0.8701923076923077 0.5913461538461539 0.04807692307692308 0.0625
0 0.9879807692307693 0.7956730769230769 0.02403846153846154 0.12980769230769232
0 0.6334134615384616 0.9795673076923077 0.06009615384615385 0.040865384615384616
0 0.5360576923076923 0.9423076923076923 0.0625 0.057692307692307696
0 0.8185096153846154 0.9855769230769231 0.06971153846153846 0.028846153846153848
0 0.0889423076923077 0.3389423076923077 0.0673076923076923 0.0673076923076923
0 0.057692307692307696 0.3858173076923077 0.08653846153846154 0.07932692307692307
0 0.052884615384615384 0.44711538461538464 0.057692307692307696 0.04326923076923077
0 0.16346153846153846 0.36899038461538464 0.057692307692307696 0.07451923076923077
0 0.1201923076923077 0.421875 0.0673076923076923 0.07451923076923077
0 0.12259615384615384 0.46153846153846156 0.057692307692307696 0.057692307692307696
0 0.18269230769230768 0.44711538461538464 0.07692307692307693 0.10576923076923077
0 0.22355769230769232 0.37259615384615385 0.0625 0.0625
0 0.23798076923076922 0.4326923076923077 0.03365384615384615 0.052884615384615384
0 0.27283653846153844 0.3954326923076923 0.040865384615384616 0.08413461538461539
0 0.33413461538461536 0.4375 0.09615384615384616 0.09615384615384616
0 0.3701923076923077 0.5012019230769231 0.11538461538461539 0.13701923076923078
0 0.2932692307692308 0.47115384615384615 0.08173076923076923 0.0673076923076923
0 0.23798076923076922 0.5048076923076923 0.0625 0.09615384615384616
0 0.1778846153846154 0.5384615384615384 0.0625 0.10576923076923077
0 0.12860576923076922 0.5288461538461539 0.040865384615384616 0.0673076923076923
0 0.0829326923076923 0.49158653846153844 0.04567307692307692 0.07932692307692307
0 0.052884615384615384 0.5084134615384616 0.028846153846153848 0.07932692307692307
0 0.06009615384615385 0.5961538461538461 0.04807692307692308 0.09615384615384616
0 0.09615384615384616 0.5901442307692307 0.0625 0.13701923076923078
0 0.14423076923076922 0.6201923076923077 0.0625 0.11057692307692307
0 0.1971153846153846 0.6370192307692307 0.04807692307692308 0.0625
0 0.21875 0.5961538461538461 0.04807692307692308 0.10576923076923077
0 0.265625 0.5985576923076923 0.04567307692307692 0.10096153846153846
0 0.30528846153846156 0.5384615384615384 0.04807692307692308 0.052884615384615384
0 0.3161057692307692 0.6081730769230769 0.07932692307692307 0.10096153846153846
0 0.39663461538461536 0.6298076923076923 0.09134615384615384 0.1201923076923077
0 0.44471153846153844 0.5408653846153846 0.0625 0.10096153846153846
0 0.49278846153846156 0.6081730769230769 0.10096153846153846 0.11057692307692307
0 0.5432692307692307 0.5204326923076923 0.08173076923076923 0.18990384615384615
0 0.47596153846153844 0.7043269230769231 0.11538461538461539 0.11057692307692307
0 0.4206730769230769 0.7487980769230769 0.09134615384615384 0.12740384615384615
0 0.3894230769230769 0.7908653846153846 0.057692307692307696 0.0625
0 0.34375 0.765625 0.11057692307692307 0.12740384615384615
0 0.35216346153846156 0.6658653846153846 0.04567307692307692 0.057692307692307696
0 0.2956730769230769 0.6959134615384616 0.09615384615384616 0.08413461538461539
0 0.2668269230769231 0.7668269230769231 0.07692307692307693 0.10096153846153846
0 0.2283653846153846 0.7043269230769231 0.0673076923076923 0.10096153846153846
0 0.1778846153846154 0.7163461538461539 0.03365384615384615 0.09615384615384616
0 0.14423076923076922 0.7055288461538461 0.057692307692307696 0.08413461538461539
0 0.09375 0.7067307692307693 0.0673076923076923 0.09615384615384616
0 0.06370192307692307 0.7403846153846154 0.06009615384615385 0.0673076923076923
0 0.027644230769230768 0.7824519230769231 0.040865384615384616 0.07932692307692307
0 0.027644230769230768 0.71875 0.040865384615384616 0.038461538461538464
0 0.030048076923076924 0.6658653846153846 0.04567307692307692 0.057692307692307696
0 0.02403846153846154 0.59375 0.03365384615384615 0.09134615384615384
0 0.020432692307692308 0.5048076923076923 0.026442307692307692 0.052884615384615384
0 0.052884615384615384 0.953125 0.0673076923076923 0.07932692307692307
0 0.07932692307692307 0.9639423076923077 0.0625 0.07211538461538461
0 0.15144230769230768 0.9615384615384616 0.09615384615384616 0.07692307692307693
0 0.21995192307692307 0.9615384615384616 0.0889423076923077 0.07692307692307693
0 0.2932692307692308 0.953125 0.07692307692307693 0.07932692307692307
0 0.2403846153846154 0.90625 0.08173076923076923 0.09134615384615384
0 0.1971153846153846 0.8810096153846154 0.0625 0.08413461538461539
0 0.31009615384615385 0.8846153846153846 0.07692307692307693 0.09134615384615384
0 0.38221153846153844 0.9639423076923077 0.07692307692307693 0.07211538461538461
0 0.3629807692307692 0.9242788461538461 0.057692307692307696 0.08413461538461539
0 0.4230769230769231 0.8737980769230769 0.08653846153846154 0.13221153846153846
0 0.47836538461538464 0.8629807692307693 0.04807692307692308 0.057692307692307696
0 0.4891826923076923 0.7956730769230769 0.07932692307692307 0.09615384615384616
0 0.36538461538461536 0.8581730769230769 0.057692307692307696 0.04807692307692308
0 0.25961538461538464 0.8497596153846154 0.0625 0.08413461538461539
0 0.16346153846153846 0.8365384615384616 0.057692307692307696 0.09134615384615384
0 0.16826923076923078 0.7740384615384616 0.052884615384615384 0.04807692307692308
0 0.21754807692307693 0.7944711538461539 0.04567307692307692 0.07932692307692307
0 0.06009615384615385 0.8233173076923077 0.04807692307692308 0.08413461538461539
0 0.11177884615384616 0.796875 0.06009615384615385 0.07451923076923077
0 0.09375 0.8798076923076923 0.038461538461538464 0.057692307692307696
4 0.30528846153846156 0.22596153846153846 0.47596153846153844 0.16826923076923078
4 0.036057692307692304 0.31490384615384615 0.052884615384615384 0.04326923076923077
4 0.4651442307692308 0.3701923076923077 0.1658653846153846 0.1201923076923077
4 0.3401442307692308 0.3545673076923077 0.07932692307692307 0.07932692307692307
4 0.2644230769230769 0.3317307692307692 0.07211538461538461 0.04326923076923077
4 0.1971153846153846 0.32091346153846156 0.0625 0.021634615384615384
4 0.15264423076923078 0.31490384615384615 0.026442307692307692 0.009615384615384616
4 0.4879807692307692 0.47836538461538464 0.028846153846153848 0.10576923076923077
4 0.453125 0.46153846153846156 0.040865384615384616 0.057692307692307696
4 0.41586538461538464 0.44471153846153844 0.028846153846153848 0.014423076923076924
4 0.5120192307692307 0.44591346153846156 0.019230769230769232 0.026442307692307692
