0 0.6658653846153846 0.6334134615384616 0.32211538461538464 0.23798076923076922
0 0.6141826923076923 0.43028846153846156 0.39663461538461536 0.23557692307692307
0 0.47836538461538464 0.8197115384615384 0.20192307692307693 0.21634615384615385
0 0.42788461538461536 0.8028846153846154 0.15384615384615385 0.1875
0 0.40625 0.75 0.15865384615384615 0.15384615384615385
0 0.29927884615384615 0.8581730769230769 0.18028846153846154 0.20673076923076922
0 0.18269230769230768 0.8497596153846154 0.22115384615384615 0.25240384615384615
0 0.43990384615384615 0.5360576923076923 0.11057692307692307 0.15384615384615385
0 0.375 0.6586538461538461 0.22596153846153846 0.23557692307692307
0 0.2932692307692308 0.39302884615384615 0.2644230769230769 0.23317307692307693
0 0.19831730769230768 0.515625 0.3389423076923077 0.25240384615384615
0 0.16466346153846154 0.6586538461538461 0.29086538461538464 0.23076923076923078
0 0.028846153846153848 0.6021634615384616 0.04326923076923077 0.09375
