0 0.2764423076923077 0.6826923076923077 0.38461538461538464 0.5144230769230769
0 0.5649038461538461 0.5492788461538461 0.27403846153846156 0.4014423076923077
0 0.7524038461538461 0.46274038461538464 0.21634615384615385 0.3293269230769231
0 0.8918269230769231 0.38100961538461536 0.14903846153846154 0.25240384615384615
0 0.9579326923076923 0.35096153846153844 0.07932692307692307 0.22115384615384615
0 0.7932692307692307 0.27524038461538464 0.09615384615384616 0.11298076923076923
0 0.6911057692307693 0.28966346153846156 0.1466346153846154 0.17067307692307693
0 0.5564903846153846 0.34375 0.18028846153846154 0.21634615384615385
0 0.36899038461538464 0.3581730769230769 0.24278846153846154 0.22596153846153846
0 0.12620192307692307 0.49759615384615385 0.24759615384615385 0.3798076923076923
