0 0.9002403846153846 0.6850961538461539 0.19951923076923078 0.42788461538461536
0 0.8173076923076923 0.8990384615384616 0.34134615384615385 0.1971153846153846
0 0.6466346153846154 0.7920673076923077 0.3269230769230769 0.36778846153846156
0 0.3870192307692308 0.875 0.4182692307692308 0.24519230769230768
0 0.46634615384615385 0.9459134615384616 0.28846153846153844 0.10336538461538461
0 0.09375 0.8798076923076923 0.18269230769230768 0.23557692307692307
0 0.1310096153846154 0.5949519230769231 0.25240384615384615 0.6514423076923077
0 0.35697115384615385 0.6442307692307693 0.31009615384615385 0.4423076923076923
0 0.6213942307692307 0.4699519230769231 0.33413461538461536 0.4110576923076923
0 0.8413461538461539 0.4831730769230769 0.30288461538461536 0.3173076923076923
0 0.9423076923076923 0.39663461538461536 0.11538461538461539 0.23076923076923078
0 0.7932692307692307 0.23677884615384615 0.22596153846153846 0.3293269230769231
0 0.9302884615384616 0.17067307692307693 0.13942307692307693 0.28846153846153844
0 0.7572115384615384 0.10817307692307693 0.19230769230769232 0.20673076923076922
0 0.5649038461538461 0.19951923076923078 0.20673076923076922 0.16346153846153846
0 0.36177884615384615 0.40625 0.2668269230769231 0.23076923076923078
0 0.3401442307692308 0.22956730769230768 0.2764423076923077 0.3004807692307692
0 0.12259615384615384 0.29927884615384615 0.23557692307692307 0.27163461538461536
0 0.13942307692307693 0.12620192307692307 0.23076923076923078 0.22355769230769232
0 0.31009615384615385 0.1045673076923077 0.28846153846153844 0.19951923076923078
0 0.5420673076923077 0.07932692307692307 0.22355769230769232 0.15384615384615385
0 0.027644230769230768 0.1045673076923077 0.04567307692307692 0.19951923076923078
0 0.5024038461538461 0.5012019230769231 0.9951923076923077 0.9927884615384616
