0 0.9711538461538461 0.17908653846153846 0.052884615384615384 0.12740384615384615
0 0.9483173076923077 0.12139423076923077 0.0985576923076923 0.09375
0 0.9711538461538461 0.057692307692307696 0.052884615384615384 0.07211538461538461
0 0.9110576923076923 0.08653846153846154 0.17307692307692307 0.15865384615384615
0 0.8990384615384616 0.036057692307692304 0.1201923076923077 0.057692307692307696
0 0.8245192307692307 0.038461538461538464 0.08173076923076923 0.0625
0 0.8137019230769231 0.078125 0.06009615384615385 0.036057692307692304
0 0.7487980769230769 0.06850961538461539 0.06009615384615385 0.06490384615384616
0 0.6418269230769231 0.019230769230769232 0.0673076923076923 0.02403846153846154
0 0.7908653846153846 0.18990384615384615 0.15384615384615385 0.09615384615384616
0 0.890625 0.21875 0.10336538461538461 0.07692307692307693
0 0.78125 0.2860576923076923 0.16826923076923078 0.10096153846153846
0 0.9615384615384616 0.38100961538461536 0.07211538461538461 0.12259615384615384
0 0.9591346153846154 0.30528846153846156 0.07692307692307693 0.0625
0 0.41225961538461536 0.1310096153846154 0.21875 0.21394230769230768
0 0.3125 0.10576923076923077 0.09134615384615384 0.1778846153846154
0 0.40625 0.039663461538461536 0.1875 0.06490384615384616
0 0.39663461538461536 0.2692307692307692 0.04326923076923077 0.038461538461538464
0 0.41346153846153844 0.25 0.052884615384615384 0.038461538461538464
0 0.40024038461538464 0.21875 0.016826923076923076 0.02403846153846154
0 0.43990384615384615 0.21394230769230768 0.04326923076923077 0.04326923076923077
0 0.4206730769230769 0.18269230769230768 0.038461538461538464 0.03365384615384615
0 0.4639423076923077 0.17668269230769232 0.038461538461538464 0.05048076923076923
0 0.4423076923076923 0.14783653846153846 0.038461538461538464 0.036057692307692304
0 0.4639423076923077 0.11177884615384616 0.038461538461538464 0.036057692307692304
0 0.5048076923076923 0.1346153846153846 0.052884615384615384 0.038461538461538464
0 0.5192307692307693 0.10336538461538461 0.04807692307692308 0.03365384615384615
0 0.5120192307692307 0.078125 0.04326923076923077 0.036057692307692304
0 0.421875 0.3269230769230769 0.06009615384615385 0.04807692307692308
0 0.44471153846153844 0.2824519230769231 0.04326923076923077 0.05048076923076923
0 0.47596153846153844 0.25 0.04807692307692308 0.052884615384615384
0 0.5048076923076923 0.18389423076923078 0.07692307692307693 0.05048076923076923
0 0.5685096153846154 0.1778846153846154 0.06009615384615385 0.0625
0 0.5336538461538461 0.22115384615384615 0.0673076923076923 0.04807692307692308
0 0.5697115384615384 0.2668269230769231 0.038461538461538464 0.04807692307692308
0 0.6033653846153846 0.22355769230769232 0.04326923076923077 0.057692307692307696
0 0.5120192307692307 0.2776442307692308 0.0673076923076923 0.06490384615384616
0 0.4807692307692308 0.3173076923076923 0.07211538461538461 0.052884615384615384
0 0.46634615384615385 0.36778846153846156 0.07692307692307693 0.052884615384615384
0 0.2439903846153846 0.052884615384615384 0.0985576923076923 0.09134615384615384
0 0.5817307692307693 0.4206730769230769 0.23076923076923078 0.27884615384615385
0 0.5721153846153846 0.5528846153846154 0.11057692307692307 0.057692307692307696
0 0.5841346153846154 0.5192307692307693 0.09134615384615384 0.038461538461538464
0 0.5829326923076923 0.5 0.021634615384615384 0.02403846153846154
0 0.5769230769230769 0.578125 0.11057692307692307 0.06490384615384616
0 0.5817307692307693 0.5528846153846154 0.07692307692307693 0.038461538461538464
0 0.5925480769230769 0.5889423076923077 0.14182692307692307 0.0673076923076923
0 0.6033653846153846 0.5973557692307693 0.12980769230769232 0.07932692307692307
0 0.6069711538461539 0.6177884615384616 0.13701923076923078 0.0673076923076923
0 0.6105769230769231 0.6466346153846154 0.1201923076923077 0.04807692307692308
0 0.5817307692307693 0.6754807692307693 0.052884615384615384 0.03365384615384615
0 0.6706730769230769 0.4326923076923077 0.08653846153846154 0.07692307692307693
0 0.6778846153846154 0.43509615384615385 0.11538461538461539 0.11057692307692307
0 0.6754807692307693 0.49278846153846156 0.11057692307692307 0.07211538461538461
0 0.7235576923076923 0.4254807692307692 0.04326923076923077 0.052884615384615384
0 0.6766826923076923 0.5072115384615384 0.10336538461538461 0.07211538461538461
0 0.6959134615384616 0.5288461538461539 0.0985576923076923 0.08653846153846154
0 0.75 0.4423076923076923 0.04807692307692308 0.10576923076923077
0 0.7596153846153846 0.4543269230769231 0.038461538461538464 0.10576923076923077
0 0.7151442307692307 0.5576923076923077 0.10336538461538461 0.10096153846153846
0 0.7367788461538461 0.5733173076923077 0.13701923076923078 0.12740384615384615
0 0.7908653846153846 0.4987980769230769 0.052884615384615384 0.06490384615384616
0 0.6009615384615384 0.7139423076923077 0.038461538461538464 0.0673076923076923
0 0.6538461538461539 0.7115384615384616 0.08653846153846154 0.0673076923076923
0 0.65625 0.6610576923076923 0.09134615384615384 0.04807692307692308
0 0.6971153846153846 0.6826923076923077 0.03365384615384615 0.038461538461538464
0 0.7463942307692307 0.625 0.0985576923076923 0.038461538461538464
0 0.7620192307692307 0.5925480769230769 0.0673076923076923 0.036057692307692304
0 0.8341346153846154 0.5865384615384616 0.0673076923076923 0.04326923076923077
0 0.8293269230769231 0.5564903846153846 0.03365384615384615 0.021634615384615384
0 0.84375 0.6225961538461539 0.0673076923076923 0.057692307692307696
0 0.8798076923076923 0.6466346153846154 0.04807692307692308 0.038461538461538464
0 0.8509615384615384 0.6706730769230769 0.052884615384615384 0.04326923076923077
0 0.8341346153846154 0.7127403846153846 0.07692307692307693 0.05048076923076923
0 0.9242788461538461 0.6586538461538461 0.06009615384615385 0.07211538461538461
0 0.7836538461538461 0.7259615384615384 0.07692307692307693 0.09615384615384616
0 0.7355769230769231 0.7055288461538461 0.052884615384615384 0.05048076923076923
0 0.6814903846153846 0.7860576923076923 0.14182692307692307 0.14423076923076922
0 0.6298076923076923 0.7740384615384616 0.07211538461538461 0.0625
0 0.7439903846153846 0.7836538461538461 0.06009615384615385 0.0625
0 0.7692307692307693 0.8028846153846154 0.27403846153846156 0.22596153846153846
0 0.8173076923076923 0.8004807692307693 0.2403846153846154 0.17307692307692307
0 0.9074519230769231 0.7560096153846154 0.10336538461538461 0.05048076923076923
0 0.8858173076923077 0.7788461538461539 0.13701923076923078 0.07211538461538461
0 0.8617788461538461 0.8653846153846154 0.2764423076923077 0.2692307692307692
0 0.15985576923076922 0.03245192307692308 0.06009615384615385 0.05048076923076923
0 0.5432692307692307 0.9663461538461539 0.0673076923076923 0.04326923076923077
0 0.5036057692307693 0.9867788461538461 0.09375 0.026442307692307692
0 0.5685096153846154 0.9903846153846154 0.05048076923076923 0.019230769230769232
0 0.17307692307692307 0.9543269230769231 0.08653846153846154 0.052884615384615384
0 0.18389423076923078 0.984375 0.0889423076923077 0.03125
0 0.109375 0.9831730769230769 0.09375 0.03365384615384615
0 0.06971153846153846 0.9747596153846154 0.04326923076923077 0.036057692307692304
0 0.0625 0.9362980769230769 0.07692307692307693 0.040865384615384616
0 0.052884615384615384 0.8978365384615384 0.07692307692307693 0.036057692307692304
0 0.057692307692307696 0.8713942307692307 0.03365384615384615 0.021634615384615384
0 0.054086538461538464 0.8425480769230769 0.06009615384615385 0.036057692307692304
0 0.07211538461538461 0.8209134615384616 0.038461538461538464 0.021634615384615384
0 0.1045673076923077 0.8052884615384616 0.06009615384615385 0.03365384615384615
0 0.12259615384615384 0.8701923076923077 0.0673076923076923 0.03365384615384615
0 0.11778846153846154 0.8353365384615384 0.052884615384615384 0.036057692307692304
0 0.15865384615384615 0.8028846153846154 0.04807692307692308 0.04326923076923077
0 0.15384615384615385 0.7764423076923077 0.04807692307692308 0.03365384615384615
0 0.1658653846153846 0.8425480769230769 0.04326923076923077 0.03125
0 0.17307692307692307 0.8774038461538461 0.03365384615384615 0.038461538461538464
0 0.15384615384615385 0.9038461538461539 0.04807692307692308 0.038461538461538464
0 0.11778846153846154 0.9350961538461539 0.04326923076923077 0.04807692307692308
0 0.11057692307692307 0.8990384615384616 0.028846153846153848 0.02403846153846154
0 0.234375 0.24278846153846154 0.06009615384615385 0.03365384615384615
0 0.27283653846153844 0.22596153846153846 0.016826923076923076 0.02403846153846154
0 0.27403846153846156 0.24278846153846154 0.028846153846153848 0.019230769230769232
0 0.27403846153846156 0.26802884615384615 0.028846153846153848 0.021634615384615384
0 0.23076923076923078 0.27884615384615385 0.04807692307692308 0.028846153846153848
0 0.23557692307692307 0.25721153846153844 0.038461538461538464 0.014423076923076924
0 0.19230769230769232 0.27163461538461536 0.028846153846153848 0.028846153846153848
0 0.20192307692307693 0.2980769230769231 0.028846153846153848 0.019230769230769232
0 0.17668269230769232 0.3004807692307692 0.021634615384615384 0.028846153846153848
0 0.1971153846153846 0.3245192307692308 0.038461538461538464 0.03365384615384615
0 0.1658653846153846 0.3317307692307692 0.03365384615384615 0.028846153846153848
0 0.25721153846153844 0.31971153846153844 0.08173076923076923 0.0673076923076923
0 0.29447115384615385 0.36899038461538464 0.10336538461538461 0.07932692307692307
0 0.2920673076923077 0.4639423076923077 0.0985576923076923 0.09134615384615384
0 0.17427884615384615 0.44711538461538464 0.10336538461538461 0.09134615384615384
0 0.18629807692307693 0.38341346153846156 0.10336538461538461 0.06490384615384616
0 0.22115384615384615 0.5264423076923077 0.11057692307692307 0.07692307692307693
0 0.4266826923076923 0.8737980769230769 0.23798076923076922 0.25240384615384615
0 0.32572115384615385 0.8149038461538461 0.0985576923076923 0.07211538461538461
0 0.3798076923076923 0.7475961538461539 0.08653846153846154 0.0673076923076923
0 0.43990384615384615 0.7139423076923077 0.0673076923076923 0.0673076923076923
0 0.3701923076923077 0.6971153846153846 0.07692307692307693 0.052884615384615384
0 0.3605769230769231 0.65625 0.07211538461538461 0.03365384615384615
0 0.36658653846153844 0.6129807692307693 0.06009615384615385 0.0625
0 0.41346153846153844 0.6129807692307693 0.052884615384615384 0.04807692307692308
0 0.43028846153846156 0.65625 0.052884615384615384 0.0625
0 0.2644230769230769 0.6466346153846154 0.1201923076923077 0.0625
0 0.2644230769230769 0.5865384615384616 0.052884615384615384 0.04326923076923077
0 0.30528846153846156 0.5997596153846154 0.04807692307692308 0.021634615384615384
0 0.30288461538461536 0.5793269230769231 0.0673076923076923 0.028846153846153848
0 0.28365384615384615 0.5396634615384616 0.04807692307692308 0.06490384615384616
0 0.3233173076923077 0.5384615384615384 0.06009615384615385 0.057692307692307696
0 0.3581730769230769 0.5625 0.0673076923076923 0.02403846153846154
0 0.3629807692307692 0.5384615384615384 0.03365384615384615 0.03365384615384615
0 0.39663461538461536 0.53125 0.04326923076923077 0.03365384615384615
0 0.4014423076923077 0.5504807692307693 0.04326923076923077 0.028846153846153848
0 0.37259615384615385 0.49278846153846156 0.04807692307692308 0.038461538461538464
0 0.3605769230769231 0.47115384615384615 0.028846153846153848 0.03365384615384615
0 0.27884615384615385 0.78125 0.038461538461538464 0.04326923076923077
0 0.27163461538461536 0.7403846153846154 0.04326923076923077 0.038461538461538464
0 0.25961538461538464 0.7139423076923077 0.03365384615384615 0.019230769230769232
0 0.31971153846153844 0.7740384615384616 0.04326923076923077 0.03365384615384615
0 0.30528846153846156 0.7415865384615384 0.038461538461538464 0.036057692307692304
0 0.3004807692307692 0.7043269230769231 0.028846153846153848 0.038461538461538464
0 0.31971153846153844 0.7259615384615384 0.03365384615384615 0.02403846153846154
0 0.1201923076923077 0.38461538461538464 0.038461538461538464 0.038461538461538464
0 0.125 0.35096153846153844 0.04807692307692308 0.04326923076923077
0 0.12139423076923077 0.32091346153846156 0.06009615384615385 0.021634615384615384
0 0.14423076923076922 0.2956730769230769 0.052884615384615384 0.02403846153846154
0 0.12980769230769232 0.27163461538461536 0.04326923076923077 0.028846153846153848
0 0.1658653846153846 0.25721153846153844 0.052884615384615384 0.028846153846153848
0 0.17307692307692307 0.27403846153846156 0.03365384615384615 0.028846153846153848
0 0.11538461538461539 0.24278846153846154 0.028846153846153848 0.02403846153846154
0 0.16466346153846154 0.22716346153846154 0.06009615384615385 0.036057692307692304
0 0.15625 0.19951923076923078 0.04326923076923077 0.02403846153846154
0 0.19471153846153846 0.19591346153846154 0.04326923076923077 0.036057692307692304
0 0.19230769230769232 0.16346153846153846 0.038461538461538464 0.019230769230769232
0 0.22355769230769232 0.1466346153846154 0.038461538461538464 0.019230769230769232
0 0.23076923076923078 0.16706730769230768 0.038461538461538464 0.021634615384615384
0 0.23317307692307693 0.19591346153846154 0.03365384615384615 0.036057692307692304
0 0.21153846153846154 0.22115384615384615 0.04326923076923077 0.02403846153846154
0 0.125 0.06490384615384616 0.04807692307692308 0.028846153846153848
0 0.09134615384615384 0.02403846153846154 0.08653846153846154 0.03365384615384615
0 0.057692307692307696 0.05889423076923077 0.11057692307692307 0.05048076923076923
0 0.06610576923076923 0.07692307692307693 0.10336538461538461 0.038461538461538464
0 0.12259615384615384 0.11538461538461539 0.03365384615384615 0.028846153846153848
0 0.1045673076923077 0.15144230769230768 0.016826923076923076 0.028846153846153848
0 0.125 0.1346153846153846 0.038461538461538464 0.02403846153846154
0 0.125 0.09134615384615384 0.028846153846153848 0.019230769230769232
0 0.17067307692307693 0.08653846153846154 0.038461538461538464 0.014423076923076924
0 0.1778846153846154 0.06971153846153846 0.04326923076923077 0.019230769230769232
0 0.1622596153846154 0.11057692307692307 0.021634615384615384 0.028846153846153848
0 0.21634615384615385 0.11057692307692307 0.04326923076923077 0.038461538461538464
0 0.19230769230769232 0.12259615384615384 0.04807692307692308 0.04326923076923077
0 0.12620192307692307 0.15264423076923078 0.06009615384615385 0.05048076923076923
0 0.016826923076923076 0.14903846153846154 0.028846153846153848 0.0625
0 0.02403846153846154 0.22115384615384615 0.04326923076923077 0.08653846153846154
0 0.05048076923076923 0.26802884615384615 0.028846153846153848 0.021634615384615384
0 0.016826923076923076 0.29086538461538464 0.028846153846153848 0.057692307692307696
0 0.016826923076923076 0.3245192307692308 0.028846153846153848 0.02403846153846154
0 0.052884615384615384 0.3329326923076923 0.03365384615384615 0.036057692307692304
0 0.04567307692307692 0.30408653846153844 0.03365384615384615 0.021634615384615384
0 0.05048076923076923 0.28846153846153844 0.038461538461538464 0.014423076923076924
0 0.021634615384615384 0.35336538461538464 0.038461538461538464 0.04326923076923077
0 0.019230769230769232 0.39663461538461536 0.03365384615384615 0.04807692307692308
0 0.06009615384615385 0.375 0.04807692307692308 0.04807692307692308
0 0.06009615384615385 0.41346153846153844 0.04807692307692308 0.04807692307692308
0 0.027644230769230768 0.4423076923076923 0.05048076923076923 0.057692307692307696
0 0.06490384615384616 0.4639423076923077 0.09134615384615384 0.04807692307692308
0 0.03125 0.49759615384615385 0.052884615384615384 0.0625
0 0.07692307692307693 0.5120192307692307 0.08173076923076923 0.04807692307692308
0 0.08653846153846154 0.5600961538461539 0.07211538461538461 0.052884615384615384
0 0.03125 0.5492788461538461 0.052884615384615384 0.05048076923076923
0 0.057692307692307696 0.6033653846153846 0.07692307692307693 0.057692307692307696
0 0.02403846153846154 0.5961538461538461 0.04326923076923077 0.04326923076923077
0 0.027644230769230768 0.65625 0.05048076923076923 0.07692307692307693
0 0.0985576923076923 0.6213942307692307 0.07211538461538461 0.06490384615384616
0 0.10336538461538461 0.6658653846153846 0.07211538461538461 0.057692307692307696
0 0.12139423076923077 0.7175480769230769 0.06009615384615385 0.06971153846153846
0 0.09375 0.7596153846153846 0.04807692307692308 0.04807692307692308
0 0.057692307692307696 0.7980769230769231 0.03365384615384615 0.03365384615384615
0 0.036057692307692304 0.7620192307692307 0.0673076923076923 0.0625
0 0.057692307692307696 0.7175480769230769 0.07692307692307693 0.06490384615384616
0 0.013221153846153846 0.7067307692307693 0.021634615384615384 0.04807692307692308
0 0.02403846153846154 0.8100961538461539 0.04326923076923077 0.038461538461538464
0 0.016826923076923076 0.8786057692307693 0.028846153846153848 0.10336538461538461
