0 0.5673076923076923 0.7139423076923077 0.09615384615384616 0.15384615384615385
0 0.6418269230769231 0.6466346153846154 0.11057692307692307 0.12980769230769232
0 0.6418269230769231 0.5432692307692307 0.08653846153846154 0.17307692307692307
0 0.7475961538461539 0.49759615384615385 0.11057692307692307 0.14903846153846154
0 0.84375 0.421875 0.09615384615384616 0.13701923076923078
0 0.84375 0.2932692307692308 0.0673076923076923 0.1201923076923077
0 0.75 0.27163461538461536 0.1201923076923077 0.15384615384615385
0 0.7524038461538461 0.375 0.09615384615384616 0.08653846153846154
0 0.6778846153846154 0.43509615384615385 0.0673076923076923 0.15384615384615385
0 0.6262019230769231 0.34375 0.0985576923076923 0.16826923076923078
0 0.6610576923076923 0.22956730769230768 0.125 0.10336538461538461
0 0.5637019230769231 0.27283653846153844 0.08413461538461539 0.18028846153846154
0 0.5 0.21634615384615385 0.09615384615384616 0.15384615384615385
0 0.42427884615384615 0.24278846153846154 0.06490384615384616 0.11057692307692307
0 0.33653846153846156 0.23197115384615385 0.11538461538461539 0.14182692307692307
0 0.3713942307692308 0.33413461538461536 0.0985576923076923 0.07211538461538461
0 0.4423076923076923 0.35336538461538464 0.08653846153846154 0.12980769230769232
0 0.49158653846153844 0.3942307692307692 0.11298076923076923 0.16826923076923078
0 0.5432692307692307 0.4254807692307692 0.038461538461538464 0.04807692307692308
0 0.5685096153846154 0.5216346153846154 0.08413461538461539 0.15384615384615385
0 0.5072115384615384 0.7043269230769231 0.052884615384615384 0.04807692307692308
0 0.5024038461538461 0.640625 0.0673076923076923 0.10336538461538461
0 0.15144230769230768 0.4831730769230769 0.1201923076923077 0.1201923076923077
0 0.12860576923076922 0.36538461538461536 0.08413461538461539 0.09134615384615384
0 0.14302884615384615 0.2548076923076923 0.0985576923076923 0.17307692307692307
0 0.19951923076923078 0.32211538461538464 0.09615384615384616 0.16826923076923078
0 0.2403846153846154 0.25 0.09615384615384616 0.1201923076923077
0 0.29086538461538464 0.3629807692307692 0.10096153846153846 0.1875
0 0.3605769230769231 0.4074519230769231 0.09134615384615384 0.0985576923076923
0 0.4483173076923077 0.5 0.12740384615384615 0.1875
0 0.4182692307692308 0.6322115384615384 0.11538461538461539 0.1201923076923077
0 0.41225961538461536 0.6899038461538461 0.11298076923076923 0.09134615384615384
0 0.33653846153846156 0.6237980769230769 0.07211538461538461 0.06009615384615385
0 0.3293269230769231 0.5492788461538461 0.08173076923076923 0.14182692307692307
0 0.25961538461538464 0.5528846153846154 0.09134615384615384 0.15865384615384615
