0 0.11658653846153846 0.038461538461538464 0.14182692307692307 0.0625
0 0.03125 0.039663461538461536 0.04326923076923077 0.06490384615384616
0 0.1201923076923077 0.109375 0.125 0.08413461538461539
0 0.036057692307692304 0.11298076923076923 0.052884615384615384 0.08653846153846154
0 0.07451923076923077 0.1875 0.12980769230769232 0.07692307692307693
0 0.2932692307692308 0.20432692307692307 0.3269230769230769 0.21634615384615385
0 0.3605769230769231 0.06009615384615385 0.32211538461538464 0.10576923076923077
0 0.09615384615384616 0.31490384615384615 0.17307692307692307 0.1778846153846154
0 0.08413461538461539 0.47836538461538464 0.15384615384615385 0.15865384615384615
0 0.3245192307692308 0.6322115384615384 0.3942307692307692 0.2403846153846154
0 0.21153846153846154 0.6418269230769231 0.40384615384615385 0.16346153846153846
0 0.20432692307692307 0.6971153846153846 0.3942307692307692 0.16826923076923078
0 0.20432692307692307 0.7536057692307693 0.3942307692307692 0.0985576923076923
0 0.5336538461538461 0.8894230769230769 0.15384615384615385 0.09615384615384616
0 0.5132211538461539 0.8473557692307693 0.18028846153846154 0.08413461538461539
0 0.4098557692307692 0.9170673076923077 0.13701923076923078 0.11298076923076923
0 0.3581730769230769 0.8401442307692307 0.11057692307692307 0.06971153846153846
0 0.27403846153846156 0.8798076923076923 0.15865384615384615 0.13942307692307693
0 0.21875 0.8161057692307693 0.09134615384615384 0.06971153846153846
0 0.1045673076923077 0.8076923076923077 0.18028846153846154 0.09134615384615384
0 0.13341346153846154 0.8942307692307693 0.14182692307692307 0.08653846153846154
0 0.039663461538461536 0.875 0.06009615384615385 0.07211538461538461
0 0.08774038461538461 0.9699519230769231 0.15144230769230768 0.06009615384615385
0 0.2512019230769231 0.9699519230769231 0.19471153846153846 0.06009615384615385
0 0.39302884615384615 0.9879807692307693 0.11778846153846154 0.02403846153846154
0 0.5324519230769231 0.96875 0.13221153846153846 0.0625
0 0.6153846153846154 0.9831730769230769 0.04326923076923077 0.038461538461538464
0 0.6057692307692307 0.9182692307692307 0.07211538461538461 0.07692307692307693
0 0.33413461538461536 0.5240384615384616 0.2692307692307692 0.2692307692307692
0 0.49399038461538464 0.5961538461538461 0.14182692307692307 0.22596153846153846
0 0.5661057692307693 0.59375 0.14182692307692307 0.32211538461538464
0 0.5985576923076923 0.4723557692307692 0.25 0.33413461538461536
0 0.4723557692307692 0.45913461538461536 0.3389423076923077 0.27403846153846156
0 0.3701923076923077 0.42788461538461536 0.3605769230769231 0.2403846153846154
0 0.3942307692307692 0.3641826923076923 0.4855769230769231 0.30528846153846156
0 0.16947115384615385 0.37259615384615385 0.22355769230769232 0.07692307692307693
0 0.5817307692307693 0.12980769230769232 0.25 0.17307692307692307
0 0.6105769230769231 0.03245192307692308 0.20673076923076922 0.05048076923076923
0 0.8365384615384616 0.08533653846153846 0.3269230769230769 0.1658653846153846
0 0.6634615384615384 0.27283653846153844 0.1971153846153846 0.12740384615384615
0 0.7560096153846154 0.27403846153846156 0.0985576923076923 0.0625
0 0.7956730769230769 0.19591346153846154 0.08653846153846154 0.06490384615384616
0 0.8052884615384616 0.21875 0.08653846153846154 0.04807692307692308
0 0.8425480769230769 0.27524038461538464 0.06009615384615385 0.036057692307692304
0 0.7992788461538461 0.3173076923076923 0.10336538461538461 0.07692307692307693
0 0.875 0.19591346153846154 0.09134615384615384 0.06490384615384616
0 0.921875 0.2512019230769231 0.0985576923076923 0.05048076923076923
0 0.9399038461538461 0.21754807692307693 0.038461538461538464 0.036057692307692304
0 0.9314903846153846 0.29086538461538464 0.0985576923076923 0.04326923076923077
0 0.8990384615384616 0.3293269230769231 0.08653846153846154 0.0625
0 0.6983173076923077 0.859375 0.6081730769230769 0.28125
0 0.7752403846153846 0.7259615384615384 0.25721153846153844 0.16826923076923078
0 0.7259615384615384 0.5685096153846154 0.2692307692307692 0.17067307692307693
0 0.8040865384615384 0.4254807692307692 0.25721153846153844 0.15865384615384615
0 0.9254807692307693 0.35216346153846156 0.08653846153846154 0.05048076923076923
0 0.9675480769230769 0.2956730769230769 0.06490384615384616 0.07692307692307693
0 0.9867788461538461 0.33052884615384615 0.026442307692307692 0.06009615384615385
0 0.9927884615384616 0.2800480769230769 0.014423076923076924 0.05048076923076923
0 0.9759615384615384 0.37259615384615385 0.052884615384615384 0.0625
0 0.9423076923076923 0.3942307692307692 0.0673076923076923 0.038461538461538464
0 0.9399038461538461 0.35096153846153844 0.038461538461538464 0.04326923076923077
0 0.9519230769230769 0.4807692307692308 0.09615384615384616 0.15865384615384615
0 0.9302884615384616 0.6394230769230769 0.13942307692307693 0.15865384615384615
