0 0.7536057692307693 0.48677884615384615 0.12259615384615384 0.16105769230769232
0 0.9170673076923077 0.45913461538461536 0.10336538461538461 0.14903846153846154
0 0.8822115384615384 0.6778846153846154 0.10576923076923077 0.125
0 0.9411057692307693 0.7908653846153846 0.10336538461538461 0.1875
0 0.9807692307692307 0.875 0.038461538461538464 0.17307692307692307
0 0.8365384615384616 0.8557692307692307 0.08173076923076923 0.09134615384615384
0 0.7872596153846154 0.75 0.0889423076923077 0.08653846153846154
0 0.7788461538461539 0.6478365384615384 0.04807692307692308 0.06490384615384616
0 0.8221153846153846 0.5504807692307693 0.052884615384615384 0.09615384615384616
0 0.7163461538461539 0.3605769230769231 0.11538461538461539 0.125
0 0.6706730769230769 0.47596153846153844 0.11057692307692307 0.08653846153846154
0 0.8990384615384616 0.15384615384615385 0.08173076923076923 0.13942307692307693
0 0.96875 0.08413461538461539 0.0625 0.14903846153846154
0 0.8966346153846154 0.04807692307692308 0.11538461538461539 0.09134615384615384
0 0.6129807692307693 0.021634615384615384 0.052884615384615384 0.038461538461538464
0 0.6586538461538461 0.03485576923076923 0.0673076923076923 0.06490384615384616
0 0.7211538461538461 0.021634615384615384 0.052884615384615384 0.038461538461538464
0 0.7764423076923077 0.03365384615384615 0.057692307692307696 0.057692307692307696
0 0.6286057692307693 0.6009615384615384 0.07451923076923077 0.08653846153846154
0 0.5685096153846154 0.6370192307692307 0.10336538461538461 0.09615384615384616
0 0.609375 0.7271634615384616 0.07451923076923077 0.06971153846153846
0 0.3485576923076923 0.7379807692307693 0.0625 0.08173076923076923
0 0.3004807692307692 0.7932692307692307 0.125 0.09615384615384616
0 0.3557692307692308 0.8870192307692307 0.0673076923076923 0.10096153846153846
0 0.5024038461538461 0.9278846153846154 0.08173076923076923 0.07692307692307693
0 0.31850961538461536 0.6033653846153846 0.0889423076923077 0.09134615384615384
0 0.25961538461538464 0.515625 0.07211538461538461 0.11298076923076923
0 0.25600961538461536 0.6358173076923077 0.07451923076923077 0.06971153846153846
0 0.30288461538461536 0.6995192307692307 0.0673076923076923 0.057692307692307696
0 0.2956730769230769 0.20673076923076922 0.08173076923076923 0.10576923076923077
0 0.23317307692307693 0.21153846153846154 0.0673076923076923 0.09615384615384616
0 0.21754807692307693 0.3449519230769231 0.07451923076923077 0.11298076923076923
0 0.22596153846153846 0.40865384615384615 0.052884615384615384 0.04807692307692308
0 0.1502403846153846 0.34134615384615385 0.0889423076923077 0.09615384615384616
0 0.18028846153846154 0.19951923076923078 0.0673076923076923 0.08173076923076923
0 0.21033653846153846 0.0889423076923077 0.0889423076923077 0.07692307692307693
0 0.25240384615384615 0.03485576923076923 0.04807692307692308 0.06490384615384616
0 0.3016826923076923 0.040865384615384616 0.06490384615384616 0.07692307692307693
0 0.37740384615384615 0.04807692307692308 0.08173076923076923 0.09134615384615384
0 0.0673076923076923 0.12379807692307693 0.07211538461538461 0.06971153846153846
0 0.07211538461538461 0.22716346153846154 0.07692307692307693 0.11298076923076923
0 0.11298076923076923 0.3317307692307692 0.07692307692307693 0.07692307692307693
0 0.013221153846153846 0.4519230769230769 0.021634615384615384 0.057692307692307696
0 0.04447115384615385 0.5360576923076923 0.040865384615384616 0.08653846153846154
0 0.021634615384615384 0.5805288461538461 0.038461538461538464 0.06009615384615385
0 0.0673076923076923 0.6105769230769231 0.07211538461538461 0.052884615384615384
0 0.10697115384615384 0.6730769230769231 0.07451923076923077 0.125
0 0.021634615384615384 0.9158653846153846 0.038461538461538464 0.11057692307692307
0 0.04447115384615385 0.06490384615384616 0.08413461538461539 0.125
0 0.1875 0.030048076923076924 0.038461538461538464 0.055288461538461536
0 0.11057692307692307 0.04326923076923077 0.04326923076923077 0.08173076923076923
0 0.3088942307692308 0.1346153846153846 0.055288461538461536 0.04807692307692308
0 0.9411057692307693 0.9495192307692307 0.07451923076923077 0.09615384615384616
0 0.9795673076923077 0.3245192307692308 0.040865384615384616 0.09615384615384616
0 0.8473557692307693 0.35336538461538464 0.10336538461538461 0.08653846153846154
