0 0.17067307692307693 0.8725961538461539 0.17307692307692307 0.16346153846153846
0 0.13581730769230768 0.9639423076923077 0.08413461538461539 0.07211538461538461
0 0.27884615384615385 0.7728365384615384 0.2548076923076923 0.10817307692307693
0 0.1310096153846154 0.7860576923076923 0.07451923076923077 0.0673076923076923
0 0.16346153846153846 0.7139423076923077 0.04807692307692308 0.07692307692307693
0 0.13581730769230768 0.37740384615384615 0.08413461538461539 0.10576923076923077
0 0.11057692307692307 0.4639423076923077 0.057692307692307696 0.08173076923076923
0 0.3076923076923077 0.5528846153846154 0.16346153846153846 0.1346153846153846
0 0.33653846153846156 0.6983173076923077 0.2980769230769231 0.16105769230769232
0 0.47596153846153844 0.8533653846153846 0.15384615384615385 0.16346153846153846
0 0.3581730769230769 0.8870192307692307 0.21153846153846154 0.21153846153846154
0 0.4326923076923077 0.9627403846153846 0.14903846153846154 0.07451923076923077
0 0.26802884615384615 0.9591346153846154 0.18028846153846154 0.07692307692307693
0 0.4375 0.45913461538461536 0.2644230769230769 0.15865384615384615
0 0.46634615384615385 0.5552884615384616 0.15384615384615385 0.07692307692307693
0 0.49038461538461536 0.6201923076923077 0.20192307692307693 0.10576923076923077
0 0.5240384615384616 0.7355769230769231 0.16346153846153846 0.12980769230769232
0 0.5913461538461539 0.8617788461538461 0.11538461538461539 0.09375
0 0.5637019230769231 0.9567307692307693 0.12740384615384615 0.08653846153846154
0 0.7235576923076923 0.8894230769230769 0.14903846153846154 0.125
0 0.6370192307692307 0.8966346153846154 0.0625 0.11538461538461539
0 0.7115384615384616 0.78125 0.16826923076923078 0.10096153846153846
0 0.6298076923076923 0.7379807692307693 0.15384615384615385 0.15865384615384615
0 0.6923076923076923 0.6742788461538461 0.14423076923076922 0.09375
0 0.6598557692307693 0.59375 0.18990384615384615 0.125
0 0.8076923076923077 0.6298076923076923 0.11538461538461539 0.07692307692307693
0 0.8497596153846154 0.5480769230769231 0.18990384615384615 0.13942307692307693
0 0.7548076923076923 0.5204326923076923 0.0625 0.06009615384615385
0 0.6971153846153846 0.47596153846153844 0.15865384615384615 0.11057692307692307
0 0.59375 0.4230769230769231 0.15384615384615385 0.1346153846153846
0 0.578125 0.5336538461538461 0.07932692307692307 0.07211538461538461
0 0.38822115384615385 0.375 0.13701923076923078 0.10096153846153846
0 0.8653846153846154 0.9206730769230769 0.14903846153846154 0.11057692307692307
0 0.8125 0.984375 0.10576923076923077 0.03125
0 0.9423076923076923 0.9639423076923077 0.1201923076923077 0.07211538461538461
0 0.9615384615384616 0.890625 0.07692307692307693 0.08413461538461539
0 0.9326923076923077 0.8112980769230769 0.1346153846153846 0.11778846153846154
0 0.953125 0.7259615384615384 0.09375 0.08653846153846154
0 0.96875 0.3317307692307692 0.0673076923076923 0.0673076923076923
0 0.9146634615384616 0.2668269230769231 0.13221153846153846 0.10096153846153846
0 0.9879807692307693 0.26802884615384615 0.02403846153846154 0.06009615384615385
0 0.9879807692307693 0.21514423076923078 0.02403846153846154 0.05048076923076923
0 0.84375 0.22355769230769232 0.0625 0.052884615384615384
0 0.8389423076923077 0.2548076923076923 0.052884615384615384 0.038461538461538464
0 0.7860576923076923 0.2548076923076923 0.0625 0.04807692307692308
0 0.8100961538461539 0.1875 0.09134615384615384 0.08173076923076923
0 0.8894230769230769 0.18028846153846154 0.09134615384615384 0.07211538461538461
0 0.9615384615384616 0.17427884615384615 0.07692307692307693 0.07932692307692307
0 0.9182692307692307 0.10336538461538461 0.09615384615384616 0.0673076923076923
0 0.9819711538461539 0.109375 0.036057692307692304 0.06490384615384616
0 0.953125 0.040865384615384616 0.09375 0.07692307692307693
0 0.8581730769230769 0.038461538461538464 0.10096153846153846 0.07211538461538461
0 0.8209134615384616 0.10697115384615384 0.07932692307692307 0.07451923076923077
0 0.5540865384615384 0.17908653846153846 0.08413461538461539 0.07451923076923077
0 0.578125 0.13701923076923078 0.07932692307692307 0.052884615384615384
0 0.6009615384615384 0.06490384615384616 0.0625 0.057692307692307696
0 0.6262019230769231 0.04447115384615385 0.0985576923076923 0.08413461538461539
0 0.5673076923076923 0.019230769230769232 0.04807692307692308 0.03365384615384615
0 0.5336538461538461 0.07692307692307693 0.09134615384615384 0.0625
0 0.4879807692307692 0.11298076923076923 0.0673076923076923 0.04807692307692308
0 0.484375 0.15865384615384615 0.03125 0.03365384615384615
0 0.4230769230769231 0.12259615384615384 0.0673076923076923 0.04326923076923077
0 0.44471153846153844 0.06009615384615385 0.09134615384615384 0.0673076923076923
0 0.5048076923076923 0.026442307692307692 0.09615384615384616 0.04326923076923077
0 0.4014423076923077 0.03245192307692308 0.10096153846153846 0.06009615384615385
0 0.35336538461538464 0.08653846153846154 0.09615384615384616 0.0625
0 0.28846153846153844 0.03125 0.13942307692307693 0.057692307692307696
0 0.24278846153846154 0.06490384615384616 0.11057692307692307 0.0625
