0 0.6069711538461539 0.21995192307692307 0.2860576923076923 0.2668269230769231
0 0.7283653846153846 0.31971153846153844 0.1778846153846154 0.2403846153846154
0 0.7860576923076923 0.4338942307692308 0.125 0.10817307692307693
0 0.8677884615384616 0.5384615384615384 0.17307692307692307 0.21634615384615385
0 0.8100961538461539 0.6490384615384616 0.23557692307692307 0.27884615384615385
0 0.6959134615384616 0.7680288461538461 0.22355769230769232 0.25721153846153844
0 0.49158653846153844 0.7680288461538461 0.24759615384615385 0.2668269230769231
0 0.2403846153846154 0.7848557692307693 0.24519230769230768 0.19471153846153846
0 0.3088942307692308 0.6442307692307693 0.24759615384615385 0.17307692307692307
0 0.3870192307692308 0.5576923076923077 0.17307692307692307 0.16826923076923078
0 0.5552884615384616 0.6286057692307693 0.2403846153846154 0.13221153846153846
0 0.5516826923076923 0.4519230769230769 0.27163461538461536 0.23076923076923078
0 0.44350961538461536 0.19471153846153846 0.20432692307692307 0.2403846153846154
0 0.3137019230769231 0.3629807692307692 0.2668269230769231 0.25
0 0.18629807692307693 0.484375 0.2091346153846154 0.1658653846153846
0 0.14423076923076922 0.6274038461538461 0.23076923076923078 0.23557692307692307
