0 0.3125 0.25841346153846156 0.6153846153846154 0.43509615384615385
0 0.6177884615384616 0.4254807692307692 0.28846153846153844 0.24519230769230768
0 0.6802884615384616 0.45913461538461536 0.28365384615384615 0.25
0 0.7139423076923077 0.5288461538461539 0.3076923076923077 0.23076923076923078
0 0.734375 0.5985576923076923 0.2956730769230769 0.1971153846153846
0 0.7427884615384616 0.6862980769230769 0.27884615384615385 0.18990384615384615
0 0.7403846153846154 0.7800480769230769 0.27403846153846156 0.1466346153846154
0 0.7331730769230769 0.8641826923076923 0.28846153846153844 0.11778846153846154
0 0.7151442307692307 0.9146634615384616 0.25721153846153844 0.14182692307692307
0 0.6923076923076923 0.9723557692307693 0.20673076923076922 0.055288461538461536
0 0.5745192307692307 0.9759615384615384 0.04807692307692308 0.04807692307692308
