0 0.7992788461538461 0.9831730769230769 0.07932692307692307 0.03365384615384615
0 0.7548076923076923 0.8737980769230769 0.052884615384615384 0.04567307692307692
0 0.7680288461538461 0.8137019230769231 0.0889423076923077 0.06009615384615385
0 0.71875 0.7331730769230769 0.0625 0.04807692307692308
0 0.7307692307692307 0.6610576923076923 0.0673076923076923 0.04807692307692308
0 0.8125 0.6766826923076923 0.04326923076923077 0.026442307692307692
0 0.8725961538461539 0.5576923076923077 0.052884615384615384 0.038461538461538464
0 0.6117788461538461 0.7067307692307693 0.07932692307692307 0.0625
0 0.6370192307692307 0.75 0.0673076923076923 0.038461538461538464
0 0.6057692307692307 0.8221153846153846 0.038461538461538464 0.038461538461538464
0 0.6057692307692307 0.8846153846153846 0.057692307692307696 0.0625
0 0.5673076923076923 0.9038461538461539 0.052884615384615384 0.052884615384615384
0 0.5625 0.9711538461538461 0.0673076923076923 0.057692307692307696
0 0.5240384615384616 0.9387019230769231 0.052884615384615384 0.06009615384615385
0 0.5216346153846154 0.859375 0.057692307692307696 0.06009615384615385
0 0.5300480769230769 0.890625 0.03125 0.026442307692307692
0 0.5 0.9038461538461539 0.057692307692307696 0.04807692307692308
0 0.5697115384615384 0.8449519230769231 0.04807692307692308 0.04567307692307692
0 0.5552884615384616 0.7944711538461539 0.052884615384615384 0.04567307692307692
0 0.5288461538461539 0.7355769230769231 0.04326923076923077 0.052884615384615384
0 0.4855769230769231 0.7740384615384616 0.038461538461538464 0.04326923076923077
0 0.35096153846153844 0.9242788461538461 0.052884615384615384 0.06971153846153846
0 0.40625 0.9675480769230769 0.0673076923076923 0.06490384615384616
0 0.2548076923076923 0.9435096153846154 0.0625 0.04567307692307692
0 0.30288461538461536 0.9783653846153846 0.0625 0.04326923076923077
0 0.28125 0.8846153846153846 0.04326923076923077 0.04807692307692308
0 0.33653846153846156 0.8966346153846154 0.04807692307692308 0.03365384615384615
0 0.34615384615384615 0.9278846153846154 0.04326923076923077 0.052884615384615384
0 0.3125 0.7788461538461539 0.0625 0.04326923076923077
0 0.19230769230769232 0.859375 0.052884615384615384 0.036057692307692304
0 0.16105769230769232 0.9375 0.09615384615384616 0.07211538461538461
0 0.15384615384615385 0.8581730769230769 0.04807692307692308 0.03365384615384615
0 0.10096153846153846 0.9002403846153846 0.04807692307692308 0.06009615384615385
0 0.1346153846153846 0.8100961538461539 0.04326923076923077 0.052884615384615384
0 0.18028846153846154 0.8173076923076923 0.057692307692307696 0.052884615384615384
0 0.14543269230769232 0.7716346153846154 0.08413461538461539 0.04807692307692308
0 0.09735576923076923 0.7908653846153846 0.03125 0.028846153846153848
0 0.10576923076923077 0.7163461538461539 0.057692307692307696 0.052884615384615384
0 0.057692307692307696 0.7596153846153846 0.04807692307692308 0.04807692307692308
0 0.013221153846153846 0.7980769230769231 0.021634615384615384 0.052884615384615384
0 0.2283653846153846 0.6538461538461539 0.0625 0.03365384615384615
0 0.2548076923076923 0.6935096153846154 0.052884615384615384 0.04567307692307692
0 0.2980769230769231 0.6682692307692307 0.0625 0.04807692307692308
0 0.2644230769230769 0.7451923076923077 0.038461538461538464 0.04326923076923077
0 0.2848557692307692 0.7163461538461539 0.026442307692307692 0.038461538461538464
0 0.359375 0.6514423076923077 0.0889423076923077 0.0673076923076923
0 0.30528846153846156 0.6225961538461539 0.038461538461538464 0.03365384615384615
0 0.2860576923076923 0.5805288461538461 0.04326923076923077 0.04567307692307692
0 0.3389423076923077 0.5877403846153846 0.0625 0.04567307692307692
0 0.40625 0.6153846153846154 0.04807692307692308 0.04807692307692308
0 0.43990384615384615 0.6586538461538461 0.052884615384615384 0.07692307692307693
0 0.4182692307692308 0.7211538461538461 0.07211538461538461 0.052884615384615384
0 0.4951923076923077 0.6730769230769231 0.04807692307692308 0.04807692307692308
0 0.5528846153846154 0.6574519230769231 0.0673076923076923 0.07932692307692307
0 0.5024038461538461 0.6129807692307693 0.0625 0.04807692307692308
0 0.46634615384615385 0.59375 0.07211538461538461 0.04326923076923077
0 0.47836538461538464 0.5552884615384616 0.04807692307692308 0.04807692307692308
0 0.47596153846153844 0.5024038461538461 0.07211538461538461 0.0625
0 0.5480769230769231 0.5336538461538461 0.057692307692307696 0.04326923076923077
0 0.5360576923076923 0.5721153846153846 0.0673076923076923 0.0673076923076923
0 0.5913461538461539 0.5600961538461539 0.052884615384615384 0.04326923076923077
0 0.6129807692307693 0.5817307692307693 0.0625 0.04326923076923077
0 0.6153846153846154 0.5240384615384616 0.04807692307692308 0.038461538461538464
0 0.6610576923076923 0.5132211538461539 0.052884615384615384 0.04567307692307692
0 0.6514423076923077 0.47115384615384615 0.052884615384615384 0.038461538461538464
0 0.4951923076923077 0.4567307692307692 0.04807692307692308 0.038461538461538464
0 0.45913461538461536 0.4326923076923077 0.04807692307692308 0.028846153846153848
0 0.47475961538461536 0.40625 0.026442307692307692 0.02403846153846154
0 0.41586538461538464 0.43990384615384615 0.057692307692307696 0.04807692307692308
0 0.4206730769230769 0.4831730769230769 0.057692307692307696 0.038461538461538464
0 0.47596153846153844 0.5 0.0625 0.052884615384615384
0 0.3485576923076923 0.46875 0.04807692307692308 0.04807692307692308
0 0.2956730769230769 0.4735576923076923 0.04807692307692308 0.052884615384615384
0 0.3317307692307692 0.515625 0.057692307692307696 0.04567307692307692
0 0.28365384615384615 0.5192307692307693 0.038461538461538464 0.038461538461538464
0 0.23557692307692307 0.4795673076923077 0.0625 0.04567307692307692
0 0.23798076923076922 0.5276442307692307 0.057692307692307696 0.04567307692307692
0 0.18028846153846154 0.6225961538461539 0.057692307692307696 0.03365384615384615
0 0.10096153846153846 0.5661057692307693 0.0673076923076923 0.04567307692307692
0 0.04326923076923077 0.6153846153846154 0.04807692307692308 0.04807692307692308
0 0.018028846153846152 0.6442307692307693 0.03125 0.0673076923076923
0 0.03365384615384615 0.5721153846153846 0.052884615384615384 0.04807692307692308
0 0.16105769230769232 0.43990384615384615 0.0625 0.04326923076923077
0 0.15504807692307693 0.46634615384615385 0.021634615384615384 0.014423076923076924
0 0.19471153846153846 0.39663461538461536 0.0673076923076923 0.057692307692307696
0 0.17067307692307693 0.3485576923076923 0.04326923076923077 0.04807692307692308
0 0.2127403846153846 0.27403846153846156 0.03125 0.028846153846153848
0 0.1346153846153846 0.2692307692307692 0.04326923076923077 0.04807692307692308
0 0.12740384615384615 0.30288461538461536 0.038461538461538464 0.03365384615384615
0 0.1045673076923077 0.27163461538461536 0.026442307692307692 0.028846153846153848
0 0.07091346153846154 0.3870192307692308 0.03125 0.038461538461538464
0 0.07211538461538461 0.4230769230769231 0.04326923076923077 0.03365384615384615
0 0.09254807692307693 0.46033653846153844 0.03125 0.04567307692307692
0 0.021634615384615384 0.4230769230769231 0.038461538461538464 0.04326923076923077
0 0.018028846153846152 0.4567307692307692 0.03125 0.03365384615384615
0 0.015625 0.36899038461538464 0.026442307692307692 0.04567307692307692
0 0.028846153846153848 0.36778846153846156 0.052884615384615384 0.04807692307692308
0 0.06971153846153846 0.2403846153846154 0.038461538461538464 0.02403846153846154
0 0.04567307692307692 0.2644230769230769 0.04326923076923077 0.04326923076923077
0 0.028846153846153848 0.28125 0.052884615384615384 0.028846153846153848
0 0.026442307692307692 0.23798076923076922 0.04807692307692308 0.03365384615384615
0 0.04567307692307692 0.21634615384615385 0.04326923076923077 0.03365384615384615
0 0.008413461538461538 0.20552884615384615 0.01201923076923077 0.036057692307692304
0 0.021634615384615384 0.1875 0.038461538461538464 0.03365384615384615
0 0.09134615384615384 0.125 0.0625 0.04326923076923077
0 0.17307692307692307 0.12259615384615384 0.0673076923076923 0.04326923076923077
0 0.20192307692307693 0.10817307692307693 0.052884615384615384 0.038461538461538464
0 0.23798076923076922 0.08653846153846154 0.04807692307692308 0.052884615384615384
0 0.23557692307692307 0.03365384615384615 0.052884615384615384 0.052884615384615384
0 0.19951923076923078 0.009615384615384616 0.0673076923076923 0.009615384615384616
0 0.5108173076923077 0.25 0.07932692307692307 0.04807692307692308
0 0.6009615384615384 0.32211538461538464 0.0673076923076923 0.04807692307692308
0 0.6346153846153846 0.2956730769230769 0.0625 0.03365384615384615
0 0.5925480769230769 0.25721153846153844 0.08413461538461539 0.057692307692307696
0 0.6346153846153846 0.21875 0.052884615384615384 0.028846153846153848
0 0.6634615384615384 0.2548076923076923 0.04807692307692308 0.057692307692307696
0 0.5336538461538461 0.21875 0.0625 0.038461538461538464
0 0.49038461538461536 0.20192307692307693 0.04807692307692308 0.057692307692307696
0 0.5144230769230769 0.1502403846153846 0.052884615384615384 0.04567307692307692
0 0.5480769230769231 0.17668269230769232 0.057692307692307696 0.04567307692307692
0 0.6009615384615384 0.16105769230769232 0.0673076923076923 0.052884615384615384
0 0.5673076923076923 0.1346153846153846 0.0625 0.038461538461538464
0 0.5048076923076923 0.11057692307692307 0.038461538461538464 0.03365384615384615
0 0.47836538461538464 0.0889423076923077 0.04807692307692308 0.04326923076923077
0 0.4723557692307692 0.11778846153846154 0.03125 0.03365384615384615
0 0.4326923076923077 0.12379807692307693 0.057692307692307696 0.04567307692307692
0 0.4206730769230769 0.1658653846153846 0.04807692307692308 0.038461538461538464
0 0.3798076923076923 0.13701923076923078 0.038461538461538464 0.03365384615384615
0 0.3557692307692308 0.11298076923076923 0.0625 0.038461538461538464
0 0.3004807692307692 0.06971153846153846 0.057692307692307696 0.04326923076923077
0 0.3004807692307692 0.03365384615384615 0.038461538461538464 0.02403846153846154
0 0.3485576923076923 0.04567307692307692 0.057692307692307696 0.052884615384615384
0 0.2824519230769231 0.015625 0.07932692307692307 0.021634615384615384
0 0.3581730769230769 0.013221153846153846 0.028846153846153848 0.016826923076923076
0 0.390625 0.07211538461538461 0.026442307692307692 0.038461538461538464
0 0.4326923076923077 0.07091346153846154 0.04807692307692308 0.04567307692307692
0 0.5444711538461539 0.025240384615384616 0.09375 0.040865384615384616
0 0.6033653846153846 0.06370192307692307 0.0625 0.04567307692307692
0 0.6225961538461539 0.11778846153846154 0.057692307692307696 0.0625
0 0.6658653846153846 0.109375 0.052884615384615384 0.06009615384615385
0 0.6610576923076923 0.17067307692307693 0.052884615384615384 0.057692307692307696
0 0.7211538461538461 0.21634615384615385 0.0673076923076923 0.057692307692307696
0 0.6923076923076923 0.25 0.052884615384615384 0.0625
0 0.7740384615384616 0.16346153846153846 0.0673076923076923 0.04807692307692308
0 0.7548076923076923 0.11298076923076923 0.04326923076923077 0.038461538461538464
0 0.8461538461538461 0.1778846153846154 0.052884615384615384 0.057692307692307696
0 0.8233173076923077 0.0829326923076923 0.08413461538461539 0.06009615384615385
0 0.8173076923076923 0.03125 0.0673076923076923 0.057692307692307696
0 0.8966346153846154 0.4230769230769231 0.052884615384615384 0.04807692307692308
0 0.8677884615384616 0.3942307692307692 0.0673076923076923 0.04326923076923077
0 0.8137019230769231 0.3701923076923077 0.08413461538461539 0.0625
0 0.8581730769230769 0.3485576923076923 0.04807692307692308 0.04807692307692308
0 0.9038461538461539 0.3641826923076923 0.04326923076923077 0.06009615384615385
0 0.8942307692307693 0.29086538461538464 0.04807692307692308 0.0625
0 0.8413461538461539 0.29447115384615385 0.0673076923076923 0.06009615384615385
0 0.7740384615384616 0.31490384615384615 0.057692307692307696 0.04326923076923077
0 0.7644230769230769 0.35096153846153844 0.04807692307692308 0.03365384615384615
0 0.7283653846153846 0.33413461538461536 0.04326923076923077 0.052884615384615384
0 0.7644230769230769 0.27524038461538464 0.04807692307692308 0.04567307692307692
0 0.8125 0.23677884615384615 0.07211538461538461 0.06009615384615385
