0 0.8677884615384616 0.49278846153846156 0.25961538461538464 0.6682692307692307
0 0.9194711538461539 0.11538461538461539 0.16105769230769232 0.22596153846153846
0 0.8245192307692307 0.125 0.17307692307692307 0.24519230769230768
0 0.6514423076923077 0.3641826923076923 0.3942307692307692 0.5072115384615384
0 0.4543269230769231 0.2620192307692308 0.36538461538461536 0.3701923076923077
0 0.6730769230769231 0.078125 0.16346153846153846 0.15144230769230768
0 0.5264423076923077 0.04927884615384615 0.18269230769230768 0.09375
0 0.24639423076923078 0.09014423076923077 0.4879807692307692 0.17548076923076922
0 0.1658653846153846 0.35216346153846156 0.3269230769230769 0.3581730769230769
0 0.24278846153846154 0.4362980769230769 0.16346153846153846 0.22355769230769232
0 0.5012019230769231 0.5012019230769231 0.9975961538461539 0.9975961538461539
