0 0.7463942307692307 0.27524038461538464 0.0889423076923077 0.2764423076923077
0 0.6947115384615384 0.28966346153846156 0.07211538461538461 0.2956730769230769
0 0.6418269230769231 0.2920673076923077 0.057692307692307696 0.28125
0 0.5889423076923077 0.2980769230769231 0.0673076923076923 0.34134615384615385
0 0.6346153846153846 0.40384615384615385 0.057692307692307696 0.12980769230769232
0 0.6947115384615384 0.38822115384615385 0.057692307692307696 0.0985576923076923
0 0.6706730769230769 0.30408653846153844 0.2403846153846154 0.36778846153846156
0 0.6538461538461539 0.6634615384615384 0.10576923076923077 0.11538461538461539
0 0.7668269230769231 0.6742788461538461 0.11057692307692307 0.09375
0 0.7680288461538461 0.7848557692307693 0.09375 0.11778846153846154
0 0.6778846153846154 0.796875 0.10576923076923077 0.13221153846153846
0 0.5841346153846154 0.796875 0.09615384615384616 0.13221153846153846
0 0.5721153846153846 0.6814903846153846 0.09134615384615384 0.0889423076923077
0 0.22596153846153846 0.6682692307692307 0.10576923076923077 0.125
0 0.2920673076923077 0.796875 0.0985576923076923 0.13221153846153846
0 0.31009615384615385 0.7331730769230769 0.08173076923076923 0.052884615384615384
0 0.17668269230769232 0.796875 0.12259615384615384 0.14182692307692307
