0 0.28725961538461536 0.36778846153846156 0.27163461538461536 0.2403846153846154
0 0.0985576923076923 0.28725961538461536 0.18269230769230768 0.21394230769230768
0 0.2800480769230769 0.5817307692307693 0.43990384615384615 0.4182692307692308
0 0.4579326923076923 0.5961538461538461 0.10336538461538461 0.1346153846153846
0 0.47716346153846156 0.7043269230769231 0.30528846153846156 0.3798076923076923
0 0.515625 0.5264423076923077 0.30528846153846156 0.3605769230769231
0 0.3485576923076923 0.2860576923076923 0.1346153846153846 0.17307692307692307
0 0.7163461538461539 0.6706730769230769 0.0673076923076923 0.08173076923076923
0 0.6947115384615384 0.7740384615384616 0.1346153846153846 0.1346153846153846
0 0.7139423076923077 0.7560096153846154 0.28846153846153844 0.15144230769230768
0 0.8629807692307693 0.7524038461538461 0.0673076923076923 0.0625
0 0.8401442307692307 0.8112980769230769 0.31971153846153844 0.18028846153846154
0 0.5012019230769231 0.45072115384615385 0.9975961538461539 0.8918269230769231
