0 0.5084134615384616 0.3293269230769231 0.8581730769230769 0.5721153846153846
0 0.6382211538461539 0.2932692307692308 0.2668269230769231 0.3605769230769231
0 0.4519230769230769 0.2548076923076923 0.25 0.27884615384615385
0 0.28725961538461536 0.28125 0.15144230769230768 0.22596153846153846
0 0.5168269230769231 0.6466346153846154 0.6875 0.47115384615384615
0 0.8341346153846154 0.09375 0.33653846153846156 0.18269230769230768
0 0.6189903846153846 0.028846153846153848 0.09375 0.052884615384615384
5 0.0985576923076923 0.6850961538461539 0.18269230769230768 0.5480769230769231
5 0.22716346153846154 0.8557692307692307 0.08413461538461539 0.23076923076923078
5 0.6370192307692307 0.9338942307692307 0.7259615384615384 0.13221153846153846
5 0.9603365384615384 0.5192307692307693 0.07932692307692307 0.7067307692307693
5 0.8870192307692307 0.7427884615384616 0.08173076923076923 0.27884615384615385
5 0.8365384615384616 0.7980769230769231 0.038461538461538464 0.16826923076923078
5 0.7908653846153846 0.8377403846153846 0.0625 0.0889423076923077
5 0.7331730769230769 0.8629807692307693 0.057692307692307696 0.038461538461538464
