0 0.8425480769230769 0.9543269230769231 0.07451923076923077 0.08653846153846154
0 0.8942307692307693 0.875 0.0673076923076923 0.19230769230769232
0 0.9447115384615384 0.9375 0.0625 0.10096153846153846
0 0.9519230769230769 0.8377403846153846 0.0625 0.10817307692307693
0 0.9903846153846154 0.9014423076923077 0.019230769230769232 0.0625
0 0.9723557692307693 0.828125 0.05048076923076923 0.12740384615384615
0 0.9206730769230769 0.7680288461538461 0.11057692307692307 0.10817307692307693
0 0.9387019230769231 0.640625 0.10336538461538461 0.17067307692307693
0 0.9086538461538461 0.6995192307692307 0.18269230769230768 0.14903846153846154
0 0.8485576923076923 0.7764423076923077 0.03365384615384615 0.057692307692307696
0 0.7668269230769231 0.7439903846153846 0.052884615384615384 0.07932692307692307
0 0.7884615384615384 0.7079326923076923 0.04807692307692308 0.06971153846153846
0 0.7319711538461539 0.7788461538461539 0.06971153846153846 0.11538461538461539
0 0.6814903846153846 0.8990384615384616 0.10336538461538461 0.1346153846153846
0 0.671875 0.9651442307692307 0.12740384615384615 0.06490384615384616
0 0.7728365384615384 0.8653846153846154 0.10817307692307693 0.24519230769230768
0 0.8401442307692307 0.8461538461538461 0.055288461538461536 0.10096153846153846
0 0.8918269230769231 0.5877403846153846 0.12980769230769232 0.18990384615384615
0 0.9495192307692307 0.5132211538461539 0.04807692307692308 0.07451923076923077
0 0.9759615384615384 0.46875 0.04326923076923077 0.15384615384615385
0 0.6009615384615384 0.6598557692307693 0.1346153846153846 0.07932692307692307
0 0.5925480769230769 0.7740384615384616 0.18509615384615385 0.23557692307692307
0 0.5805288461538461 0.8930288461538461 0.12740384615384615 0.18509615384615385
0 0.49399038461538464 0.9122596153846154 0.09375 0.07451923076923077
0 0.671875 0.8076923076923077 0.055288461538461536 0.09134615384615384
0 0.7055288461538461 0.6935096153846154 0.06490384615384616 0.07451923076923077
0 0.6947115384615384 0.6298076923076923 0.057692307692307696 0.0625
0 0.7644230769230769 0.6382211538461539 0.0673076923076923 0.07932692307692307
0 0.7800480769230769 0.5637019230769231 0.06490384615384616 0.0889423076923077
0 0.8233173076923077 0.5384615384615384 0.05048076923076923 0.10096153846153846
0 0.8257211538461539 0.47115384615384615 0.07932692307692307 0.09615384615384616
0 0.875 0.47596153846153844 0.04326923076923077 0.0625
0 0.9122596153846154 0.4807692307692308 0.03125 0.052884615384615384
0 0.9411057692307693 0.4567307692307692 0.040865384615384616 0.04807692307692308
0 0.90625 0.40384615384615385 0.08173076923076923 0.09134615384615384
0 0.8557692307692307 0.390625 0.03365384615384615 0.07451923076923077
0 0.8305288461538461 0.3798076923076923 0.026442307692307692 0.08653846153846154
0 0.9795673076923077 0.32211538461538464 0.036057692307692304 0.19230769230769232
0 0.6923076923076923 0.3293269230769231 0.09615384615384616 0.15384615384615385
0 0.7800480769230769 0.3245192307692308 0.09375 0.057692307692307696
0 0.8004807692307693 0.38100961538461536 0.03365384615384615 0.07451923076923077
0 0.7596153846153846 0.3954326923076923 0.04326923076923077 0.06490384615384616
0 0.7764423076923077 0.45072115384615385 0.03365384615384615 0.07451923076923077
0 0.7295673076923077 0.4807692307692308 0.05048076923076923 0.10576923076923077
0 0.7728365384615384 0.5048076923076923 0.040865384615384616 0.038461538461538464
0 0.9411057692307693 0.3557692307692308 0.040865384615384616 0.057692307692307696
0 0.9350961538461539 0.2956730769230769 0.04326923076923077 0.052884615384615384
0 0.9038461538461539 0.265625 0.057692307692307696 0.07932692307692307
0 0.9447115384615384 0.234375 0.057692307692307696 0.07932692307692307
0 0.96875 0.13701923076923078 0.04326923076923077 0.052884615384615384
0 0.9759615384615384 0.18990384615384615 0.04807692307692308 0.052884615384615384
0 0.9302884615384616 0.1622596153846154 0.03365384615384615 0.07451923076923077
0 0.9423076923076923 0.08052884615384616 0.052884615384615384 0.07932692307692307
0 0.9963942307692307 0.13701923076923078 0.007211538461538462 0.052884615384615384
0 0.8942307692307693 0.11538461538461539 0.052884615384615384 0.052884615384615384
0 0.8882211538461539 0.18870192307692307 0.06009615384615385 0.08413461538461539
0 0.8365384615384616 0.27403846153846156 0.07211538461538461 0.09615384615384616
0 0.7800480769230769 0.30649038461538464 0.09375 0.07451923076923077
0 0.7992788461538461 0.14302884615384615 0.10817307692307693 0.12259615384615384
0 0.8028846153846154 0.23677884615384615 0.057692307692307696 0.08413461538461539
0 0.8269230769230769 0.06850961538461539 0.04807692307692308 0.07932692307692307
0 0.8665865384615384 0.042067307692307696 0.06490384615384616 0.07932692307692307
0 0.8064903846153846 0.06490384615384616 0.026442307692307692 0.04807692307692308
0 0.7608173076923077 0.056490384615384616 0.06971153846153846 0.10817307692307693
0 0.6634615384615384 0.09254807692307693 0.14903846153846154 0.11778846153846154
0 0.7091346153846154 0.16826923076923078 0.0673076923076923 0.14903846153846154
0 0.6442307692307693 0.19110576923076922 0.09134615384615384 0.0889423076923077
0 0.6213942307692307 0.2608173076923077 0.0985576923076923 0.07932692307692307
0 0.5733173076923077 0.3737980769230769 0.07451923076923077 0.12259615384615384
0 0.5997596153846154 0.3245192307692308 0.04567307692307692 0.057692307692307696
0 0.6346153846153846 0.39302884615384615 0.057692307692307696 0.07932692307692307
0 0.6141826923076923 0.453125 0.040865384615384616 0.06971153846153846
0 0.6418269230769231 0.5024038461538461 0.08653846153846154 0.11538461538461539
0 0.5564903846153846 0.5036057692307693 0.08413461538461539 0.12740384615384615
0 0.6009615384615384 0.5829326923076923 0.057692307692307696 0.07451923076923077
0 0.6538461538461539 0.6021634615384616 0.07211538461538461 0.07932692307692307
0 0.5600961538461539 0.6057692307692307 0.0625 0.04807692307692308
0 0.515625 0.6298076923076923 0.040865384615384616 0.0625
0 0.47596153846153844 0.5625 0.10576923076923077 0.09615384615384616
0 0.40865384615384615 0.5817307692307693 0.09134615384615384 0.08653846153846154
0 0.4050480769230769 0.578125 0.10336538461538461 0.17067307692307693
0 0.4495192307692308 0.7199519230769231 0.11538461538461539 0.21394230769230768
0 0.5 0.8425480769230769 0.03365384615384615 0.040865384615384616
0 0.47596153846153844 0.4519230769230769 0.16826923076923078 0.1346153846153846
0 0.3701923076923077 0.453125 0.04807692307692308 0.06971153846153846
0 0.3389423076923077 0.38221153846153844 0.08173076923076923 0.14423076923076922
0 0.4338942307692308 0.28966346153846156 0.1466346153846154 0.12740384615384615
0 0.4543269230769231 0.36899038461538464 0.0673076923076923 0.06490384615384616
0 0.5120192307692307 0.3137019230769231 0.04807692307692308 0.07932692307692307
0 0.5600961538461539 0.2608173076923077 0.057692307692307696 0.07932692307692307
0 0.59375 0.2127403846153846 0.03365384615384615 0.036057692307692304
0 0.5829326923076923 0.13701923076923078 0.055288461538461536 0.14903846153846154
0 0.5841346153846154 0.03485576923076923 0.10096153846153846 0.06490384615384616
0 0.6442307692307693 0.02403846153846154 0.0673076923076923 0.04326923076923077
0 0.6850961538461539 0.019230769230769232 0.028846153846153848 0.03365384615384615
0 0.7067307692307693 0.03125 0.03365384615384615 0.038461538461538464
0 0.5216346153846154 0.13221153846153846 0.10576923076923077 0.25
0 0.4855769230769231 0.20192307692307693 0.08653846153846154 0.11057692307692307
0 0.4675480769230769 0.08774038461538461 0.07932692307692307 0.17067307692307693
0 0.38100961538461536 0.19110576923076922 0.09375 0.21875
0 0.7632211538461539 0.6454326923076923 0.06009615384615385 0.07451923076923077
