0 0.3918269230769231 0.20432692307692307 0.5528846153846154 0.3173076923076923
0 0.3076923076923077 0.04567307692307692 0.3557692307692308 0.07692307692307693
0 0.5096153846153846 0.08052884615384616 0.2980769230769231 0.1466346153846154
0 0.7956730769230769 0.0673076923076923 0.3942307692307692 0.125
0 0.8774038461538461 0.1201923076923077 0.22596153846153846 0.15865384615384615
0 0.7211538461538461 0.25240384615384615 0.375 0.25
0 0.6526442307692307 0.3918269230769231 0.2620192307692308 0.08653846153846154
0 0.5625 0.5024038461538461 0.4182692307692308 0.24519230769230768
0 0.5180288461538461 0.6370192307692307 0.3389423076923077 0.16346153846153846
0 0.19230769230769232 0.8365384615384616 0.3701923076923077 0.3317307692307692
0 0.09615384615384616 0.6418269230769231 0.17307692307692307 0.0673076923076923
0 0.19110576923076922 0.34615384615384615 0.3629807692307692 0.3076923076923077
0 0.3870192307692308 0.4266826923076923 0.125 0.11298076923076923
0 0.8725961538461539 0.4098557692307692 0.2548076923076923 0.18028846153846154
0 0.9387019230769231 0.22235576923076922 0.12259615384615384 0.19951923076923078
0 0.8461538461538461 0.5733173076923077 0.3076923076923077 0.21875
0 0.9495192307692307 0.6177884615384616 0.10576923076923077 0.18269230769230768
0 0.8004807692307693 0.7367788461538461 0.20192307692307693 0.11298076923076923
0 0.9026442307692307 0.8161057692307693 0.19471153846153846 0.2283653846153846
0 0.4699519230769231 0.8870192307692307 0.18509615384615385 0.09134615384615384
0 0.4110576923076923 0.9230769230769231 0.2548076923076923 0.15865384615384615
