0 0.7980769230769231 0.609375 0.17307692307692307 0.43028846153846156
0 0.8052884615384616 0.4495192307692308 0.22115384615384615 0.3942307692307692
0 0.8485576923076923 0.36538461538461536 0.20192307692307693 0.34615384615384615
0 0.7103365384615384 0.6310096153846154 0.13701923076923078 0.3389423076923077
0 0.6658653846153846 0.5336538461538461 0.08653846153846154 0.3557692307692308
0 0.5649038461538461 0.3401442307692308 0.22596153846153846 0.16105769230769232
0 0.5396634615384616 0.2091346153846154 0.40625 0.17307692307692307
0 0.3581730769230769 0.3401442307692308 0.07692307692307693 0.16105769230769232
0 0.46033653846153844 0.41346153846153844 0.23798076923076922 0.2980769230769231
0 0.5516826923076923 0.4639423076923077 0.1466346153846154 0.14903846153846154
0 0.6057692307692307 0.5709134615384616 0.052884615384615384 0.0889423076923077
0 0.49399038461538464 0.7259615384615384 0.28125 0.39903846153846156
0 0.3389423076923077 0.7884615384615384 0.057692307692307696 0.09615384615384616
0 0.31490384615384615 0.7163461538461539 0.0625 0.08173076923076923
0 0.3942307692307692 0.6310096153846154 0.11538461538461539 0.18509615384615385
0 0.20793269230769232 0.515625 0.27163461538461536 0.43990384615384615
