0 0.3545673076923077 0.8245192307692307 0.1466346153846154 0.19230769230769232
0 0.0733173076923077 0.6742788461538461 0.13221153846153846 0.25721153846153844
0 0.15384615384615385 0.5072115384615384 0.1778846153846154 0.1971153846153846
0 0.1658653846153846 0.6478365384615384 0.07692307692307693 0.11298076923076923
0 0.040865384615384616 0.5264423076923077 0.0673076923076923 0.0673076923076923
0 0.07572115384615384 0.4206730769230769 0.13221153846153846 0.20673076923076922
0 0.051682692307692304 0.3713942307692308 0.0889423076923077 0.17067307692307693
0 0.051682692307692304 0.2608173076923077 0.0889423076923077 0.11298076923076923
0 0.12379807692307693 0.20673076923076922 0.10817307692307693 0.12980769230769232
0 0.15985576923076922 0.25961538461538464 0.0889423076923077 0.1346153846153846
0 0.10697115384615384 0.30528846153846156 0.055288461538461536 0.057692307692307696
0 0.2127403846153846 0.3269230769230769 0.12740384615384615 0.20673076923076922
0 0.27524038461538464 0.5769230769230769 0.0889423076923077 0.20192307692307693
0 0.24879807692307693 0.6225961538461539 0.11298076923076923 0.14423076923076922
0 0.35096153846153844 0.5889423076923077 0.1778846153846154 0.22115384615384615
0 0.4387019230769231 0.5432692307692307 0.1466346153846154 0.21634615384615385
0 0.5528846153846154 0.6153846153846154 0.1346153846153846 0.23557692307692307
0 0.5649038461538461 0.7956730769230769 0.10576923076923077 0.1346153846153846
0 0.5024038461538461 0.8762019230769231 0.11057692307692307 0.17067307692307693
0 0.6658653846153846 0.625 0.09615384615384616 0.12980769230769232
0 0.625 0.7091346153846154 0.0625 0.1346153846153846
0 0.5961538461538461 0.5168269230769231 0.09615384615384616 0.09615384615384616
0 0.5348557692307693 0.4026442307692308 0.1466346153846154 0.17067307692307693
0 0.4026442307692308 0.3485576923076923 0.12740384615384615 0.21634615384615385
0 0.33052884615384615 0.3473557692307692 0.09375 0.25721153846153844
0 0.4326923076923077 0.23197115384615385 0.14423076923076922 0.18028846153846154
0 0.3317307692307692 0.18028846153846154 0.10096153846153846 0.1201923076923077
0 0.2608173076923077 0.1622596153846154 0.06971153846153846 0.10336538461538461
0 0.20673076923076922 0.15264423076923078 0.0625 0.09375
0 0.2860576923076923 0.09134615384615384 0.11057692307692307 0.0625
0 0.36538461538461536 0.09375 0.11538461538461539 0.0673076923076923
0 0.6225961538461539 0.9182692307692307 0.14903846153846154 0.15865384615384615
0 0.65625 0.8774038461538461 0.1346153846153846 0.14903846153846154
0 0.6177884615384616 0.8257211538461539 0.10096153846153846 0.10817307692307693
0 0.7091346153846154 0.7427884615384616 0.12980769230769232 0.19230769230769232
0 0.6394230769230769 0.7403846153846154 0.02403846153846154 0.0625
0 0.7524038461538461 0.6490384615384616 0.07692307692307693 0.07692307692307693
0 0.7728365384615384 0.6586538461538461 0.026442307692307692 0.052884615384615384
0 0.8317307692307693 0.7427884615384616 0.1201923076923077 0.15865384615384615
0 0.8365384615384616 0.6959134615384616 0.11538461538461539 0.18028846153846154
0 0.9278846153846154 0.6658653846153846 0.10576923076923077 0.13942307692307693
0 0.9375 0.8004807692307693 0.11538461538461539 0.19230769230769232
0 0.8966346153846154 0.5673076923076923 0.09615384615384616 0.12980769230769232
0 0.8016826923076923 0.5600961538461539 0.10817307692307693 0.1346153846153846
0 0.7283653846153846 0.5288461538461539 0.09134615384615384 0.15384615384615385
0 0.6634615384615384 0.4230769230769231 0.125 0.13942307692307693
0 0.8149038461538461 0.47475961538461536 0.1201923076923077 0.10817307692307693
0 0.7692307692307693 0.36778846153846156 0.08173076923076923 0.14423076923076922
0 0.7223557692307693 0.3076923076923077 0.05048076923076923 0.0625
0 0.6875 0.34375 0.10576923076923077 0.125
0 0.9471153846153846 0.5012019230769231 0.10576923076923077 0.13221153846153846
0 0.9819711538461539 0.6081730769230769 0.036057692307692304 0.11057692307692307
0 0.9603365384615384 0.4483173076923077 0.07932692307692307 0.14182692307692307
0 0.9519230769230769 0.31490384615384615 0.0625 0.08653846153846154
0 0.9615384615384616 0.23317307692307693 0.04807692307692308 0.07692307692307693
0 0.9134615384615384 0.22355769230769232 0.08173076923076923 0.1346153846153846
0 0.8653846153846154 0.15625 0.0673076923076923 0.07692307692307693
0 0.8425480769230769 0.17067307692307693 0.0889423076923077 0.08653846153846154
0 0.7980769230769231 0.11658653846153846 0.09134615384615384 0.10336538461538461
0 0.7908653846153846 0.06850961538461539 0.0625 0.036057692307692304
0 0.71875 0.026442307692307692 0.04326923076923077 0.02403846153846154
0 0.6971153846153846 0.016826923076923076 0.07211538461538461 0.02403846153846154
0 0.5913461538461539 0.02403846153846154 0.07211538461538461 0.038461538461538464
0 0.5841346153846154 0.057692307692307696 0.057692307692307696 0.04807692307692308
0 0.5096153846153846 0.08653846153846154 0.0673076923076923 0.07211538461538461
0 0.5072115384615384 0.16105769230769232 0.07211538461538461 0.07692307692307693
0 0.5384615384615384 0.1971153846153846 0.08173076923076923 0.1201923076923077
0 0.5600961538461539 0.2776442307692308 0.07692307692307693 0.10817307692307693
0 0.6189903846153846 0.2932692307692308 0.07451923076923077 0.15865384615384615
0 0.6682692307692307 0.25 0.03365384615384615 0.0625
0 0.7067307692307693 0.21153846153846154 0.07211538461538461 0.12980769230769232
0 0.6634615384615384 0.1971153846153846 0.052884615384615384 0.0673076923076923
0 0.6370192307692307 0.17307692307692307 0.07692307692307693 0.09134615384615384
0 0.5985576923076923 0.17067307692307693 0.03365384615384615 0.0673076923076923
0 0.6286057692307693 0.10576923076923077 0.06971153846153846 0.07211538461538461
0 0.5661057692307693 0.10336538461538461 0.06971153846153846 0.0673076923076923
0 0.7067307692307693 0.11298076923076923 0.08173076923076923 0.09615384615384616
0 0.7127403846153846 0.0625 0.06971153846153846 0.057692307692307696
0 0.7596153846153846 0.1935096153846154 0.04807692307692308 0.15625
0 0.8100961538461539 0.24519230769230768 0.13942307692307693 0.1346153846153846
0 0.8653846153846154 0.36658653846153844 0.1346153846153846 0.18028846153846154
3 0.09615384615384616 0.13942307692307693 0.1778846153846154 0.0673076923076923
