0 0.9194711538461539 0.9711538461538461 0.11298076923076923 0.052884615384615384
0 0.9459134615384616 0.9182692307692307 0.10336538461538461 0.14903846153846154
0 0.9651442307692307 0.7836538461538461 0.06971153846153846 0.12980769230769232
0 0.9579326923076923 0.6418269230769231 0.07932692307692307 0.15384615384615385
0 0.9555288461538461 0.484375 0.08413461538461539 0.18028846153846154
0 0.9387019230769231 0.38341346153846156 0.07932692307692307 0.09375
0 0.9807692307692307 0.32572115384615385 0.03365384615384615 0.10817307692307693
0 0.9387019230769231 0.29927884615384615 0.07451923076923077 0.0889423076923077
0 0.9771634615384616 0.23918269230769232 0.040865384615384616 0.05048076923076923
0 0.9254807692307693 0.21033653846153846 0.09134615384615384 0.10336538461538461
0 0.9459134615384616 0.1622596153846154 0.07932692307692307 0.09375
0 0.9459134615384616 0.10817307692307693 0.040865384615384616 0.04807692307692308
0 0.9759615384615384 0.07451923076923077 0.04807692307692308 0.1346153846153846
0 0.921875 0.040865384615384616 0.08413461538461539 0.07692307692307693
0 0.8966346153846154 0.052884615384615384 0.057692307692307696 0.0673076923076923
0 0.8521634615384616 0.018028846153846152 0.06009615384615385 0.03125
0 0.8365384615384616 0.051682692307692304 0.0625 0.055288461538461536
0 0.8485576923076923 0.10817307692307693 0.0625 0.07692307692307693
0 0.8269230769230769 0.19591346153846154 0.09615384615384616 0.11778846153846154
0 0.8617788461538461 0.296875 0.07932692307692307 0.11298076923076923
0 0.8497596153846154 0.3293269230769231 0.07932692307692307 0.057692307692307696
0 0.8461538461538461 0.4230769230769231 0.1201923076923077 0.15865384615384615
0 0.8774038461538461 0.5456730769230769 0.11057692307692307 0.12980769230769232
0 0.8882211538461539 0.6730769230769231 0.10817307692307693 0.1346153846153846
0 0.8870192307692307 0.7860576923076923 0.08653846153846154 0.1346153846153846
0 0.8088942307692307 0.8653846153846154 0.12259615384615384 0.15865384615384615
0 0.7956730769230769 0.9663461538461539 0.1346153846153846 0.0625
0 0.6875 0.8569711538461539 0.11057692307692307 0.18028846153846154
0 0.7896634615384616 0.7163461538461539 0.12740384615384615 0.14903846153846154
0 0.7836538461538461 0.5817307692307693 0.11538461538461539 0.13942307692307693
0 0.6862980769230769 0.6466346153846154 0.12259615384615384 0.15384615384615385
0 0.6514423076923077 0.5204326923076923 0.125 0.12740384615384615
0 0.7175480769230769 0.4326923076923077 0.10817307692307693 0.13942307692307693
0 0.7512019230769231 0.4795673076923077 0.08413461538461539 0.12740384615384615
0 0.7536057692307693 0.3581730769230769 0.07932692307692307 0.07211538461538461
0 0.7800480769230769 0.2860576923076923 0.07451923076923077 0.09134615384615384
0 0.7415865384615384 0.21634615384615385 0.06971153846153846 0.09615384615384616
0 0.7127403846153846 0.10697115384615384 0.08413461538461539 0.11298076923076923
0 0.7884615384615384 0.09254807692307693 0.0673076923076923 0.10817307692307693
0 0.7788461538461539 0.026442307692307692 0.08653846153846154 0.04807692307692308
0 0.7067307692307693 0.040865384615384616 0.09615384615384616 0.07692307692307693
0 0.6129807692307693 0.056490384615384616 0.10096153846153846 0.10817307692307693
0 0.6201923076923077 0.13221153846153846 0.0625 0.07211538461538461
0 0.6622596153846154 0.19951923076923078 0.09375 0.1346153846153846
0 0.6370192307692307 0.29086538461538464 0.07211538461538461 0.125
0 0.6899038461538461 0.3449519230769231 0.08653846153846154 0.0985576923076923
0 0.7127403846153846 0.29086538461538464 0.06971153846153846 0.052884615384615384
0 0.6141826923076923 0.4074519230769231 0.0889423076923077 0.10817307692307693
0 0.5564903846153846 0.4951923076923077 0.07932692307692307 0.0673076923076923
0 0.5685096153846154 0.5877403846153846 0.10336538461538461 0.12740384615384615
0 0.5540865384615384 0.6983173076923077 0.12259615384615384 0.17548076923076922
0 0.5985576923076923 0.8137019230769231 0.08173076923076923 0.12740384615384615
0 0.6358173076923077 0.7163461538461539 0.04567307692307692 0.1201923076923077
0 0.5877403846153846 0.9326923076923077 0.11298076923076923 0.12980769230769232
0 0.5060096153846154 0.8653846153846154 0.10817307692307693 0.21153846153846154
0 0.5048076923076923 0.9771634615384616 0.052884615384615384 0.040865384615384616
0 0.4230769230769231 0.96875 0.1201923076923077 0.057692307692307696
0 0.390625 0.875 0.12740384615384615 0.14423076923076922
0 0.39783653846153844 0.7415865384615384 0.10336538461538461 0.12740384615384615
0 0.4639423076923077 0.6850961538461539 0.07211538461538461 0.14903846153846154
0 0.3713942307692308 0.6286057692307693 0.07932692307692307 0.10817307692307693
0 0.39663461538461536 0.5276442307692307 0.08653846153846154 0.09375
0 0.4723557692307692 0.546875 0.0889423076923077 0.17067307692307693
0 0.5204326923076923 0.4026442307692308 0.10817307692307693 0.10817307692307693
0 0.5564903846153846 0.30408653846153844 0.0889423076923077 0.12740384615384615
0 0.5300480769230769 0.2548076923076923 0.05048076923076923 0.052884615384615384
0 0.53125 0.18870192307692307 0.07692307692307693 0.10336538461538461
0 0.5889423076923077 0.21153846153846154 0.052884615384615384 0.057692307692307696
0 0.4987980769230769 0.11057692307692307 0.05048076923076923 0.07211538461538461
0 0.5492788461538461 0.08173076923076923 0.06490384615384616 0.09615384615384616
0 0.4879807692307692 0.036057692307692304 0.057692307692307696 0.0673076923076923
0 0.5360576923076923 0.015625 0.038461538461538464 0.026442307692307692
0 0.4326923076923077 0.07451923076923077 0.057692307692307696 0.08173076923076923
0 0.390625 0.12620192307692307 0.06490384615384616 0.10336538461538461
0 0.44471153846153844 0.18509615384615385 0.08173076923076923 0.09615384615384616
0 0.4639423076923077 0.25240384615384615 0.08173076923076923 0.07692307692307693
0 0.47115384615384615 0.31850961538461536 0.0673076923076923 0.10336538461538461
0 0.4254807692307692 0.42788461538461536 0.0673076923076923 0.09615384615384616
0 0.3954326923076923 0.3581730769230769 0.0889423076923077 0.125
0 0.3918269230769231 0.2932692307692308 0.0625 0.07692307692307693
0 0.3713942307692308 0.22956730769230768 0.07451923076923077 0.09375
0 0.3245192307692308 0.18389423076923078 0.07211538461538461 0.10336538461538461
0 0.3173076923076923 0.09975961538461539 0.07211538461538461 0.11298076923076923
0 0.375 0.038461538461538464 0.09615384615384616 0.07211538461538461
0 0.35216346153846156 0.4483173076923077 0.07451923076923077 0.0985576923076923
0 0.30408653846153844 0.5540865384615384 0.09375 0.12259615384615384
0 0.29447115384615385 0.6802884615384616 0.10336538461538461 0.13942307692307693
0 0.23197115384615385 0.8689903846153846 0.10336538461538461 0.11298076923076923
0 0.2956730769230769 0.8173076923076923 0.09615384615384616 0.1346153846153846
0 0.2283653846153846 0.9483173076923077 0.11057692307692307 0.0985576923076923
0 0.31850961538461536 0.953125 0.0889423076923077 0.0889423076923077
0 0.18509615384615385 0.8545673076923077 0.11538461538461539 0.10336538461538461
0 0.11778846153846154 0.9350961538461539 0.1201923076923077 0.125
0 0.030048076923076924 0.953125 0.055288461538461536 0.0889423076923077
0 0.056490384615384616 0.8377403846153846 0.10817307692307693 0.18509615384615385
0 0.1045673076923077 0.78125 0.07451923076923077 0.125
0 0.19110576923076922 0.7319711538461539 0.13221153846153846 0.16105769230769232
0 0.19951923076923078 0.6225961538461539 0.07692307692307693 0.07211538461538461
0 0.21514423076923078 0.5432692307692307 0.06009615384615385 0.08173076923076923
0 0.11778846153846154 0.5901442307692307 0.13942307692307693 0.17548076923076922
0 0.07091346153846154 0.6802884615384616 0.0889423076923077 0.12980769230769232
0 0.014423076923076924 0.6802884615384616 0.02403846153846154 0.1201923076923077
0 0.018028846153846152 0.5817307692307693 0.03125 0.07692307692307693
0 0.04927884615384615 0.5228365384615384 0.08413461538461539 0.11298076923076923
0 0.14182692307692307 0.5228365384615384 0.09134615384615384 0.08413461538461539
0 0.13942307692307693 0.4230769230769231 0.10576923076923077 0.12980769230769232
0 0.17067307692307693 0.3762019230769231 0.09615384615384616 0.0985576923076923
0 0.25961538461538464 0.4326923076923077 0.11057692307692307 0.12980769230769232
0 0.2512019230769231 0.36177884615384615 0.05048076923076923 0.036057692307692304
0 0.3137019230769231 0.33774038461538464 0.07932692307692307 0.11298076923076923
0 0.06009615384615385 0.39663461538461536 0.09134615384615384 0.1201923076923077
0 0.018028846153846152 0.45913461538461536 0.03125 0.09615384615384616
0 0.14182692307692307 0.2776442307692308 0.10096153846153846 0.11778846153846154
0 0.19110576923076922 0.20432692307692307 0.09375 0.1346153846153846
0 0.2668269230769231 0.21634615384615385 0.07211538461538461 0.08653846153846154
0 0.23557692307692307 0.29927884615384615 0.07692307692307693 0.0985576923076923
0 0.3112980769230769 0.27884615384615385 0.08413461538461539 0.0673076923076923
0 0.24759615384615385 0.13701923076923078 0.057692307692307696 0.08173076923076923
0 0.27283653846153844 0.054086538461538464 0.08413461538461539 0.09375
0 0.20072115384615385 0.09375 0.06490384615384616 0.07692307692307693
0 0.11658653846153846 0.1875 0.07451923076923077 0.07211538461538461
0 0.06370192307692307 0.19951923076923078 0.055288461538461536 0.07211538461538461
0 0.03365384615384615 0.2704326923076923 0.0625 0.08413461538461539
0 0.07932692307692307 0.31971153846153844 0.0625 0.0673076923076923
0 0.020432692307692308 0.18509615384615385 0.036057692307692304 0.11057692307692307
0 0.030048076923076924 0.12860576923076922 0.055288461538461536 0.07932692307692307
0 0.037259615384615384 0.0985576923076923 0.04567307692307692 0.0673076923076923
0 0.12980769230769232 0.11778846153846154 0.0625 0.0673076923076923
0 0.13221153846153846 0.04567307692307692 0.0673076923076923 0.07692307692307693
0 0.18990384615384615 0.038461538461538464 0.057692307692307696 0.052884615384615384
0 0.046875 0.04927884615384615 0.040865384615384616 0.040865384615384616
0 0.09254807692307693 0.09014423076923077 0.036057692307692304 0.05048076923076923
0 0.08774038461538461 0.13341346153846154 0.03125 0.04567307692307692
0 0.0889423076923077 0.051682692307692304 0.04326923076923077 0.036057692307692304
