0 0.8653846153846154 0.15144230769230768 0.15384615384615385 0.20673076923076922
0 0.96875 0.140625 0.0625 0.2620192307692308
0 0.8894230769230769 0.03125 0.09134615384615384 0.04326923076923077
0 0.90625 0.37259615384615385 0.14903846153846154 0.23557692307692307
0 0.9747596153846154 0.3088942307692308 0.05048076923076923 0.0985576923076923
0 0.9038461538461539 0.28365384615384615 0.10576923076923077 0.09134615384615384
0 0.9639423076923077 0.6310096153846154 0.0673076923076923 0.21875
0 0.9639423076923077 0.4831730769230769 0.0673076923076923 0.1875
0 0.8653846153846154 0.5612980769230769 0.125 0.21875
0 0.7451923076923077 0.49399038461538464 0.13942307692307693 0.21875
0 0.7824519230769231 0.375 0.11298076923076923 0.1971153846153846
0 0.7259615384615384 0.18269230769230768 0.13942307692307693 0.25
0 0.6682692307692307 0.055288461538461536 0.14423076923076922 0.09134615384615384
0 0.7908653846153846 0.056490384615384616 0.10576923076923077 0.0985576923076923
0 0.7091346153846154 0.7451923076923077 0.18269230769230768 0.2403846153846154
0 0.875 0.7932692307692307 0.15384615384615385 0.21153846153846154
0 0.734375 0.9266826923076923 0.15144230769230768 0.1466346153846154
0 0.59375 0.9194711538461539 0.15865384615384615 0.16105769230769232
0 0.5384615384615384 0.7548076923076923 0.16826923076923078 0.19230769230769232
0 0.5985576923076923 0.5552884615384616 0.17307692307692307 0.27403846153846156
0 0.46634615384615385 0.3942307692307692 0.1778846153846154 0.2692307692307692
0 0.5408653846153846 0.11658653846153846 0.11538461538461539 0.21875
0 0.6382211538461539 0.2692307692307692 0.15625 0.2692307692307692
0 0.5673076923076923 0.36899038461538464 0.125 0.21875
0 0.39663461538461536 0.11658653846153846 0.18269230769230768 0.21875
0 0.3293269230769231 0.06490384615384616 0.03365384615384615 0.11538461538461539
0 0.32211538461538464 0.2620192307692308 0.14423076923076922 0.24519230769230768
0 0.20432692307692307 0.125 0.1778846153846154 0.23557692307692307
0 0.0625 0.10576923076923077 0.1201923076923077 0.1971153846153846
0 0.1971153846153846 0.27403846153846156 0.10576923076923077 0.19230769230769232
0 0.22956730769230768 0.4831730769230769 0.15625 0.2403846153846154
0 0.3076923076923077 0.47115384615384615 0.08173076923076923 0.21153846153846154
0 0.40625 0.47596153846153844 0.125 0.20192307692307693
0 0.375 0.703125 0.14423076923076922 0.2620192307692308
0 0.4423076923076923 0.8137019230769231 0.12980769230769232 0.18028846153846154
0 0.4182692307692308 0.9158653846153846 0.1778846153846154 0.16826923076923078
0 0.3076923076923077 0.8810096153846154 0.15865384615384615 0.23798076923076922
0 0.25600961538461536 0.6971153846153846 0.15625 0.27403846153846156
0 0.15144230769230768 0.8497596153846154 0.16346153846153846 0.21875
0 0.09375 0.6622596153846154 0.14423076923076922 0.25721153846153844
0 0.05048076923076923 0.48197115384615385 0.09615384615384616 0.19951923076923078
0 0.07211538461538461 0.3329326923076923 0.13942307692307693 0.27163461538461536
0 0.039663461538461536 0.7944711538461539 0.07451923076923077 0.2091346153846154
0 0.06129807692307692 0.9459134615384616 0.10817307692307693 0.10817307692307693
0 0.2247596153846154 0.9435096153846154 0.1466346153846154 0.11298076923076923
0 0.5024038461538461 0.5036057692307693 1.0 0.9927884615384616
