0 0.53125 0.8798076923076923 0.16826923076923078 0.23557692307692307
0 0.40384615384615385 0.8918269230769231 0.125 0.20673076923076922
0 0.37740384615384615 0.8052884615384616 0.14903846153846154 0.3798076923076923
0 0.19471153846153846 0.9158653846153846 0.125 0.15865384615384615
0 0.06129807692307692 0.13701923076923078 0.11778846153846154 0.22596153846153846
0 0.05048076923076923 0.06490384615384616 0.09615384615384616 0.125
0 0.04927884615384615 0.24879807692307693 0.09375 0.1466346153846154
0 0.2247596153846154 0.28966346153846156 0.18990384615384615 0.10336538461538461
0 0.2127403846153846 0.12740384615384615 0.15144230769230768 0.25
0 0.3389423076923077 0.10216346153846154 0.09615384615384616 0.19951923076923078
0 0.42908653846153844 0.09615384615384616 0.10336538461538461 0.1875
0 0.5396634615384616 0.7235576923076923 0.03125 0.0625
0 0.5384615384615384 0.5384615384615384 0.019230769230769232 0.0625
0 0.6081730769230769 0.43028846153846156 0.028846153846153848 0.0673076923076923
0 0.5144230769230769 0.42788461538461536 0.028846153846153848 0.09134615384615384
0 0.5012019230769231 0.28125 0.026442307692307692 0.04807692307692308
0 0.4723557692307692 0.28125 0.03125 0.07692307692307693
0 0.45072115384615385 0.3317307692307692 0.03125 0.07692307692307693
0 0.4675480769230769 0.38461538461538464 0.026442307692307692 0.0625
0 0.45913461538461536 0.4639423076923077 0.02403846153846154 0.0673076923076923
0 0.45552884615384615 0.5985576923076923 0.026442307692307692 0.0625
0 0.44471153846153844 0.6418269230769231 0.019230769230769232 0.0625
0 0.42908653846153844 0.5384615384615384 0.026442307692307692 0.04807692307692308
0 0.4362980769230769 0.4855769230769231 0.026442307692307692 0.0673076923076923
0 0.43990384615384615 0.41586538461538464 0.03365384615384615 0.0673076923076923
0 0.4230769230769231 0.3485576923076923 0.02403846153846154 0.0673076923076923
0 0.43509615384615385 0.2764423076923077 0.02403846153846154 0.04807692307692308
0 0.4074519230769231 0.28846153846153844 0.026442307692307692 0.09134615384615384
0 0.25240384615384615 0.4639423076923077 0.028846153846153848 0.09615384615384616
0 0.27884615384615385 0.5240384615384616 0.02403846153846154 0.0625
0 0.30288461538461536 0.5432692307692307 0.019230769230769232 0.04807692307692308
0 0.31009615384615385 0.5901442307692307 0.019230769230769232 0.040865384615384616
0 0.3329326923076923 0.5540865384615384 0.03125 0.055288461538461536
0 0.33533653846153844 0.6129807692307693 0.026442307692307692 0.0625
0 0.3605769230769231 0.5985576923076923 0.019230769230769232 0.04807692307692308
0 0.3762019230769231 0.5721153846153846 0.026442307692307692 0.04807692307692308
0 0.40865384615384615 0.5853365384615384 0.04326923076923077 0.10336538461538461
0 0.35697115384615385 0.53125 0.03125 0.07692307692307693
0 0.37740384615384615 0.5168269230769231 0.028846153846153848 0.04807692307692308
0 0.38221153846153844 0.4639423076923077 0.028846153846153848 0.0673076923076923
0 0.4110576923076923 0.47115384615384615 0.02403846153846154 0.08173076923076923
0 0.390625 0.39903846153846156 0.026442307692307692 0.04807692307692308
0 0.3942307692307692 0.36177884615384615 0.019230769230769232 0.040865384615384616
0 0.37740384615384615 0.3581730769230769 0.02403846153846154 0.0625
0 0.37740384615384615 0.2860576923076923 0.019230769230769232 0.0673076923076923
0 0.38461538461538464 0.2091346153846154 0.019230769230769232 0.0673076923076923
0 0.3918269230769231 0.1622596153846154 0.019230769230769232 0.055288461538461536
0 0.35697115384615385 0.22596153846153846 0.026442307692307692 0.04807692307692308
0 0.33413461538461536 0.203125 0.02403846153846154 0.055288461538461536
0 0.30649038461538464 0.17307692307692307 0.026442307692307692 0.0625
0 0.33533653846153844 0.2548076923076923 0.026442307692307692 0.0625
0 0.35697115384615385 0.2692307692307692 0.016826923076923076 0.03365384615384615
0 0.35697115384615385 0.31971153846153844 0.026442307692307692 0.0673076923076923
0 0.33653846153846156 0.32091346153846156 0.02403846153846154 0.055288461538461536
0 0.34134615384615385 0.4230769230769231 0.028846153846153848 0.08173076923076923
0 0.3629807692307692 0.3918269230769231 0.028846153846153848 0.09134615384615384
0 0.35336538461538464 0.46875 0.028846153846153848 0.0625
0 0.32572115384615385 0.4519230769230769 0.03125 0.0673076923076923
0 0.3233173076923077 0.36538461538461536 0.03125 0.07692307692307693
0 0.296875 0.3918269230769231 0.026442307692307692 0.07692307692307693
0 0.2848557692307692 0.3329326923076923 0.026442307692307692 0.055288461538461536
0 0.30288461538461536 0.45072115384615385 0.02403846153846154 0.040865384615384616
0 0.28966346153846156 0.4831730769230769 0.016826923076923076 0.04807692307692308
0 0.3173076923076923 0.48677884615384615 0.03365384615384615 0.055288461538461536
0 0.046875 0.7644230769230769 0.0889423076923077 0.2548076923076923
0 0.15384615384615385 0.7920673076923077 0.21153846153846154 0.21394230769230768
0 0.09134615384615384 0.8521634615384616 0.052884615384615384 0.1658653846153846
0 0.17908653846153846 0.7451923076923077 0.21875 0.15865384615384615
0 0.13701923076923078 0.7764423076923077 0.18269230769230768 0.08173076923076923
0 0.18509615384615385 0.7572115384615384 0.18269230769230768 0.0625
0 0.1346153846153846 0.7091346153846154 0.11538461538461539 0.0625
0 0.23317307692307693 0.6754807692307693 0.10576923076923077 0.0625
0 0.06009615384615385 0.6225961538461539 0.10576923076923077 0.11057692307692307
0 0.09014423076923077 0.6778846153846154 0.1466346153846154 0.09615384615384616
0 0.06971153846153846 0.5745192307692307 0.10576923076923077 0.1778846153846154
0 0.07451923076923077 0.4831730769230769 0.14423076923076922 0.15865384615384615
0 0.07572115384615384 0.47596153846153844 0.1466346153846154 0.2980769230769231
0 0.1346153846153846 0.5625 0.14903846153846154 0.0673076923076923
0 0.1935096153846154 0.4639423076923077 0.0889423076923077 0.09615384615384616
0 0.21634615384615385 0.4543269230769231 0.09615384615384616 0.17307692307692307
0 0.18509615384615385 0.47115384615384615 0.0625 0.13942307692307693
0 0.25240384615384615 0.5685096153846154 0.09615384615384616 0.055288461538461536
0 0.2548076923076923 0.6165865384615384 0.08173076923076923 0.040865384615384616
