0 0.7211538461538461 0.34134615384615385 0.21634615384615385 0.20192307692307693
0 0.84375 0.5 0.09134615384615384 0.19230769230769232
0 0.7788461538461539 0.4567307692307692 0.04807692307692308 0.07211538461538461
0 0.7836538461538461 0.3798076923076923 0.4326923076923077 0.22596153846153846
0 0.7548076923076923 0.44350961538461536 0.3076923076923077 0.24278846153846154
0 0.5817307692307693 0.5384615384615384 0.0625 0.08173076923076923
0 0.6117788461538461 0.5985576923076923 0.05048076923076923 0.04807692307692308
0 0.5552884615384616 0.5949519230769231 0.038461538461538464 0.03125
0 0.5384615384615384 0.5576923076923077 0.03365384615384615 0.04807692307692308
0 0.6370192307692307 0.49038461538461536 0.0673076923076923 0.057692307692307696
0 0.5817307692307693 0.40865384615384615 0.07692307692307693 0.09615384615384616
0 0.5216346153846154 0.4375 0.10576923076923077 0.15865384615384615
0 0.5865384615384616 0.3329326923076923 0.052884615384615384 0.040865384615384616
0 0.5120192307692307 0.3389423076923077 0.13942307692307693 0.0625
0 0.5036057692307693 0.37259615384615385 0.12740384615384615 0.0673076923076923
0 0.4254807692307692 0.3605769230769231 0.0673076923076923 0.02403846153846154
0 0.4098557692307692 0.3425480769230769 0.05048076923076923 0.03125
0 0.375 0.3581730769230769 0.03365384615384615 0.019230769230769232
0 0.3629807692307692 0.3329326923076923 0.038461538461538464 0.03125
0 0.44471153846153844 0.4963942307692308 0.1875 0.17067307692307693
0 0.44711538461538464 0.5793269230769231 0.052884615384615384 0.052884615384615384
0 0.4567307692307692 0.5769230769230769 0.18269230769230768 0.09615384615384616
0 0.33413461538461536 0.59375 0.07211538461538461 0.04807692307692308
0 0.33653846153846156 0.5528846153846154 0.07211538461538461 0.04807692307692308
0 0.31971153846153844 0.5168269230769231 0.08653846153846154 0.07692307692307693
0 0.27283653846153844 0.5709134615384616 0.06971153846153846 0.10336538461538461
0 0.2548076923076923 0.5961538461538461 0.03365384615384615 0.052884615384615384
0 0.22956730769230768 0.59375 0.05048076923076923 0.0673076923076923
0 0.2956730769230769 0.5492788461538461 0.16826923076923078 0.040865384615384616
0 0.28846153846153844 0.4807692307692308 0.09134615384615384 0.0673076923076923
0 0.2704326923076923 0.3245192307692308 0.18509615384615385 0.20192307692307693
0 0.07932692307692307 0.6814903846153846 0.14903846153846154 0.46875
0 0.18269230769230768 0.47115384615384615 0.14903846153846154 0.09134615384615384
0 0.3473557692307692 0.4387019230769231 0.18509615384615385 0.10817307692307693
