0 0.6862980769230769 0.35096153846153844 0.0889423076923077 0.15384615384615385
0 0.6045673076923077 0.2932692307692308 0.11298076923076923 0.15865384615384615
0 0.6105769230769231 0.15865384615384615 0.27884615384615385 0.30288461538461536
0 0.8197115384615384 0.6622596153846154 0.3557692307692308 0.49759615384615385
0 0.671875 0.4831730769230769 0.11298076923076923 0.15865384615384615
0 0.5841346153846154 0.46274038461538464 0.038461538461538464 0.036057692307692304
0 0.625 0.48677884615384615 0.04326923076923077 0.04567307692307692
0 0.5961538461538461 0.5048076923076923 0.038461538461538464 0.052884615384615384
0 0.6201923076923077 0.5420673076923077 0.038461538461538464 0.040865384615384616
0 0.5961538461538461 0.5721153846153846 0.038461538461538464 0.052884615384615384
0 0.5625 0.5396634615384616 0.03365384615384615 0.04567307692307692
0 0.5661057692307693 0.4987980769230769 0.036057692307692304 0.04567307692307692
0 0.5612980769230769 0.7127403846153846 0.17067307692307693 0.17067307692307693
0 0.4387019230769231 0.8713942307692307 0.14182692307692307 0.2091346153846154
0 0.4495192307692308 0.9326923076923077 0.03365384615384615 0.057692307692307696
0 0.4362980769230769 0.5865384615384616 0.08413461538461539 0.10096153846153846
0 0.48677884615384615 0.5024038461538461 0.08413461538461539 0.12980769230769232
0 0.4074519230769231 0.4795673076923077 0.07451923076923077 0.11298076923076923
0 0.37259615384615385 0.5637019230769231 0.0673076923076923 0.0985576923076923
0 0.3954326923076923 0.6598557692307693 0.07451923076923077 0.11298076923076923
0 0.43990384615384615 0.5817307692307693 0.08173076923076923 0.10096153846153846
0 0.47716346153846156 0.6574519230769231 0.06490384615384616 0.11778846153846154
0 0.5048076923076923 0.5841346153846154 0.04326923076923077 0.07692307692307693
0 0.49038461538461536 0.3737980769230769 0.0625 0.0985576923076923
0 0.5348557692307693 0.35096153846153844 0.05048076923076923 0.08173076923076923
0 0.4879807692307692 0.28725961538461536 0.07692307692307693 0.0889423076923077
0 0.3245192307692308 0.8052884615384616 0.07692307692307693 0.13942307692307693
0 0.2247596153846154 0.8317307692307693 0.11298076923076923 0.14903846153846154
0 0.18389423076923078 0.39783653846153844 0.0889423076923077 0.13221153846153846
0 0.12980769230769232 0.49759615384615385 0.11538461538461539 0.12980769230769232
0 0.21995192307692307 0.6213942307692307 0.22355769230769232 0.19951923076923078
0 0.34975961538461536 0.3942307692307692 0.21394230769230768 0.3317307692307692
