0 0.8377403846153846 0.6262019230769231 0.15625 0.21875
0 0.8665865384615384 0.734375 0.18509615384615385 0.25240384615384615
0 0.7740384615384616 0.7824519230769231 0.08173076923076923 0.13701923076923078
0 0.6778846153846154 0.5745192307692307 0.16346153846153846 0.3894230769230769
0 0.7596153846153846 0.5168269230769231 0.11057692307692307 0.1875
0 0.6766826923076923 0.7548076923076923 0.11298076923076923 0.14903846153846154
0 0.6899038461538461 0.8389423076923077 0.08653846153846154 0.052884615384615384
0 0.5949519230769231 0.8209134615384616 0.11298076923076923 0.18028846153846154
0 0.5985576923076923 0.6322115384615384 0.11057692307692307 0.17307692307692307
0 0.5841346153846154 0.4326923076923077 0.07692307692307693 0.21153846153846154
0 0.4182692307692308 0.41586538461538464 0.15865384615384615 0.28846153846153844
0 0.49038461538461536 0.4230769230769231 0.11057692307692307 0.20673076923076922
0 0.4639423076923077 0.5841346153846154 0.0673076923076923 0.14903846153846154
0 0.5120192307692307 0.5985576923076923 0.07211538461538461 0.15384615384615385
0 0.5120192307692307 0.7235576923076923 0.21153846153846154 0.11057692307692307
0 0.4963942307692308 0.7956730769230769 0.14182692307692307 0.07692307692307693
0 0.43509615384615385 0.8509615384615384 0.11057692307692307 0.17307692307692307
0 0.43509615384615385 0.8918269230769231 0.04807692307692308 0.14903846153846154
0 0.5 0.8557692307692307 0.08173076923076923 0.04326923076923077
0 0.30408653846153844 0.3473557692307692 0.18990384615384615 0.25240384615384615
0 0.3641826923076923 0.15625 0.0985576923076923 0.1971153846153846
0 0.3557692307692308 0.5949519230769231 0.13942307692307693 0.18028846153846154
0 0.2860576923076923 0.5120192307692307 0.10096153846153846 0.1201923076923077
0 0.2512019230769231 0.625 0.08413461538461539 0.11057692307692307
0 0.21875 0.6201923076923077 0.125 0.1201923076923077
0 0.22235576923076922 0.6610576923076923 0.11298076923076923 0.04807692307692308
0 0.1875 0.7403846153846154 0.21153846153846154 0.2403846153846154
0 0.3629807692307692 0.8100961538461539 0.125 0.19230769230769232
