0 0.17548076923076922 0.8341346153846154 0.3317307692307692 0.23076923076923078
0 0.3425480769230769 0.8257211538461539 0.5360576923076923 0.3485576923076923
0 0.4951923076923077 0.9326923076923077 0.7115384615384616 0.1346153846153846
0 0.8173076923076923 0.7896634615384616 0.28365384615384615 0.18509615384615385
0 0.9074519230769231 0.921875 0.18028846153846154 0.15625
0 0.9651442307692307 0.8365384615384616 0.06971153846153846 0.12980769230769232
0 0.5192307692307693 0.8653846153846154 0.3125 0.16826923076923078
0 0.2932692307692308 0.9302884615384616 0.16346153846153846 0.11057692307692307
0 0.6105769230769231 0.6322115384615384 0.2403846153846154 0.1971153846153846
0 0.7331730769230769 0.5805288461538461 0.24519230769230768 0.21875
0 0.9302884615384616 0.5709134615384616 0.13942307692307693 0.15625
0 0.921875 0.6334134615384616 0.15625 0.10817307692307693
0 0.9759615384615384 0.7427884615384616 0.052884615384615384 0.0673076923076923
0 0.3329326923076923 0.6201923076923077 0.37740384615384615 0.25
0 0.16105769230769232 0.5841346153846154 0.3076923076923077 0.3317307692307692
0 0.03365384615384615 0.5913461538461539 0.04807692307692308 0.18269230769230768
0 0.13221153846153846 0.36538461538461536 0.16826923076923078 0.1201923076923077
0 0.28365384615384615 0.34375 0.27884615384615385 0.16826923076923078
0 0.4014423076923077 0.4735576923076923 0.1201923076923077 0.10576923076923077
0 0.609375 0.3798076923076923 0.38221153846153844 0.25961538461538464
0 0.8605769230769231 0.44711538461538464 0.25 0.1875
0 0.9567307692307693 0.3605769230769231 0.08653846153846154 0.27403846153846156
0 0.9567307692307693 0.15625 0.09134615384615384 0.12980769230769232
0 0.8389423076923077 0.12980769230769232 0.20673076923076922 0.057692307692307696
0 0.8605769230769231 0.22956730769230768 0.23076923076923078 0.18509615384615385
0 0.6442307692307693 0.2091346153846154 0.5961538461538461 0.2980769230769231
0 0.6334134615384616 0.06850961538461539 0.29086538461538464 0.13221153846153846
0 0.8317307692307693 0.12980769230769232 0.15865384615384615 0.057692307692307696
0 0.4543269230769231 0.0985576923076923 0.3317307692307692 0.1875
0 0.27403846153846156 0.1875 0.27884615384615385 0.18269230769230768
0 0.08173076923076923 0.25600961538461536 0.14903846153846154 0.5072115384615384
0 0.3245192307692308 0.054086538461538464 0.38461538461538464 0.10336538461538461
0 0.8942307692307693 0.055288461538461536 0.21153846153846154 0.10576923076923077
0 0.75 0.03125 0.14903846153846154 0.052884615384615384
0 0.5036057692307693 0.5024038461538461 0.9927884615384616 1.0
