0 0.5120192307692307 0.48677884615384615 0.6105769230769231 0.8245192307692307
0 0.875 0.29086538461538464 0.25 0.5721153846153846
0 0.7548076923076923 0.7019230769230769 0.4567307692307692 0.5096153846153846
0 0.13701923076923078 0.17427884615384615 0.25961538461538464 0.3293269230769231
0 0.15625 0.37259615384615385 0.30288461538461536 0.5721153846153846
0 0.5096153846153846 0.07451923076923077 0.4855769230769231 0.1346153846153846
0 0.12980769230769232 0.8581730769230769 0.12980769230769232 0.1971153846153846
0 0.17548076923076922 0.7283653846153846 0.1346153846153846 0.14903846153846154
0 0.057692307692307696 0.7235576923076923 0.10096153846153846 0.14423076923076922
0 0.23317307692307693 0.9567307692307693 0.14903846153846154 0.08653846153846154
0 0.3629807692307692 0.9543269230769231 0.11538461538461539 0.09615384615384616
0 0.4699519230769231 0.9495192307692307 0.11778846153846154 0.10096153846153846
