0 0.6586538461538461 0.11778846153846154 0.30288461538461536 0.22115384615384615
0 0.7740384615384616 0.37259615384615385 0.25 0.28846153846153844
0 0.7163461538461539 0.2692307692307692 0.1875 0.14423076923076922
0 0.4855769230769231 0.2980769230769231 0.3076923076923077 0.22115384615384615
0 0.43028846153846156 0.11778846153846154 0.1778846153846154 0.15865384615384615
0 0.18389423076923078 0.1201923076923077 0.3389423076923077 0.22115384615384615
0 0.26802884615384615 0.27163461538461536 0.28125 0.2548076923076923
0 0.06009615384615385 0.25 0.11538461538461539 0.1971153846153846
0 0.1045673076923077 0.47716346153846156 0.20432692307692307 0.2668269230769231
0 0.3269230769230769 0.5324519230769231 0.32211538461538464 0.2668269230769231
0 0.5673076923076923 0.46153846153846156 0.2980769230769231 0.23076923076923078
0 0.6153846153846154 0.6923076923076923 0.3605769230769231 0.2932692307692308
0 0.8365384615384616 0.6682692307692307 0.1346153846153846 0.28365384615384615
0 0.6935096153846154 0.8798076923076923 0.3485576923076923 0.20192307692307693
0 0.4723557692307692 0.9459134615384616 0.2956730769230769 0.10817307692307693
0 0.19471153846153846 0.8822115384615384 0.38461538461538464 0.23557692307692307
0 0.12980769230769232 0.6911057692307693 0.2548076923076923 0.16105769230769232
