0 0.5793269230769231 0.5132211538461539 0.3317307692307692 0.22355769230769232
0 0.49038461538461536 0.3317307692307692 0.3557692307692308 0.16826923076923078
0 0.5504807692307693 0.21875 0.10576923076923077 0.0625
0 0.4423076923076923 0.18509615384615385 0.12980769230769232 0.0625
0 0.5168269230769231 0.15625 0.125 0.057692307692307696
0 0.4387019230769231 0.14182692307692307 0.06009615384615385 0.028846153846153848
0 0.49759615384615385 0.10817307692307693 0.1201923076923077 0.04326923076923077
0 0.35336538461538464 0.24639423076923078 0.32211538461538464 0.13701923076923078
0 0.15504807692307693 0.34975961538461536 0.30528846153846156 0.24278846153846154
0 0.37259615384615385 0.4723557692307692 0.2980769230769231 0.20432692307692307
0 0.4495192307692308 0.6153846153846154 0.08173076923076923 0.052884615384615384
0 0.31009615384615385 0.5889423076923077 0.17307692307692307 0.09134615384615384
0 0.13701923076923078 0.5576923076923077 0.2548076923076923 0.21153846153846154
0 0.1875 0.6490384615384616 0.14423076923076922 0.07692307692307693
0 0.3173076923076923 0.6778846153846154 0.12980769230769232 0.08173076923076923
0 0.4254807692307692 0.6802884615384616 0.08173076923076923 0.0625
0 0.4855769230769231 0.6923076923076923 0.04807692307692308 0.03365384615384615
0 0.5336538461538461 0.6574519230769231 0.10576923076923077 0.05048076923076923
0 0.5661057692307693 0.6947115384615384 0.06490384615384616 0.038461538461538464
0 0.6189903846153846 0.6466346153846154 0.06490384615384616 0.038461538461538464
0 0.5096153846153846 0.7211538461538461 0.14423076923076922 0.04807692307692308
0 0.23918269230769232 0.7980769230769231 0.3870192307692308 0.15865384615384615
0 0.375 0.7427884615384616 0.10096153846153846 0.057692307692307696
0 0.40384615384615385 0.7884615384615384 0.07692307692307693 0.0625
0 0.4543269230769231 0.8209134615384616 0.07211538461538461 0.05048076923076923
0 0.49399038461538464 0.8028846153846154 0.0889423076923077 0.057692307692307696
0 0.49759615384615385 0.7668269230769231 0.08173076923076923 0.038461538461538464
0 0.5913461538461539 0.8197115384615384 0.1201923076923077 0.038461538461538464
0 0.5961538461538461 0.8497596153846154 0.10096153846153846 0.026442307692307692
0 0.5084134615384616 0.8617788461538461 0.06009615384615385 0.06009615384615385
0 0.09495192307692307 0.7283653846153846 0.06490384615384616 0.038461538461538464
0 0.057692307692307696 0.7079326923076923 0.04807692307692308 0.03125
0 0.15144230769230768 0.6995192307692307 0.08173076923076923 0.04326923076923077
0 0.1658653846153846 0.7475961538461539 0.07692307692307693 0.038461538461538464
0 0.09014423076923077 0.7644230769230769 0.06490384615384616 0.038461538461538464
0 0.19591346153846154 0.8629807692307693 0.3870192307692308 0.15384615384615385
0 0.05889423076923077 0.6346153846153846 0.11298076923076923 0.1201923076923077
0 0.07211538461538461 0.6490384615384616 0.10096153846153846 0.028846153846153848
