0 0.5048076923076923 0.38341346153846156 0.9903846153846154 0.5793269230769231
0 0.18269230769230768 0.6430288461538461 0.0673076923076923 0.016826923076923076
0 0.21153846153846154 0.6634615384615384 0.052884615384615384 0.014423076923076924
0 0.17548076923076922 0.6875 0.052884615384615384 0.03365384615384615
0 0.9447115384615384 0.8389423076923077 0.07211538461538461 0.04326923076923077
0 0.24759615384615385 0.8173076923076923 0.052884615384615384 0.028846153846153848
0 0.057692307692307696 0.9663461538461539 0.052884615384615384 0.019230769230769232
0 0.8353365384615384 0.03125 0.20432692307692307 0.052884615384615384
5 0.5913461538461539 0.9182692307692307 0.3269230769230769 0.16346153846153846
5 0.4326923076923077 0.9230769230769231 0.3076923076923077 0.15384615384615385
5 0.7764423076923077 0.8052884615384616 0.3798076923076923 0.27884615384615385
5 0.3713942307692308 0.05048076923076923 0.44471153846153844 0.09134615384615384
5 0.6682692307692307 0.055288461538461536 0.19230769230769232 0.10096153846153846
5 0.9519230769230769 0.08173076923076923 0.10096153846153846 0.15384615384615385
5 0.875 0.07692307692307693 0.125 0.11057692307692307
3 0.3233173076923077 0.8389423076923077 0.17548076923076922 0.15384615384615385
