0 0.04326923076923077 0.2644230769230769 0.07211538461538461 0.08173076923076923
0 0.025240384615384616 0.28725961538461536 0.036057692307692304 0.036057692307692304
0 0.055288461538461536 0.23798076923076922 0.09615384615384616 0.09615384615384616
0 0.040865384615384616 0.18990384615384615 0.0673076923076923 0.07211538461538461
0 0.09254807692307693 0.19471153846153846 0.10817307692307693 0.11538461538461539
0 0.020432692307692308 0.140625 0.026442307692307692 0.026442307692307692
0 0.056490384615384616 0.14423076923076922 0.0985576923076923 0.09615384615384616
0 0.0985576923076923 0.17307692307692307 0.18269230769230768 0.1971153846153846
0 0.030048076923076924 0.057692307692307696 0.04567307692307692 0.04807692307692308
0 0.07211538461538461 0.06850961538461539 0.04807692307692308 0.036057692307692304
0 0.16466346153846154 0.13701923076923078 0.10336538461538461 0.22115384615384615
0 0.17548076923076922 0.11298076923076923 0.08173076923076923 0.10096153846153846
0 0.17307692307692307 0.09615384615384616 0.0625 0.04326923076923077
0 0.020432692307692308 0.37259615384615385 0.026442307692307692 0.1346153846153846
0 0.037259615384615384 0.36778846153846156 0.021634615384615384 0.125
0 0.051682692307692304 0.37740384615384615 0.026442307692307692 0.1346153846153846
0 0.07572115384615384 0.38100961538461536 0.03125 0.14182692307692307
0 0.11177884615384616 0.3401442307692308 0.03125 0.15144230769230768
0 0.12860576923076922 0.37740384615384615 0.04567307692307692 0.13942307692307693
0 0.13341346153846154 0.29927884615384615 0.03125 0.09375
0 0.15264423076923078 0.36177884615384615 0.03125 0.09375
0 0.1622596153846154 0.3918269230769231 0.036057692307692304 0.07692307692307693
0 0.22716346153846154 0.4254807692307692 0.09375 0.11538461538461539
0 0.20552884615384615 0.33413461538461536 0.10336538461538461 0.12980769230769232
0 0.31490384615384615 0.12259615384615384 0.15865384615384615 0.09615384615384616
0 0.25961538461538464 0.18028846153846154 0.10576923076923077 0.08173076923076923
0 0.3641826923076923 0.20432692307692307 0.0889423076923077 0.0673076923076923
0 0.45913461538461536 0.08413461538461539 0.057692307692307696 0.0625
0 0.40625 0.09375 0.057692307692307696 0.038461538461538464
0 0.5120192307692307 0.08413461538461539 0.04807692307692308 0.0625
0 0.4963942307692308 0.14423076923076922 0.0889423076923077 0.052884615384615384
0 0.48677884615384615 0.21033653846153846 0.0889423076923077 0.08413461538461539
0 0.4254807692307692 0.15384615384615385 0.052884615384615384 0.10576923076923077
0 0.41466346153846156 0.25240384615384615 0.09375 0.052884615384615384
0 0.3858173076923077 0.3161057692307692 0.14182692307692307 0.08413461538461539
0 0.2980769230769231 0.25721153846153844 0.11057692307692307 0.08173076923076923
0 0.31490384615384615 0.3425480769230769 0.07211538461538461 0.08413461538461539
0 0.2860576923076923 0.37259615384615385 0.0673076923076923 0.0625
0 0.3245192307692308 0.4110576923076923 0.057692307692307696 0.0625
0 0.36177884615384615 0.43509615384615385 0.09375 0.08173076923076923
0 0.4411057692307692 0.40384615384615385 0.08413461538461539 0.08173076923076923
0 0.3798076923076923 0.37740384615384615 0.07211538461538461 0.07211538461538461
0 0.5072115384615384 0.37740384615384615 0.11057692307692307 0.0673076923076923
0 0.48677884615384615 0.32091346153846156 0.0889423076923077 0.08413461538461539
0 0.5048076923076923 0.2764423076923077 0.052884615384615384 0.04807692307692308
0 0.5504807692307693 0.07692307692307693 0.1346153846153846 0.13942307692307693
0 0.5805288461538461 0.0673076923076923 0.17067307692307693 0.1201923076923077
0 0.6454326923076923 0.051682692307692304 0.10336538461538461 0.0889423076923077
0 0.9783653846153846 0.10336538461538461 0.04326923076923077 0.052884615384615384
0 0.9495192307692307 0.1466346153846154 0.052884615384615384 0.04807692307692308
0 0.9855769230769231 0.1502403846153846 0.028846153846153848 0.055288461538461536
0 0.9326923076923077 0.18028846153846154 0.052884615384615384 0.04326923076923077
0 0.9783653846153846 0.20192307692307693 0.04326923076923077 0.04326923076923077
0 0.9230769230769231 0.21995192307692307 0.04326923076923077 0.026442307692307692
0 0.9399038461538461 0.24639423076923078 0.052884615384615384 0.03125
0 0.9507211538461539 0.27283653846153844 0.03125 0.021634615384615384
0 0.9855769230769231 0.2704326923076923 0.028846153846153848 0.04567307692307692
0 0.9903846153846154 0.22716346153846154 0.019230769230769232 0.040865384615384616
0 0.9110576923076923 0.4375 0.16346153846153846 0.22596153846153846
0 0.8990384615384616 0.6418269230769231 0.13942307692307693 0.0673076923076923
0 0.9086538461538461 0.6310096153846154 0.1346153846153846 0.03125
0 0.9230769230769231 0.6141826923076923 0.15865384615384615 0.021634615384615384
0 0.9098557692307693 0.5841346153846154 0.0889423076923077 0.038461538461538464
0 0.9519230769230769 0.5733173076923077 0.10096153846153846 0.021634615384615384
0 0.9278846153846154 0.6117788461538461 0.14423076923076922 0.11778846153846154
0 0.9326923076923077 0.7836538461538461 0.11538461538461539 0.0673076923076923
0 0.9074519230769231 0.8401442307692307 0.08413461538461539 0.09375
0 0.96875 0.8293269230769231 0.038461538461538464 0.0625
0 0.9831730769230769 0.8834134615384616 0.038461538461538464 0.14182692307692307
0 0.9903846153846154 0.7776442307692307 0.019230769230769232 0.06971153846153846
0 0.8076923076923077 0.8425480769230769 0.08173076923076923 0.0889423076923077
0 0.7980769230769231 0.7908653846153846 0.052884615384615384 0.052884615384615384
0 0.8341346153846154 0.6899038461538461 0.04326923076923077 0.23557692307692307
0 0.8100961538461539 0.6730769230769231 0.04807692307692308 0.23557692307692307
0 0.7836538461538461 0.6430288461538461 0.07692307692307693 0.2668269230769231
0 0.7548076923076923 0.8209134615384616 0.052884615384615384 0.0889423076923077
0 0.71875 0.6923076923076923 0.10576923076923077 0.36538461538461536
0 0.7091346153846154 0.6201923076923077 0.052884615384615384 0.22115384615384615
0 0.65625 0.7475961538461539 0.052884615384615384 0.22596153846153846
0 0.6550480769230769 0.6899038461538461 0.08413461538461539 0.34134615384615385
0 0.6274038461538461 0.6610576923076923 0.038461538461538464 0.2932692307692308
0 0.5865384615384616 0.6850961538461539 0.057692307692307696 0.3076923076923077
0 0.6610576923076923 0.9014423076923077 0.07211538461538461 0.08173076923076923
0 0.6129807692307693 0.8870192307692307 0.04326923076923077 0.07211538461538461
0 0.5913461538461539 0.8677884615384616 0.057692307692307696 0.04807692307692308
0 0.6706730769230769 0.9591346153846154 0.0625 0.052884615384615384
0 0.7283653846153846 0.90625 0.07211538461538461 0.11538461538461539
0 0.7524038461538461 0.9338942307692307 0.0673076923076923 0.09375
0 0.8485576923076923 0.9831730769230769 0.21153846153846154 0.038461538461538464
0 0.5625 0.9543269230769231 0.09615384615384616 0.09615384615384616
0 0.38100961538461536 0.9206730769230769 0.14182692307692307 0.13942307692307693
0 0.5528846153846154 0.6706730769230769 0.07692307692307693 0.2932692307692308
0 0.5240384615384616 0.7043269230769231 0.08173076923076923 0.375
0 0.4891826923076923 0.6995192307692307 0.040865384615384616 0.28846153846153844
0 0.46153846153846156 0.7079326923076923 0.052884615384615384 0.37740384615384615
0 0.4326923076923077 0.6875 0.0673076923076923 0.33653846153846156
0 0.4014423076923077 0.6658653846153846 0.0673076923076923 0.30288461538461536
0 0.36538461538461536 0.6814903846153846 0.0673076923076923 0.3245192307692308
0 0.33533653846153844 0.6742788461538461 0.04567307692307692 0.31971153846153844
0 0.30528846153846156 0.6706730769230769 0.052884615384615384 0.3557692307692308
0 0.27283653846153844 0.6225961538461539 0.040865384615384616 0.21634615384615385
0 0.2980769230769231 0.7043269230769231 0.014423076923076924 0.22115384615384615
0 0.22596153846153846 0.8485576923076923 0.052884615384615384 0.052884615384615384
0 0.2548076923076923 0.90625 0.0673076923076923 0.052884615384615384
0 0.27884615384615385 0.8581730769230769 0.0625 0.057692307692307696
0 0.19831730769230768 0.9350961538461539 0.04567307692307692 0.04807692307692308
0 0.1658653846153846 0.9459134615384616 0.057692307692307696 0.026442307692307692
0 0.15745192307692307 0.90625 0.08413461538461539 0.07692307692307693
0 0.20432692307692307 0.8894230769230769 0.038461538461538464 0.038461538461538464
0 0.14423076923076922 0.8689903846153846 0.0625 0.0889423076923077
0 0.10216346153846154 0.8725961538461539 0.03125 0.07692307692307693
0 0.0829326923076923 0.8389423076923077 0.036057692307692304 0.07211538461538461
0 0.06370192307692307 0.8064903846153846 0.03125 0.036057692307692304
0 0.17307692307692307 0.8425480769230769 0.038461538461538464 0.026442307692307692
0 0.020432692307692308 0.9338942307692307 0.026442307692307692 0.08413461538461539
0 0.052884615384615384 0.8942307692307693 0.08173076923076923 0.04807692307692308
0 0.03365384615384615 0.8353365384615384 0.052884615384615384 0.09375
0 0.20673076923076922 0.7596153846153846 0.0625 0.038461538461538464
0 0.14903846153846154 0.7584134615384616 0.0625 0.036057692307692304
0 0.14302884615384615 0.7283653846153846 0.09375 0.04326923076923077
0 0.21514423076923078 0.7295673076923077 0.036057692307692304 0.021634615384615384
0 0.1658653846153846 0.7175480769230769 0.057692307692307696 0.026442307692307692
0 0.21875 0.5841346153846154 0.07692307692307693 0.052884615384615384
0 0.1658653846153846 0.5889423076923077 0.038461538461538464 0.04326923076923077
0 0.15625 0.5564903846153846 0.04807692307692308 0.03125
0 0.1346153846153846 0.5324519230769231 0.057692307692307696 0.036057692307692304
0 0.19230769230769232 0.5384615384615384 0.057692307692307696 0.038461538461538464
0 0.18629807692307693 0.6322115384615384 0.10817307692307693 0.04807692307692308
0 0.10336538461538461 0.5661057692307693 0.07692307692307693 0.09375
0 0.038461538461538464 0.5576923076923077 0.0625 0.07211538461538461
0 0.030048076923076924 0.5985576923076923 0.04567307692307692 0.0625
0 0.037259615384615384 0.65625 0.05048076923076923 0.052884615384615384
0 0.07572115384615384 0.6322115384615384 0.05048076923076923 0.057692307692307696
0 0.11057692307692307 0.6177884615384616 0.04326923076923077 0.057692307692307696
0 0.1346153846153846 0.6442307692307693 0.07692307692307693 0.038461538461538464
0 0.08173076923076923 0.6742788461538461 0.04807692307692308 0.026442307692307692
0 0.6514423076923077 0.40865384615384615 0.052884615384615384 0.04807692307692308
0 0.6935096153846154 0.4026442307692308 0.03125 0.036057692307692304
0 0.6622596153846154 0.3798076923076923 0.03125 0.052884615384615384
0 0.71875 0.39302884615384615 0.052884615384615384 0.021634615384615384
0 0.78125 0.390625 0.0625 0.026442307692307692
0 0.734375 0.23798076923076922 0.09375 0.1346153846153846
0 0.6538461538461539 0.18028846153846154 0.0673076923076923 0.11538461538461539
0 0.6298076923076923 0.19471153846153846 0.08173076923076923 0.0625
0 0.6298076923076923 0.21514423076923078 0.0625 0.026442307692307692
0 0.5673076923076923 0.22115384615384615 0.08173076923076923 0.08173076923076923
0 0.5552884615384616 0.25 0.052884615384615384 0.0673076923076923
0 0.7307692307692307 0.16466346153846154 0.04326923076923077 0.08413461538461539
0 0.7836538461538461 0.16947115384615385 0.04807692307692308 0.040865384615384616
0 0.8064903846153846 0.20673076923076922 0.026442307692307692 0.0625
0 0.8581730769230769 0.1935096153846154 0.0673076923076923 0.0889423076923077
0 0.8737980769230769 0.1310096153846154 0.026442307692307692 0.026442307692307692
0 0.8509615384615384 0.1045673076923077 0.04326923076923077 0.036057692307692304
0 0.7908653846153846 0.1141826923076923 0.07692307692307693 0.026442307692307692
0 0.7524038461538461 0.11658653846153846 0.07692307692307693 0.03125
0 0.7788461538461539 0.15625 0.0673076923076923 0.057692307692307696
0 0.8173076923076923 0.27403846153846156 0.0625 0.0625
0 0.8774038461538461 0.28725961538461536 0.11538461538461539 0.026442307692307692
0 0.8737980769230769 0.2608173076923077 0.026442307692307692 0.026442307692307692
0 0.9002403846153846 0.2512019230769231 0.036057692307692304 0.036057692307692304
0 0.796875 0.32572115384615385 0.021634615384615384 0.03125
0 0.7764423076923077 0.3293269230769231 0.0625 0.0673076923076923
0 0.7379807692307693 0.3076923076923077 0.057692307692307696 0.057692307692307696
0 0.7295673076923077 0.23557692307692307 0.09375 0.1201923076923077
0 0.6370192307692307 0.2692307692307692 0.07692307692307693 0.0625
0 0.6923076923076923 0.35216346153846156 0.25 0.15625
0 0.6274038461538461 0.22716346153846154 0.17307692307692307 0.2091346153846154
0 0.7740384615384616 0.20673076923076922 0.22596153846153846 0.1971153846153846
