0 0.6418269230769231 0.17307692307692307 0.16826923076923078 0.16346153846153846
0 0.5 0.1658653846153846 0.15865384615384615 0.1201923076923077
0 0.4963942307692308 0.23798076923076922 0.21875 0.08653846153846154
0 0.6081730769230769 0.25 0.038461538461538464 0.15384615384615385
0 0.5204326923076923 0.3004807692307692 0.15625 0.15865384615384615
0 0.3629807692307692 0.28125 0.09615384615384616 0.11057692307692307
0 0.2692307692307692 0.38461538461538464 0.1201923076923077 0.23076923076923078
0 0.16346153846153846 0.47836538461538464 0.08653846153846154 0.12980769230769232
0 0.08653846153846154 0.5564903846153846 0.15384615384615385 0.18028846153846154
0 0.06490384615384616 0.7451923076923077 0.11057692307692307 0.27403846153846156
0 0.28365384615384615 0.6346153846153846 0.09615384615384616 0.15865384615384615
0 0.2932692307692308 0.49759615384615385 0.10096153846153846 0.14903846153846154
0 0.19471153846153846 0.5745192307692307 0.13942307692307693 0.24519230769230768
0 0.2247596153846154 0.7043269230769231 0.05048076923076923 0.20192307692307693
0 0.1346153846153846 0.7620192307692307 0.0625 0.23076923076923078
0 0.1201923076923077 0.8653846153846154 0.10096153846153846 0.1971153846153846
0 0.06490384615384616 0.7692307692307693 0.057692307692307696 0.16346153846153846
0 0.32572115384615385 0.9591346153846154 0.2620192307692308 0.07692307692307693
0 0.4723557692307692 0.7980769230769231 0.05048076923076923 0.3317307692307692
0 0.43509615384615385 0.7524038461538461 0.04326923076923077 0.20673076923076922
0 0.38822115384615385 0.6887019230769231 0.06490384615384616 0.25721153846153844
0 0.34375 0.8497596153846154 0.0673076923076923 0.2956730769230769
0 0.5709134615384616 0.8990384615384616 0.12740384615384615 0.1971153846153846
0 0.7427884615384616 0.8774038461538461 0.20673076923076922 0.2403846153846154
0 0.7752403846153846 0.6622596153846154 0.14182692307692307 0.37740384615384615
0 0.7692307692307693 0.5024038461538461 0.17307692307692307 0.15865384615384615
0 0.8485576923076923 0.47596153846153844 0.1201923076923077 0.28846153846153844
0 0.7800480769230769 0.2932692307692308 0.11298076923076923 0.11057692307692307
0 0.7451923076923077 0.3954326923076923 0.16826923076923078 0.14182692307692307
0 0.6802884615384616 0.36538461538461536 0.08653846153846154 0.08173076923076923
0 0.49759615384615385 0.43509615384615385 0.2548076923076923 0.11057692307692307
0 0.53125 0.5961538461538461 0.07211538461538461 0.24519230769230768
0 0.6105769230769231 0.6105769230769231 0.16826923076923078 0.052884615384615384
0 0.6838942307692307 0.6538461538461539 0.11298076923076923 0.07692307692307693
0 0.5168269230769231 0.5817307692307693 0.04326923076923077 0.04326923076923077
0 0.39302884615384615 0.5552884615384616 0.12740384615384615 0.15384615384615385
0 0.953125 0.5853365384615384 0.09375 0.18509615384615385
0 0.9495192307692307 0.6778846153846154 0.10096153846153846 0.2932692307692308
0 0.9230769230769231 0.8894230769230769 0.15384615384615385 0.22115384615384615
0 0.8521634615384616 0.8774038461538461 0.08413461538461539 0.1201923076923077
0 0.8882211538461539 0.8197115384615384 0.11298076923076923 0.11538461538461539
0 0.6442307692307693 0.7403846153846154 0.28846153846153844 0.1201923076923077
0 0.7451923076923077 0.6322115384615384 0.15384615384615385 0.1201923076923077
0 0.5048076923076923 0.5408653846153846 0.9903846153846154 0.9134615384615384
