0 0.40625 0.09134615384615384 0.27884615384615385 0.16826923076923078
0 0.6442307692307693 0.10336538461538461 0.19230769230769232 0.19230769230769232
0 0.8689903846153846 0.13581730769230768 0.2620192307692308 0.2283653846153846
0 0.7163461538461539 0.2644230769230769 0.21153846153846154 0.10096153846153846
0 0.9230769230769231 0.2860576923076923 0.15384615384615385 0.18269230769230768
0 0.7572115384615384 0.375 0.30288461538461536 0.07211538461538461
0 0.7403846153846154 0.3389423076923077 0.2692307692307692 0.052884615384615384
0 0.5697115384615384 0.3293269230769231 0.125 0.18269230769230768
0 0.4519230769230769 0.2283653846153846 0.3605769230769231 0.11057692307692307
0 0.2536057692307692 0.12740384615384615 0.10817307692307693 0.2403846153846154
0 0.1875 0.328125 0.09134615384615384 0.22355769230769232
0 0.19951923076923078 0.15865384615384615 0.07211538461538461 0.15865384615384615
0 0.14182692307692307 0.16826923076923078 0.0625 0.20673076923076922
0 0.11778846153846154 0.44711538461538464 0.08653846153846154 0.3557692307692308
0 0.20192307692307693 0.49038461538461536 0.22115384615384615 0.4182692307692308
0 0.36778846153846156 0.29927884615384615 0.2692307692307692 0.06971153846153846
0 0.38461538461538464 0.3798076923076923 0.28846153846153844 0.11057692307692307
0 0.27403846153846156 0.5144230769230769 0.15865384615384615 0.1201923076923077
0 0.23317307692307693 0.7415865384615384 0.19230769230769232 0.21394230769230768
0 0.3545673076923077 0.7644230769230769 0.4639423076923077 0.08653846153846154
0 0.5576923076923077 0.7980769230769231 0.27403846153846156 0.07692307692307693
0 0.8918269230769231 0.6322115384615384 0.13942307692307693 0.3557692307692308
0 0.8197115384615384 0.47836538461538464 0.34615384615384615 0.16346153846153846
0 0.8846153846153846 0.4543269230769231 0.21634615384615385 0.09134615384615384
0 0.9086538461538461 0.43509615384615385 0.12980769230769232 0.052884615384615384
0 0.8389423076923077 0.6622596153846154 0.08173076923076923 0.24278846153846154
0 0.8954326923076923 0.7319711538461539 0.2091346153846154 0.055288461538461536
0 0.9627403846153846 0.6358173076923077 0.07451923076923077 0.07932692307692307
0 0.9699519230769231 0.6875 0.06009615384615385 0.08173076923076923
0 0.8052884615384616 0.7451923076923077 0.0673076923076923 0.125
0 0.7115384615384616 0.6370192307692307 0.04807692307692308 0.27403846153846156
0 0.7740384615384616 0.6274038461538461 0.0673076923076923 0.2548076923076923
0 0.6706730769230769 0.6129807692307693 0.12980769230769232 0.2932692307692308
0 0.6189903846153846 0.5504807692307693 0.10817307692307693 0.2980769230769231
0 0.5793269230769231 0.7067307692307693 0.21634615384615385 0.057692307692307696
0 0.43509615384615385 0.671875 0.2692307692307692 0.05048076923076923
0 0.4735576923076923 0.6586538461538461 0.19230769230769232 0.20673076923076922
0 0.43149038461538464 0.6165865384615384 0.3293269230769231 0.22355769230769232
0 0.5012019230769231 0.5192307692307693 0.17067307692307693 0.15865384615384615
0 0.3798076923076923 0.5600961538461539 0.3605769230769231 0.23076923076923078
0 0.39783653846153844 0.49038461538461536 0.31490384615384615 0.20673076923076922
0 0.4182692307692308 0.42788461538461536 0.15865384615384615 0.125
