0 0.42788461538461536 0.24759615384615385 0.39903846153846156 0.2692307692307692
0 0.5673076923076923 0.21875 0.12980769230769232 0.07211538461538461
0 0.453125 0.15144230769230768 0.13701923076923078 0.0625
0 0.3125 0.14783653846153846 0.1201923076923077 0.06971153846153846
0 0.3581730769230769 0.18870192307692307 0.10096153846153846 0.06009615384615385
0 0.44591346153846156 0.21875 0.0889423076923077 0.057692307692307696
0 0.4014423076923077 0.25721153846153844 0.08173076923076923 0.038461538461538464
0 0.42788461538461536 0.2764423076923077 0.10096153846153846 0.038461538461538464
0 0.2800480769230769 0.2920673076923077 0.11298076923076923 0.06971153846153846
0 0.39783653846153844 0.3389423076923077 0.11298076923076923 0.07211538461538461
0 0.2956730769230769 0.1622596153846154 0.22596153846153846 0.18028846153846154
0 0.22115384615384615 0.46634615384615385 0.125 0.052884615384615384
0 0.17067307692307693 0.5552884615384616 0.09615384615384616 0.057692307692307696
0 0.2956730769230769 0.5288461538461539 0.14423076923076922 0.07692307692307693
0 0.3629807692307692 0.4411057692307692 0.14903846153846154 0.06971153846153846
0 0.44591346153846156 0.5108173076923077 0.13701923076923078 0.06971153846153846
0 0.33653846153846156 0.5841346153846154 0.1201923076923077 0.07211538461538461
0 0.25240384615384615 0.5793269230769231 0.07211538461538461 0.03365384615384615
0 0.5264423076923077 0.5420673076923077 0.1201923076923077 0.06009615384615385
0 0.4338942307692308 0.5625 0.0889423076923077 0.04807692307692308
0 0.4495192307692308 0.6153846153846154 0.10576923076923077 0.0673076923076923
0 0.5024038461538461 0.6706730769230769 0.10576923076923077 0.0673076923076923
0 0.6069711538461539 0.6790865384615384 0.11298076923076923 0.05048076923076923
0 0.6225961538461539 0.6370192307692307 0.14423076923076922 0.052884615384615384
0 0.5709134615384616 0.6105769230769231 0.11298076923076923 0.04807692307692308
0 0.6274038461538461 0.5504807692307693 0.15384615384615385 0.08653846153846154
0 0.6586538461538461 0.4879807692307692 0.09615384615384616 0.057692307692307696
0 0.6995192307692307 0.5805288461538461 0.1201923076923077 0.06009615384615385
0 0.7043269230769231 0.6201923076923077 0.08173076923076923 0.0673076923076923
0 0.7716346153846154 0.5300480769230769 0.12980769230769232 0.06009615384615385
0 0.8245192307692307 0.5336538461538461 0.12980769230769232 0.08173076923076923
0 0.8269230769230769 0.5925480769230769 0.10096153846153846 0.09375
0 0.8798076923076923 0.5540865384615384 0.07692307692307693 0.06009615384615385
0 0.3485576923076923 0.7620192307692307 0.5817307692307693 0.21634615384615385
0 0.5288461538461539 0.5552884615384616 0.8028846153846154 0.3076923076923077
0 0.8990384615384616 0.8485576923076923 0.1971153846153846 0.28846153846153844
0 0.8209134615384616 0.9927884615384616 0.22355769230769232 0.014423076923076924
0 0.6658653846153846 0.036057692307692304 0.10096153846153846 0.04807692307692308
0 0.6826923076923077 0.09014423076923077 0.10576923076923077 0.05048076923076923
0 0.6286057692307693 0.0985576923076923 0.06009615384615385 0.038461538461538464
0 0.6850961538461539 0.14543269230769232 0.10096153846153846 0.06009615384615385
0 0.7524038461538461 0.17548076923076922 0.1201923076923077 0.0625
0 0.7548076923076923 0.042067307692307696 0.10096153846153846 0.05048076923076923
0 0.7764423076923077 0.078125 0.10576923076923077 0.05048076923076923
0 0.8028846153846154 0.10817307692307693 0.07692307692307693 0.057692307692307696
0 0.8485576923076923 0.02403846153846154 0.1201923076923077 0.03365384615384615
0 0.8569711538461539 0.0625 0.06490384615384616 0.0673076923076923
0 0.8076923076923077 0.2247596153846154 0.10576923076923077 0.05048076923076923
0 0.7644230769230769 0.20432692307692307 0.08173076923076923 0.038461538461538464
0 0.8653846153846154 0.25961538461538464 0.08173076923076923 0.0673076923076923
0 0.8629807692307693 0.21634615384615385 0.10096153846153846 0.052884615384615384
0 0.8774038461538461 0.15865384615384615 0.09615384615384616 0.0625
0 0.8846153846153846 0.1201923076923077 0.08173076923076923 0.03365384615384615
0 0.9375 0.0673076923076923 0.1201923076923077 0.07211538461538461
0 0.9495192307692307 0.13701923076923078 0.08173076923076923 0.0625
0 0.9615384615384616 0.1875 0.07211538461538461 0.03365384615384615
0 0.9711538461538461 0.24879807692307693 0.052884615384615384 0.05048076923076923
0 0.9711538461538461 0.3125 0.052884615384615384 0.052884615384615384
0 0.9855769230769231 0.016826923076923076 0.02403846153846154 0.02403846153846154
0 0.8040865384615384 0.17307692307692307 0.3870192307692308 0.3317307692307692
