0 0.9867788461538461 0.7872596153846154 0.026442307692307692 0.09375
0 0.9591346153846154 0.7199519230769231 0.08173076923076923 0.11778846153846154
0 0.9891826923076923 0.6129807692307693 0.021634615384615384 0.07211538461538461
0 0.9747596153846154 0.4651442307692308 0.05048076923076923 0.21875
0 0.9302884615384616 0.35336538461538464 0.04807692307692308 0.08173076923076923
0 0.9651442307692307 0.31971153846153844 0.06009615384615385 0.08653846153846154
0 0.9567307692307693 0.2536057692307692 0.028846153846153848 0.06009615384615385
0 0.9423076923076923 0.2091346153846154 0.03365384615384615 0.028846153846153848
0 0.9591346153846154 0.16105769230769232 0.038461538461538464 0.08653846153846154
0 0.9302884615384616 0.14182692307692307 0.0673076923076923 0.08173076923076923
0 0.8990384615384616 0.1935096153846154 0.038461538461538464 0.06009615384615385
0 0.8990384615384616 0.1466346153846154 0.038461538461538464 0.04326923076923077
0 0.8677884615384616 0.11658653846153846 0.04807692307692308 0.06490384615384616
0 0.875 0.18389423076923078 0.02403846153846154 0.06009615384615385
0 0.9122596153846154 0.23918269230769232 0.06009615384615385 0.05048076923076923
0 0.9230769230769231 0.2776442307692308 0.03365384615384615 0.06009615384615385
0 0.8966346153846154 0.3245192307692308 0.04326923076923077 0.04326923076923077
0 0.8810096153846154 0.27403846153846156 0.036057692307692304 0.08173076923076923
0 0.8485576923076923 0.25240384615384615 0.04326923076923077 0.08173076923076923
0 0.8245192307692307 0.16706730769230768 0.0625 0.06971153846153846
0 0.8365384615384616 0.1310096153846154 0.04326923076923077 0.055288461538461536
0 0.8076923076923077 0.2512019230769231 0.04807692307692308 0.07451923076923077
0 0.8485576923076923 0.32572115384615385 0.052884615384615384 0.06490384615384616
0 0.7980769230769231 0.3125 0.052884615384615384 0.09134615384615384
0 0.8221153846153846 0.3954326923076923 0.0673076923076923 0.06490384615384616
0 0.7680288461538461 0.34615384615384615 0.055288461538461536 0.09615384615384616
0 0.7512019230769231 0.26802884615384615 0.055288461538461536 0.06971153846153846
0 0.7716346153846154 0.19110576923076922 0.04807692307692308 0.07451923076923077
0 0.7091346153846154 0.15865384615384615 0.10096153846153846 0.08173076923076923
0 0.7451923076923077 0.11899038461538461 0.052884615384615384 0.05048076923076923
0 0.7908653846153846 0.1201923076923077 0.038461538461538464 0.04326923076923077
0 0.6706730769230769 0.11899038461538461 0.04326923076923077 0.05048076923076923
0 0.5625 0.16346153846153846 0.23557692307692307 0.09134615384615384
0 0.5817307692307693 0.2932692307692308 0.3076923076923077 0.25
0 0.6478365384615384 0.3016826923076923 0.07932692307692307 0.06490384615384616
0 0.6971153846153846 0.3016826923076923 0.04807692307692308 0.055288461538461536
0 0.6754807692307693 0.40384615384615385 0.125 0.13942307692307693
0 0.7391826923076923 0.39663461538461536 0.055288461538461536 0.08653846153846154
0 0.7884615384615384 0.4735576923076923 0.19230769230769232 0.1201923076923077
0 0.9134615384615384 0.43028846153846156 0.11538461538461539 0.20673076923076922
0 0.90625 0.5961538461538461 0.12980769230769232 0.23557692307692307
0 0.8100961538461539 0.6045673076923077 0.21153846153846154 0.18509615384615385
0 0.6778846153846154 0.5432692307692307 0.16346153846153846 0.08173076923076923
0 0.6466346153846154 0.6514423076923077 0.11538461538461539 0.15384615384615385
0 0.7331730769230769 0.7668269230769231 0.1201923076923077 0.16826923076923078
0 0.8293269230769231 0.7139423076923077 0.10096153846153846 0.11057692307692307
0 0.8245192307692307 0.6322115384615384 0.019230769230769232 0.038461538461538464
0 0.9038461538461539 0.7764423076923077 0.08653846153846154 0.125
0 0.8233173076923077 0.8365384615384616 0.10336538461538461 0.125
0 0.5985576923076923 0.8088942307692307 0.14903846153846154 0.18990384615384615
0 0.453125 0.7632211538461539 0.12740384615384615 0.18028846153846154
0 0.3918269230769231 0.6634615384615384 0.10096153846153846 0.13942307692307693
0 0.4495192307692308 0.6610576923076923 0.014423076923076924 0.02403846153846154
0 0.5372596153846154 0.6586538461538461 0.12740384615384615 0.16826923076923078
0 0.46634615384615385 0.5889423076923077 0.07692307692307693 0.11057692307692307
0 0.5480769230769231 0.48197115384615385 0.14423076923076922 0.18028846153846154
0 0.5072115384615384 0.3870192307692308 0.07692307692307693 0.08173076923076923
0 0.5817307692307693 0.34615384615384615 0.09134615384615384 0.125
0 0.4170673076923077 0.2764423076923077 0.12740384615384615 0.14423076923076922
0 0.4110576923076923 0.16466346153846154 0.0673076923076923 0.07451923076923077
0 0.3954326923076923 0.36658653846153844 0.08413461538461539 0.07451923076923077
0 0.390625 0.4855769230769231 0.12740384615384615 0.16346153846153846
0 0.39903846153846156 0.15384615384615385 0.10096153846153846 0.11057692307692307
0 0.3329326923076923 0.7836538461538461 0.10336538461538461 0.1201923076923077
0 0.3161057692307692 0.7115384615384616 0.08413461538461539 0.10576923076923077
0 0.3004807692307692 0.59375 0.10576923076923077 0.13942307692307693
0 0.2692307692307692 0.4543269230769231 0.1201923076923077 0.16346153846153846
0 0.2403846153846154 0.7475961538461539 0.09134615384615384 0.10096153846153846
0 0.24639423076923078 0.6610576923076923 0.055288461538461536 0.08653846153846154
0 0.14903846153846154 0.7079326923076923 0.14903846153846154 0.17067307692307693
0 0.18509615384615385 0.5576923076923077 0.11057692307692307 0.1201923076923077
0 0.2127403846153846 0.38100961538461536 0.08413461538461539 0.18509615384615385
0 0.22716346153846154 0.23317307692307693 0.31490384615384615 0.3605769230769231
0 0.1346153846153846 0.5480769230769231 0.21634615384615385 0.46153846153846156
0 0.03365384615384615 0.5096153846153846 0.052884615384615384 0.20673076923076922
0 0.06490384615384616 0.35096153846153844 0.11538461538461539 0.1346153846153846
0 0.03365384615384615 0.6947115384615384 0.052884615384615384 0.08653846153846154
0 0.02403846153846154 0.6237980769230769 0.03365384615384615 0.05048076923076923
0 0.037259615384615384 0.7596153846153846 0.06009615384615385 0.08653846153846154
0 0.09375 0.8473557692307693 0.03365384615384615 0.06971153846153846
0 0.05048076923076923 0.8485576923076923 0.04807692307692308 0.09134615384615384
0 0.02403846153846154 0.8040865384615384 0.03365384615384615 0.06009615384615385
0 0.21394230769230768 0.8064903846153846 0.30288461538461536 0.2860576923076923
0 0.23798076923076922 0.7800480769230769 0.18269230769230768 0.17548076923076922
