0 0.46875 0.15625 0.12980769230769232 0.09134615384615384
0 0.42788461538461536 0.06971153846153846 0.13942307692307693 0.08653846153846154
0 0.36658653846153844 0.13701923076923078 0.10817307692307693 0.08653846153846154
0 0.46875 0.2283653846153846 0.1201923076923077 0.0673076923076923
0 0.5228365384615384 0.11057692307692307 0.10336538461538461 0.09134615384615384
0 0.27163461538461536 0.09495192307692307 0.08173076923076923 0.06971153846153846
0 0.27884615384615385 0.1778846153846154 0.08653846153846154 0.10576923076923077
0 0.21875 0.22716346153846154 0.14423076923076922 0.10817307692307693
0 0.20432692307692307 0.15745192307692307 0.07211538461538461 0.06971153846153846
0 0.1971153846153846 0.10817307692307693 0.07692307692307693 0.04326923076923077
0 0.13701923076923078 0.15865384615384615 0.0625 0.07211538461538461
0 0.14783653846153846 0.21634615384615385 0.040865384615384616 0.038461538461538464
0 0.2283653846153846 0.3245192307692308 0.375 0.17307692307692307
0 0.234375 0.2800480769230769 0.17548076923076922 0.0889423076923077
0 0.2403846153846154 0.43509615384615385 0.27884615384615385 0.125
0 0.3942307692307692 0.31490384615384615 0.21634615384615385 0.22115384615384615
0 0.49038461538461536 0.3245192307692308 0.09615384615384616 0.16346153846153846
0 0.45913461538461536 0.46153846153846156 0.09615384615384616 0.12980769230769232
0 0.3942307692307692 0.5288461538461539 0.07211538461538461 0.0625
0 0.3798076923076923 0.5889423076923077 0.1346153846153846 0.09134615384615384
0 0.3016826923076923 0.5096153846153846 0.11298076923076923 0.09134615384615384
0 0.23317307692307693 0.5348557692307693 0.09615384615384616 0.10817307692307693
0 0.5384615384615384 0.5600961538461539 0.16346153846153846 0.125
0 0.6875 0.40625 0.3701923076923077 0.28846153846153844
0 0.7884615384615384 0.22596153846153846 0.1201923076923077 0.10096153846153846
0 0.7283653846153846 0.14302884615384615 0.15865384615384615 0.10817307692307693
0 0.7331730769230769 0.06370192307692307 0.13942307692307693 0.0889423076923077
0 0.6069711538461539 0.07451923076923077 0.11298076923076923 0.08173076923076923
0 0.5985576923076923 0.16826923076923078 0.13942307692307693 0.10096153846153846
0 0.6514423076923077 0.2283653846153846 0.14423076923076922 0.09615384615384616
0 0.5456730769230769 0.25 0.057692307692307696 0.07692307692307693
0 0.6802884615384616 0.6322115384615384 0.22115384615384615 0.16826923076923078
0 0.7764423076923077 0.5745192307692307 0.21634615384615385 0.13942307692307693
0 0.8461538461538461 0.5384615384615384 0.19230769230769232 0.1201923076923077
0 0.8798076923076923 0.6814903846153846 0.2403846153846154 0.15625
0 0.8185096153846154 0.7932692307692307 0.18509615384615385 0.22115384615384615
0 0.49038461538461536 0.8581730769230769 0.5432692307692307 0.28365384615384615
0 0.4963942307692308 0.7512019230769231 0.24278846153846154 0.1466346153846154
0 0.5697115384615384 0.6706730769230769 0.22596153846153846 0.10096153846153846
0 0.6490384615384616 0.71875 0.12980769230769232 0.11057692307692307
