0 0.18028846153846154 0.06971153846153846 0.23557692307692307 0.07211538461538461
0 0.11658653846153846 0.04927884615384615 0.15625 0.03125
0 0.056490384615384616 0.14423076923076922 0.036057692307692304 0.12980769230769232
0 0.08173076923076923 0.25961538461538464 0.07692307692307693 0.04807692307692308
0 0.09014423076923077 0.3173076923076923 0.09375 0.08653846153846154
0 0.09375 0.44471153846153844 0.10096153846153846 0.1778846153846154
0 0.1778846153846154 0.6358173076923077 0.25961538461538464 0.22355769230769232
0 0.07932692307692307 0.53125 0.07211538461538461 0.13942307692307693
0 0.25240384615384615 0.8641826923076923 0.10576923076923077 0.0889423076923077
0 0.1201923076923077 0.8149038461538461 0.14903846153846154 0.32211538461538464
0 0.24759615384615385 0.7391826923076923 0.125 0.16105769230769232
0 0.34134615384615385 0.7668269230769231 0.07211538461538461 0.1346153846153846
0 0.3233173076923077 0.9038461538461539 0.09375 0.04326923076923077
0 0.31490384615384615 0.9423076923076923 0.07211538461538461 0.04807692307692308
0 0.38341346153846156 0.9326923076923077 0.036057692307692304 0.0673076923076923
0 0.3629807692307692 0.8605769230769231 0.07692307692307693 0.052884615384615384
0 0.3317307692307692 0.8629807692307693 0.038461538461538464 0.02403846153846154
0 0.4423076923076923 0.921875 0.08653846153846154 0.0889423076923077
0 0.45072115384615385 0.8798076923076923 0.09375 0.08653846153846154
0 0.5420673076923077 0.8954326923076923 0.09375 0.0889423076923077
0 0.5901442307692307 0.921875 0.09375 0.0889423076923077
0 0.5192307692307693 0.9603365384615384 0.0673076923076923 0.03125
0 0.6658653846153846 0.9014423076923077 0.12980769230769232 0.125
0 0.7307692307692307 0.9471153846153846 0.052884615384615384 0.038461538461538464
0 0.8533653846153846 0.9038461538461539 0.08653846153846154 0.0625
0 0.8617788461538461 0.7139423076923077 0.15625 0.125
0 0.7764423076923077 0.7379807692307693 0.07211538461538461 0.04807692307692308
0 0.7139423076923077 0.7379807692307693 0.0625 0.057692307692307696
0 0.6274038461538461 0.7331730769230769 0.07211538461538461 0.07692307692307693
0 0.6442307692307693 0.6382211538461539 0.1201923076923077 0.09375
0 0.5456730769230769 0.7992788461538461 0.2644230769230769 0.09375
0 0.4387019230769231 0.7079326923076923 0.09375 0.0889423076923077
0 0.5264423076923077 0.7451923076923077 0.07211538461538461 0.11057692307692307
0 0.5853365384615384 0.7451923076923077 0.09375 0.125
0 0.5108173076923077 0.6442307692307693 0.15144230769230768 0.11057692307692307
0 0.49399038461538464 0.5709134615384616 0.0985576923076923 0.0889423076923077
0 0.38461538461538464 0.6598557692307693 0.14903846153846154 0.15144230769230768
0 0.8581730769230769 0.8509615384615384 0.18269230769230768 0.07211538461538461
0 0.8076923076923077 0.6346153846153846 0.1778846153846154 0.12980769230769232
0 0.6862980769230769 0.5841346153846154 0.0985576923076923 0.08173076923076923
0 0.7307692307692307 0.4855769230769231 0.1778846153846154 0.1875
0 0.5552884615384616 0.47596153846153844 0.17307692307692307 0.1778846153846154
0 0.5817307692307693 0.5889423076923077 0.0673076923076923 0.04807692307692308
0 0.3870192307692308 0.4963942307692308 0.1778846153846154 0.15625
0 0.2247596153846154 0.46875 0.15625 0.12980769230769232
0 0.23076923076923078 0.13221153846153846 0.125 0.10576923076923077
0 0.14423076923076922 0.19831730769230768 0.16346153846153846 0.15625
0 0.14543269230769232 0.27524038461538464 0.036057692307692304 0.036057692307692304
0 0.17067307692307693 0.3004807692307692 0.0673076923076923 0.0673076923076923
0 0.22596153846153846 0.25240384615384615 0.07211538461538461 0.052884615384615384
0 0.2692307692307692 0.21875 0.0673076923076923 0.057692307692307696
0 0.3173076923076923 0.25240384615384615 0.057692307692307696 0.052884615384615384
0 0.3269230769230769 0.21394230769230768 0.038461538461538464 0.052884615384615384
0 0.3557692307692308 0.1814903846153846 0.07211538461538461 0.026442307692307692
0 0.3701923076923077 0.13701923076923078 0.057692307692307696 0.07211538461538461
0 0.3317307692307692 0.14903846153846154 0.038461538461538464 0.04807692307692308
0 0.3870192307692308 0.07451923076923077 0.07211538461538461 0.0625
0 0.3317307692307692 0.06490384615384616 0.08653846153846154 0.052884615384615384
0 0.3245192307692308 0.109375 0.04326923076923077 0.036057692307692304
0 0.4411057692307692 0.0673076923076923 0.0985576923076923 0.0673076923076923
0 0.21634615384615385 0.34375 0.14423076923076922 0.12980769230769232
0 0.2644230769230769 0.2860576923076923 0.04807692307692308 0.038461538461538464
0 0.42788461538461536 0.4326923076923077 0.07211538461538461 0.052884615384615384
0 0.4951923076923077 0.36899038461538464 0.08653846153846154 0.0889423076923077
0 0.5901442307692307 0.3701923076923077 0.09375 0.07692307692307693
0 0.5408653846153846 0.31490384615384615 0.1201923076923077 0.08173076923076923
0 0.46153846153846156 0.2668269230769231 0.057692307692307696 0.0625
0 0.3701923076923077 0.32091346153846156 0.16826923076923078 0.16105769230769232
0 0.14423076923076922 0.3942307692307692 0.04807692307692308 0.04807692307692308
0 0.42788461538461536 0.2692307692307692 0.052884615384615384 0.04807692307692308
0 0.3870192307692308 0.21394230769230768 0.08173076923076923 0.0673076923076923
0 0.4567307692307692 0.1875 0.057692307692307696 0.0673076923076923
0 0.42788461538461536 0.16105769230769232 0.04326923076923077 0.04807692307692308
0 0.41466346153846156 0.13221153846153846 0.036057692307692304 0.0625
0 0.4519230769230769 0.1201923076923077 0.04807692307692308 0.052884615384615384
0 0.49399038461538464 0.12980769230769232 0.0889423076923077 0.0673076923076923
0 0.5144230769230769 0.10096153846153846 0.057692307692307696 0.04326923076923077
0 0.5264423076923077 0.06490384615384616 0.08173076923076923 0.0625
0 0.5661057692307693 0.10336538461538461 0.036057692307692304 0.038461538461538464
0 0.5889423076923077 0.11778846153846154 0.057692307692307696 0.038461538461538464
0 0.6466346153846154 0.1466346153846154 0.07211538461538461 0.07211538461538461
0 0.65625 0.0889423076923077 0.07692307692307693 0.057692307692307696
0 0.5576923076923077 0.20432692307692307 0.16346153846153846 0.1346153846153846
0 0.6514423076923077 0.2764423076923077 0.057692307692307696 0.04807692307692308
0 0.6887019230769231 0.3004807692307692 0.03125 0.038461538461538464
0 0.6730769230769231 0.34375 0.0625 0.057692307692307696
0 0.6730769230769231 0.39663461538461536 0.0625 0.052884615384615384
0 0.7211538461538461 0.35336538461538464 0.04326923076923077 0.057692307692307696
0 0.8317307692307693 0.4639423076923077 0.04807692307692308 0.08173076923076923
0 0.8389423076923077 0.5384615384615384 0.04326923076923077 0.04326923076923077
0 0.9182692307692307 0.39903846153846156 0.11538461538461539 0.5048076923076923
0 0.7259615384615384 0.22596153846153846 0.07211538461538461 0.04326923076923077
0 0.7259615384615384 0.171875 0.0625 0.036057692307692304
0 0.7764423076923077 0.125 0.16826923076923078 0.08653846153846154
0 0.8629807692307693 0.11298076923076923 0.038461538461538464 0.04807692307692308
0 0.9471153846153846 0.06009615384615385 0.04807692307692308 0.052884615384615384
0 0.7848557692307693 0.3076923076923077 0.15144230769230768 0.30288461538461536
0 0.7692307692307693 0.057692307692307696 0.28846153846153844 0.057692307692307696
0 0.6057692307692307 0.055288461538461536 0.07211538461538461 0.04807692307692308
0 0.5096153846153846 0.5 0.9326923076923077 0.9519230769230769
