0 0.6694711538461539 0.6033653846153846 0.6610576923076923 0.6826923076923077
0 0.7163461538461539 0.15745192307692307 0.5625 0.31009615384615385
0 0.32572115384615385 0.12980769230769232 0.22355769230769232 0.20673076923076922
0 0.3894230769230769 0.039663461538461536 0.2692307692307692 0.07451923076923077
0 0.10817307692307693 0.0889423076923077 0.21153846153846154 0.17307692307692307
0 0.06009615384615385 0.24639423076923078 0.11538461538461539 0.31490384615384615
0 0.24879807692307693 0.7127403846153846 0.49278846153846156 0.5697115384615384
0 0.43149038461538464 0.39783653846153844 0.38221153846153844 0.39663461538461536
0 0.24879807692307693 0.4362980769230769 0.24278846153846154 0.43028846153846156
0 0.12860576923076922 0.4879807692307692 0.18990384615384615 0.4326923076923077
