0 0.5096153846153846 0.7355769230769231 0.25 0.5240384615384616
0 0.6514423076923077 0.9290865384615384 0.1971153846153846 0.14182692307692307
0 0.8028846153846154 0.59375 0.3894230769230769 0.4375
0 0.6826923076923077 0.2644230769230769 0.38461538461538464 0.2644230769230769
0 0.7139423076923077 0.359375 0.4567307692307692 0.2764423076923077
0 0.8605769230769231 0.13701923076923078 0.27403846153846156 0.2692307692307692
0 0.3629807692307692 0.25961538461538464 0.33653846153846156 0.07692307692307693
0 0.46274038461538464 0.41586538461538464 0.36778846153846156 0.24519230769230768
0 0.2932692307692308 0.5564903846153846 0.4855769230769231 0.4254807692307692
0 0.16105769230769232 0.6802884615384616 0.21153846153846154 0.4182692307692308
0 0.2091346153846154 0.8209134615384616 0.40865384615384615 0.28125
0 0.23918269230769232 0.32211538461538464 0.46875 0.1201923076923077
0 0.18269230769230768 0.15384615384615385 0.3557692307692308 0.30288461538461536
0 0.3629807692307692 0.11778846153846154 0.12980769230769232 0.23076923076923078
0 0.10216346153846154 0.10576923076923077 0.19471153846153846 0.20192307692307693
0 0.45913461538461536 0.008413461538461538 0.15384615384615385 0.01201923076923077
0 0.07091346153846154 0.6213942307692307 0.13221153846153846 0.20432692307692307
0 0.04567307692307692 0.7199519230769231 0.08173076923076923 0.11298076923076923
0 0.037259615384615384 0.46634615384615385 0.06490384615384616 0.19230769230769232
