0 0.037259615384615384 0.7740384615384616 0.06009615384615385 0.24519230769230768
0 0.020432692307692308 0.8918269230769231 0.026442307692307692 0.04326923076923077
0 0.028846153846153848 0.953125 0.04807692307692308 0.0889423076923077
0 0.08653846153846154 0.8846153846153846 0.08653846153846154 0.15384615384615385
0 0.13701923076923078 0.9254807692307693 0.14423076923076922 0.14423076923076922
0 0.0985576923076923 0.6983173076923077 0.125 0.21394230769230768
0 0.18269230769230768 0.8341346153846154 0.08653846153846154 0.22115384615384615
0 0.9110576923076923 0.9254807692307693 0.12980769230769232 0.14423076923076922
0 0.5961538461538461 0.6081730769230769 0.1346153846153846 0.17307692307692307
0 0.5108173076923077 0.6850961538461539 0.09375 0.125
0 0.4170673076923077 0.8221153846153846 0.10336538461538461 0.22115384615384615
0 0.37259615384615385 0.9326923076923077 0.10576923076923077 0.12980769230769232
0 0.33774038461538464 0.8581730769230769 0.06971153846153846 0.10096153846153846
0 0.34375 0.7475961538461539 0.13942307692307693 0.1778846153846154
0 0.4639423076923077 0.9543269230769231 0.0673076923076923 0.08173076923076923
0 0.5072115384615384 0.8966346153846154 0.07211538461538461 0.14423076923076922
0 0.6057692307692307 0.8365384615384616 0.07211538461538461 0.1778846153846154
0 0.5360576923076923 0.7920673076923077 0.08173076923076923 0.13701923076923078
0 0.7992788461538461 0.5973557692307693 0.1466346153846154 0.18028846153846154
0 0.8377403846153846 0.6754807692307693 0.06971153846153846 0.09615384615384616
0 0.6983173076923077 0.6310096153846154 0.06971153846153846 0.16105769230769232
0 0.6706730769230769 0.7163461538461539 0.04807692307692308 0.07211538461538461
0 0.7644230769230769 0.453125 0.07692307692307693 0.11298076923076923
0 0.6802884615384616 0.4699519230769231 0.09615384615384616 0.18509615384615385
0 0.5901442307692307 0.4254807692307692 0.10336538461538461 0.1778846153846154
0 0.5456730769230769 0.45913461538461536 0.1201923076923077 0.20673076923076922
0 0.47115384615384615 0.625 0.08173076923076923 0.125
0 0.43028846153846156 0.5588942307692307 0.09134615384615384 0.13701923076923078
0 0.39663461538461536 0.625 0.08653846153846154 0.125
0 0.2932692307692308 0.6514423076923077 0.08173076923076923 0.12980769230769232
0 0.25961538461538464 0.5288461538461539 0.08653846153846154 0.14903846153846154
0 0.25 0.4254807692307692 0.07211538461538461 0.09615384615384616
0 0.21875 0.390625 0.052884615384615384 0.10817307692307693
0 0.21394230769230768 0.3016826923076923 0.052884615384615384 0.13221153846153846
0 0.20432692307692307 0.22596153846153846 0.09134615384615384 0.14903846153846154
0 0.27163461538461536 0.3004807692307692 0.07692307692307693 0.15384615384615385
0 0.2764423076923077 0.19110576923076922 0.04807692307692308 0.0889423076923077
0 0.3317307692307692 0.16346153846153846 0.07692307692307693 0.12980769230769232
0 0.3605769230769231 0.2860576923076923 0.09615384615384616 0.17307692307692307
0 0.3473557692307692 0.4014423076923077 0.10336538461538461 0.16826923076923078
0 0.6790865384615384 0.3161057692307692 0.09375 0.16105769230769232
0 0.7283653846153846 0.37259615384615385 0.04326923076923077 0.10576923076923077
0 0.59375 0.3004807692307692 0.07692307692307693 0.09615384615384616
0 0.5324519230769231 0.3004807692307692 0.06971153846153846 0.1778846153846154
0 0.4651442307692308 0.3088942307692308 0.10336538461538461 0.16105769230769232
0 0.4423076923076923 0.18509615384615385 0.08653846153846154 0.125
0 0.39783653846153844 0.12259615384615384 0.06971153846153846 0.14423076923076922
0 0.45072115384615385 0.07091346153846154 0.06971153846153846 0.11298076923076923
0 0.5168269230769231 0.1346153846153846 0.0625 0.09615384615384616
0 0.5048076923076923 0.1935096153846154 0.04326923076923077 0.06009615384615385
0 0.5733173076923077 0.19951923076923078 0.07451923076923077 0.1201923076923077
0 0.6189903846153846 0.13942307692307693 0.07451923076923077 0.10576923076923077
0 0.5661057692307693 0.08653846153846154 0.11298076923076923 0.10576923076923077
0 0.6454326923076923 0.23557692307692307 0.06971153846153846 0.08173076923076923
