0 0.8521634615384616 0.7752403846153846 0.11778846153846154 0.17067307692307693
0 0.859375 0.8882211538461539 0.06971153846153846 0.0985576923076923
0 0.7524038461538461 0.8894230769230769 0.15384615384615385 0.16346153846153846
0 0.7163461538461539 0.7427884615384616 0.14423076923076922 0.15865384615384615
0 0.8317307692307693 0.6526442307692307 0.14423076923076922 0.17548076923076922
0 0.8557692307692307 0.5865384615384616 0.10576923076923077 0.07692307692307693
0 0.8629807692307693 0.4831730769230769 0.1346153846153846 0.12980769230769232
0 0.8882211538461539 0.3737980769230769 0.04567307692307692 0.0985576923076923
0 0.8064903846153846 0.35096153846153844 0.12259615384615384 0.15865384615384615
0 0.8557692307692307 0.2608173076923077 0.1201923076923077 0.14182692307692307
0 0.8557692307692307 0.11658653846153846 0.1201923076923077 0.14182692307692307
0 0.7463942307692307 0.10216346153846154 0.12259615384615384 0.14182692307692307
0 0.765625 0.18990384615384615 0.0985576923076923 0.07692307692307693
0 0.75 0.2644230769230769 0.08653846153846154 0.1201923076923077
0 0.6850961538461539 0.3245192307692308 0.1201923076923077 0.1201923076923077
0 0.7175480769230769 0.4483173076923077 0.12259615384615384 0.13701923076923078
0 0.7728365384615384 0.5300480769230769 0.04567307692307692 0.09375
0 0.7211538461538461 0.5901442307692307 0.11538461538461539 0.13701923076923078
0 0.6382211538461539 0.5829326923076923 0.09375 0.14182692307692307
0 0.6105769230769231 0.8209134615384616 0.12980769230769232 0.13701923076923078
0 0.6382211538461539 0.6995192307692307 0.07932692307692307 0.08173076923076923
0 0.5408653846153846 0.6971153846153846 0.11057692307692307 0.1201923076923077
0 0.4879807692307692 0.5264423076923077 0.20192307692307693 0.25
0 0.6057692307692307 0.47475961538461536 0.09134615384615384 0.06971153846153846
0 0.6153846153846154 0.39302884615384615 0.10096153846153846 0.13701923076923078
0 0.5769230769230769 0.30288461538461536 0.10576923076923077 0.11057692307692307
0 0.6550480769230769 0.203125 0.13221153846153846 0.13701923076923078
0 0.5204326923076923 0.21394230769230768 0.12740384615384615 0.15865384615384615
0 0.6201923076923077 0.07572115384615384 0.11057692307692307 0.11298076923076923
0 0.49158653846153844 0.08774038461538461 0.13221153846153846 0.13701923076923078
0 0.39903846153846156 0.17427884615384615 0.11057692307692307 0.10336538461538461
0 0.38822115384615385 0.08413461538461539 0.08413461538461539 0.07692307692307693
0 0.30528846153846156 0.10576923076923077 0.0673076923076923 0.11057692307692307
0 0.3485576923076923 0.15144230769230768 0.02403846153846154 0.07692307692307693
0 0.29086538461538464 0.23197115384615385 0.1346153846153846 0.13221153846153846
0 0.24519230769230768 0.12139423076923077 0.13942307692307693 0.13701923076923078
0 0.16947115384615385 0.0985576923076923 0.036057692307692304 0.04807692307692308
0 0.1310096153846154 0.15504807692307693 0.12259615384615384 0.13221153846153846
0 0.20673076923076922 0.22716346153846154 0.0625 0.0985576923076923
0 0.13341346153846154 0.2848557692307692 0.10817307692307693 0.13701923076923078
0 0.21033653846153846 0.35336538461538464 0.10336538461538461 0.1201923076923077
0 0.31971153846153844 0.3425480769230769 0.1346153846153846 0.14182692307692307
0 0.29447115384615385 0.22355769230769232 0.11298076923076923 0.125
0 0.42908653846153844 0.29447115384615385 0.14182692307692307 0.12740384615384615
0 0.42788461538461536 0.390625 0.11057692307692307 0.0985576923076923
0 0.5228365384615384 0.39302884615384615 0.08413461538461539 0.10336538461538461
0 0.24639423076923078 0.46274038461538464 0.11778846153846154 0.14182692307692307
0 0.14783653846153846 0.4831730769230769 0.12259615384615384 0.16346153846153846
0 0.13822115384615385 0.6478365384615384 0.11298076923076923 0.14182692307692307
0 0.2956730769230769 0.6334134615384616 0.16826923076923078 0.17067307692307693
0 0.4266826923076923 0.7319711538461539 0.1466346153846154 0.18028846153846154
0 0.33413461538461536 0.8473557692307693 0.14903846153846154 0.18028846153846154
0 0.4699519230769231 0.8882211538461539 0.12259615384615384 0.14182692307692307
0 0.578125 0.8713942307692307 0.12740384615384615 0.17548076923076922
0 0.24158653846153846 0.7752403846153846 0.13701923076923078 0.1466346153846154
0 0.21033653846153846 0.8954326923076923 0.12259615384615384 0.1466346153846154
0 0.140625 0.8137019230769231 0.13221153846153846 0.1466346153846154
