0 0.18389423076923078 0.953125 0.2620192307692308 0.09375
0 0.25721153846153844 0.8209134615384616 0.4855769230769231 0.19951923076923078
0 0.10576923076923077 0.7475961538461539 0.1346153846153846 0.10096153846153846
0 0.27403846153846156 0.6009615384615384 0.3557692307692308 0.21634615384615385
0 0.34615384615384615 0.5649038461538461 0.07211538461538461 0.10096153846153846
0 0.25 0.6225961538461539 0.2548076923076923 0.1346153846153846
0 0.20432692307692307 0.6033653846153846 0.34134615384615385 0.16826923076923078
0 0.25721153846153844 0.46274038461538464 0.5048076923076923 0.27163461538461536
0 0.49158653846153844 0.515625 0.36778846153846156 0.21394230769230768
0 0.49759615384615385 0.3293269230769231 0.1201923076923077 0.08173076923076923
0 0.21634615384615385 0.3425480769230769 0.1346153846153846 0.2668269230769231
0 0.1658653846153846 0.25961538461538464 0.20192307692307693 0.125
0 0.125 0.36778846153846156 0.08653846153846154 0.11057692307692307
0 0.12620192307692307 0.21514423076923078 0.24278846153846154 0.4206730769230769
0 0.2548076923076923 0.09375 0.18269230769230768 0.17307692307692307
0 0.33653846153846156 0.12980769230769232 0.21153846153846154 0.11538461538461539
0 0.3485576923076923 0.054086538461538464 0.11057692307692307 0.06490384615384616
0 0.5048076923076923 0.1502403846153846 0.1778846153846154 0.2860576923076923
0 0.6586538461538461 0.18990384615384615 0.28365384615384615 0.36538461538461536
0 0.7668269230769231 0.10817307692307693 0.13942307692307693 0.20192307692307693
0 0.8245192307692307 0.0985576923076923 0.18269230769230768 0.18269230769230768
0 0.8677884615384616 0.11057692307692307 0.08173076923076923 0.15384615384615385
0 0.8197115384615384 0.22115384615384615 0.13942307692307693 0.07692307692307693
0 0.8677884615384616 0.2668269230769231 0.0625 0.0625
0 0.8076923076923077 0.28846153846153844 0.1201923076923077 0.09615384615384616
0 0.8341346153846154 0.33774038461538464 0.12980769230769232 0.06490384615384616
0 0.7403846153846154 0.4170673076923077 0.3269230769230769 0.15625
0 0.6646634615384616 0.3245192307692308 0.23317307692307693 0.1778846153846154
0 0.6658653846153846 0.18269230769230768 0.28846153846153844 0.35096153846153844
0 0.7572115384615384 0.46875 0.28365384615384615 0.09134615384615384
0 0.7259615384615384 0.5456730769230769 0.2644230769230769 0.10096153846153846
0 0.5973557692307693 0.5120192307692307 0.0985576923076923 0.08653846153846154
0 0.5168269230769231 0.4543269230769231 0.0625 0.12980769230769232
0 0.44711538461538464 0.47836538461538464 0.2644230769230769 0.1778846153846154
0 0.2692307692307692 0.45072115384615385 0.47115384615384615 0.21394230769230768
0 0.5889423076923077 0.7884615384615384 0.11538461538461539 0.3894230769230769
0 0.7103365384615384 0.9014423076923077 0.31971153846153844 0.1971153846153846
0 0.8004807692307693 0.9399038461538461 0.16826923076923078 0.1201923076923077
0 0.8461538461538461 0.9507211538461539 0.1201923076923077 0.0985576923076923
0 0.8389423076923077 0.6610576923076923 0.12980769230769232 0.2403846153846154
0 0.7764423076923077 0.6634615384615384 0.24519230769230768 0.25961538461538464
0 0.7487980769230769 0.5745192307692307 0.1658653846153846 0.09134615384615384
0 0.7211538461538461 0.5336538461538461 0.2548076923076923 0.09134615384615384
0 0.6634615384615384 0.6394230769230769 0.08653846153846154 0.057692307692307696
0 0.45913461538461536 0.703125 0.15384615384615385 0.15625
0 0.4807692307692308 0.7836538461538461 0.1346153846153846 0.08653846153846154
0 0.3629807692307692 0.7379807692307693 0.11057692307692307 0.2644230769230769
0 0.2692307692307692 0.7235576923076923 0.0673076923076923 0.4326923076923077
0 0.36778846153846156 0.9254807692307693 0.14903846153846154 0.07692307692307693
0 0.4483173076923077 0.9555288461538461 0.1466346153846154 0.0889423076923077
0 0.1201923076923077 0.2127403846153846 0.23076923076923078 0.40625
0 0.038461538461538464 0.11658653846153846 0.0625 0.12259615384615384
0 0.45552884615384615 0.5024038461538461 0.9014423076923077 0.9951923076923077
