0 0.7644230769230769 0.3701923076923077 0.11538461538461539 0.1875
0 0.78125 0.4963942307692308 0.0625 0.12740384615384615
0 0.703125 0.6153846153846154 0.10817307692307693 0.1201923076923077
0 0.6802884615384616 0.5 0.14423076923076922 0.23076923076923078
0 0.6418269230769231 0.30528846153846156 0.13942307692307693 0.19230769230769232
0 0.5492788461538461 0.4495192307692308 0.12740384615384615 0.21153846153846154
0 0.6069711538461539 0.5432692307692307 0.05048076923076923 0.052884615384615384
0 0.5913461538461539 0.6658653846153846 0.11057692307692307 0.19230769230769232
0 0.6418269230769231 0.7019230769230769 0.057692307692307696 0.11057692307692307
0 0.5192307692307693 0.7920673076923077 0.1346153846153846 0.22355769230769232
0 0.3737980769230769 0.7331730769230769 0.15625 0.21153846153846154
0 0.47115384615384615 0.5901442307692307 0.1346153846153846 0.18028846153846154
0 0.4266826923076923 0.4206730769230769 0.10817307692307693 0.19230769230769232
0 0.48677884615384615 0.26802884615384615 0.12740384615384615 0.22355769230769232
0 0.34134615384615385 0.3245192307692308 0.1346153846153846 0.20673076923076922
0 0.3605769230769231 0.5216346153846154 0.08653846153846154 0.1971153846153846
0 0.25961538461538464 0.5913461538461539 0.15865384615384615 0.21153846153846154
0 0.28725961538461536 0.4110576923076923 0.06971153846153846 0.125
