0 0.05048076923076923 0.18509615384615385 0.09615384615384616 0.25961538461538464
0 0.18629807692307693 0.25600961538461536 0.19951923076923078 0.4879807692307692
0 0.25961538461538464 0.10576923076923077 0.10096153846153846 0.1346153846153846
0 0.4050480769230769 0.27403846153846156 0.21875 0.3557692307692308
0 0.4423076923076923 0.34615384615384615 0.10096153846153846 0.07211538461538461
0 0.38221153846153844 0.25 0.1346153846153846 0.2548076923076923
0 0.40384615384615385 0.20432692307692307 0.16826923076923078 0.34134615384615385
0 0.5420673076923077 0.25721153846153844 0.27163461538461536 0.5048076923076923
0 0.49158653846153844 0.49158653846153844 0.21394230769230768 0.36778846153846156
0 0.6754807692307693 0.49759615384615385 0.08173076923076923 0.1201923076923077
0 0.6622596153846154 0.21634615384615385 0.2668269230769231 0.1346153846153846
0 0.7451923076923077 0.1658653846153846 0.125 0.20192307692307693
0 0.6394230769230769 0.125 0.11057692307692307 0.08653846153846154
0 0.7896634615384616 0.12620192307692307 0.4206730769230769 0.24278846153846154
0 0.9134615384615384 0.2548076923076923 0.17307692307692307 0.18269230769230768
0 0.8774038461538461 0.33653846153846156 0.11538461538461539 0.21153846153846154
0 0.9507211538461539 0.3485576923076923 0.06490384615384616 0.11057692307692307
0 0.8569711538461539 0.5048076923076923 0.2860576923076923 0.1778846153846154
0 0.8149038461538461 0.6574519230769231 0.36538461538461536 0.2860576923076923
0 0.8990384615384616 0.7668269230769231 0.20192307692307693 0.13942307692307693
0 0.9086538461538461 0.8245192307692307 0.18269230769230768 0.18269230769230768
0 0.8966346153846154 0.8677884615384616 0.15384615384615385 0.08173076923076923
0 0.7860576923076923 0.8197115384615384 0.07692307692307693 0.13942307692307693
0 0.7403846153846154 0.8677884615384616 0.0625 0.0625
0 0.71875 0.8076923076923077 0.09615384615384616 0.1201923076923077
0 0.6694711538461539 0.8341346153846154 0.06490384615384616 0.12980769230769232
0 0.5877403846153846 0.7403846153846154 0.15625 0.3269230769230769
0 0.6802884615384616 0.6646634615384616 0.1778846153846154 0.23317307692307693
0 0.8245192307692307 0.6670673076923077 0.35096153846153844 0.29086538461538464
0 0.5384615384615384 0.7572115384615384 0.09134615384615384 0.28365384615384615
0 0.46153846153846156 0.7259615384615384 0.10096153846153846 0.2644230769230769
0 0.49278846153846156 0.5973557692307693 0.08653846153846154 0.0985576923076923
0 0.5528846153846154 0.5168269230769231 0.12980769230769232 0.0625
0 0.5288461538461539 0.44711538461538464 0.1778846153846154 0.2644230769230769
0 0.5564903846153846 0.2692307692307692 0.21394230769230768 0.47115384615384615
0 0.21634615384615385 0.5889423076923077 0.3894230769230769 0.11538461538461539
0 0.10216346153846154 0.7103365384615384 0.19951923076923078 0.31490384615384615
0 0.06490384615384616 0.8004807692307693 0.1201923076923077 0.16826923076923078
0 0.054086538461538464 0.8461538461538461 0.0985576923076923 0.1201923076923077
0 0.34375 0.8389423076923077 0.2403846153846154 0.12980769230769232
0 0.34375 0.7764423076923077 0.25961538461538464 0.24519230769230768
0 0.43028846153846156 0.7487980769230769 0.09134615384615384 0.1658653846153846
0 0.4735576923076923 0.7211538461538461 0.09134615384615384 0.2548076923076923
0 0.36778846153846156 0.6634615384615384 0.057692307692307696 0.08653846153846154
0 0.3016826923076923 0.45913461538461536 0.15625 0.15384615384615385
0 0.22355769230769232 0.4807692307692308 0.08653846153846154 0.1346153846153846
0 0.2692307692307692 0.3629807692307692 0.2644230769230769 0.11057692307692307
0 0.28365384615384615 0.2692307692307692 0.4326923076923077 0.0673076923076923
0 0.07932692307692307 0.36778846153846156 0.07692307692307693 0.14903846153846154
0 0.04927884615384615 0.4483173076923077 0.0889423076923077 0.1466346153846154
0 0.7920673076923077 0.1201923076923077 0.40625 0.23076923076923078
0 0.8882211538461539 0.038461538461538464 0.12259615384615384 0.0625
0 0.5024038461538461 0.45552884615384615 0.9951923076923077 0.9014423076923077
