0 0.7668269230769231 0.5745192307692307 0.3173076923076923 0.34134615384615385
0 0.7932692307692307 0.5673076923076923 0.3894230769230769 0.14903846153846154
0 0.8533653846153846 0.6971153846153846 0.20192307692307693 0.27403846153846156
0 0.7307692307692307 0.7908653846153846 0.14423076923076922 0.28846153846153844
0 0.6442307692307693 0.8689903846153846 0.125 0.25721153846153844
0 0.5673076923076923 0.8413461538461539 0.1778846153846154 0.30288461538461536
0 0.49038461538461536 0.7391826923076923 0.1971153846153846 0.18509615384615385
0 0.4230769230769231 0.7860576923076923 0.11538461538461539 0.4230769230769231
0 0.2980769230769231 0.8653846153846154 0.17307692307692307 0.2644230769230769
0 0.2668269230769231 0.7704326923076923 0.25961538461538464 0.25721153846153844
0 0.20192307692307693 0.9194711538461539 0.08173076923076923 0.11298076923076923
0 0.21634615384615385 0.6514423076923077 0.0673076923076923 0.125
0 0.1658653846153846 0.6802884615384616 0.125 0.15865384615384615
0 0.14423076923076922 0.8004807692307693 0.07211538461538461 0.07692307692307693
0 0.125 0.5180288461538461 0.10576923076923077 0.24759615384615385
0 0.07692307692307693 0.7403846153846154 0.13942307692307693 0.34134615384615385
0 0.06971153846153846 0.5745192307692307 0.04326923076923077 0.07211538461538461
0 0.06971153846153846 0.4567307692307692 0.057692307692307696 0.0625
0 0.08653846153846154 0.37259615384615385 0.08173076923076923 0.15865384615384615
0 0.25721153846153844 0.4651442307692308 0.2403846153846154 0.3245192307692308
0 0.12980769230769232 0.3137019230769231 0.11538461538461539 0.18028846153846154
0 0.34975961538461536 0.5625 0.22355769230769232 0.2932692307692308
0 0.4423076923076923 0.5649038461538461 0.057692307692307696 0.08173076923076923
0 0.5889423076923077 0.49278846153846156 0.2403846153846154 0.16346153846153846
0 0.7620192307692307 0.38461538461538464 0.18269230769230768 0.16346153846153846
0 0.6009615384615384 0.3798076923076923 0.20673076923076922 0.09134615384615384
0 0.46033653846153844 0.4483173076923077 0.2283653846153846 0.10817307692307693
0 0.39783653846153844 0.34134615384615385 0.20432692307692307 0.13942307692307693
0 0.31971153846153844 0.24519230769230768 0.23076923076923078 0.125
0 0.20552884615384615 0.20432692307692307 0.12740384615384615 0.1971153846153846
0 0.17668269230769232 0.2403846153846154 0.06971153846153846 0.15384615384615385
0 0.32572115384615385 0.11778846153846154 0.12740384615384615 0.15865384615384615
0 0.4483173076923077 0.13701923076923078 0.12740384615384615 0.2692307692307692
0 0.3942307692307692 0.11298076923076923 0.08173076923076923 0.14903846153846154
0 0.5408653846153846 0.21875 0.20192307692307693 0.22596153846153846
0 0.5192307692307693 0.23798076923076922 0.14903846153846154 0.08653846153846154
0 0.5673076923076923 0.07211538461538461 0.16346153846153846 0.09615384615384616
0 0.5588942307692307 0.04447115384615385 0.19471153846153846 0.08413461538461539
0 0.6442307692307693 0.05048076923076923 0.11538461538461539 0.09134615384615384
0 0.6971153846153846 0.19591346153846154 0.13942307692307693 0.3245192307692308
0 0.6658653846153846 0.2692307692307692 0.07211538461538461 0.14903846153846154
0 0.7524038461538461 0.1778846153846154 0.13942307692307693 0.27884615384615385
0 0.8774038461538461 0.31971153846153844 0.17307692307692307 0.30288461538461536
0 0.9663461538461539 0.328125 0.0673076923076923 0.13701923076923078
