0 0.9038461538461539 0.13701923076923078 0.19230769230769232 0.2692307692307692
0 0.20432692307692307 0.16947115384615385 0.3173076923076923 0.33413461538461536
0 0.37740384615384615 0.0625 0.057692307692307696 0.1201923076923077
0 0.3629807692307692 0.3629807692307692 0.1201923076923077 0.24519230769230768
0 0.45552884615384615 0.21995192307692307 0.10336538461538461 0.23317307692307693
0 0.5552884615384616 0.21514423076923078 0.10096153846153846 0.18509615384615385
0 0.6586538461538461 0.19230769230769232 0.09615384615384616 0.20192307692307693
0 0.7487980769230769 0.10096153846153846 0.11298076923076923 0.1971153846153846
0 0.9050480769230769 0.13341346153846154 0.18990384615384615 0.2620192307692308
0 0.9615384615384616 0.39783653846153844 0.07692307692307693 0.2091346153846154
0 0.8774038461538461 0.39783653846153844 0.12980769230769232 0.2091346153846154
0 0.8257211538461539 0.5084134615384616 0.09375 0.18028846153846154
0 0.9146634615384616 0.6165865384615384 0.12259615384615384 0.2620192307692308
0 0.8305288461538461 0.8076923076923077 0.11778846153846154 0.22596153846153846
0 0.9627403846153846 0.7764423076923077 0.07451923076923077 0.22596153846153846
0 0.9350961538461539 0.9170673076923077 0.09615384615384616 0.16105769230769232
0 0.8305288461538461 0.9543269230769231 0.10336538461538461 0.08173076923076923
0 0.7475961538461539 0.8713942307692307 0.07692307692307693 0.11778846153846154
0 0.7391826923076923 0.7403846153846154 0.09375 0.15384615384615385
0 0.6370192307692307 0.8858173076923077 0.14423076923076922 0.21875
0 0.6502403846153846 0.5564903846153846 0.13701923076923078 0.18028846153846154
0 0.6706730769230769 0.4423076923076923 0.11538461538461539 0.25
0 0.7572115384615384 0.3269230769230769 0.11057692307692307 0.27884615384615385
0 0.5384615384615384 0.41466346153846156 0.12980769230769232 0.23798076923076922
0 0.5192307692307693 0.6754807692307693 0.15384615384615385 0.27403846153846156
0 0.48197115384615385 0.8653846153846154 0.11298076923076923 0.20192307692307693
0 0.5492788461538461 0.9735576923076923 0.12740384615384615 0.04807692307692308
0 0.3581730769230769 0.7848557692307693 0.16346153846153846 0.30528846153846156
0 0.3954326923076923 0.9543269230769231 0.10336538461538461 0.08173076923076923
0 0.27403846153846156 0.9026442307692307 0.16346153846153846 0.18990384615384615
0 0.17067307692307693 0.7139423076923077 0.14423076923076922 0.20673076923076922
0 0.1875 0.47596153846153844 0.16346153846153846 0.27884615384615385
0 0.3004807692307692 0.5793269230769231 0.1201923076923077 0.22596153846153846
0 0.04567307692307692 0.4387019230769231 0.08653846153846154 0.5120192307692307
0 0.04326923076923077 0.6838942307692307 0.08173076923076923 0.15144230769230768
0 0.019230769230769232 0.8341346153846154 0.03365384615384615 0.14903846153846154
0 0.0829326923076923 0.8473557692307693 0.11298076923076923 0.23798076923076922
0 0.13942307692307693 0.9591346153846154 0.10096153846153846 0.07692307692307693
0 0.03485576923076923 0.9519230769230769 0.06490384615384616 0.09134615384615384
