0 0.796875 0.3581730769230769 0.18990384615384615 0.1971153846153846
0 0.7415865384615384 0.5024038461538461 0.27163461538461536 0.15384615384615385
0 0.8353365384615384 0.45913461538461536 0.03125 0.08173076923076923
0 0.6153846153846154 0.6959134615384616 0.20192307692307693 0.30528846153846156
0 0.7163461538461539 0.6069711538461539 0.24519230769230768 0.17067307692307693
0 0.7079326923076923 0.7367788461538461 0.21875 0.21394230769230768
0 0.41466346153846156 0.8233173076923077 0.2764423076923077 0.1658653846153846
0 0.28725961538461536 0.7307692307692307 0.12259615384615384 0.09615384615384616
0 0.3894230769230769 0.5637019230769231 0.1778846153846154 0.20432692307692307
0 0.421875 0.7019230769230769 0.13701923076923078 0.09134615384615384
0 0.5288461538461539 0.6454326923076923 0.12980769230769232 0.21394230769230768
0 0.6310096153846154 0.4543269230769231 0.15625 0.1778846153846154
0 0.7103365384615384 0.2932692307692308 0.12259615384615384 0.15384615384615385
0 0.6862980769230769 0.24879807692307693 0.14182692307692307 0.12740384615384615
0 0.5709134615384616 0.1875 0.12740384615384615 0.14423076923076922
0 0.5709134615384616 0.3125 0.13701923076923078 0.12980769230769232
0 0.4411057692307692 0.3125 0.19471153846153846 0.20192307692307693
0 0.4567307692307692 0.46274038461538464 0.23076923076923078 0.21394230769230768
0 0.24519230769230768 0.47115384615384615 0.24519230769230768 0.3798076923076923
0 0.27884615384615385 0.2536057692307692 0.15384615384615385 0.24759615384615385
0 0.3401442307692308 0.1658653846153846 0.0889423076923077 0.1778846153846154
0 0.3942307692307692 0.19110576923076922 0.0673076923076923 0.07451923076923077
0 0.4543269230769231 0.13341346153846154 0.15865384615384615 0.1658653846153846
