0 0.055288461538461536 0.09735576923076923 0.09615384615384616 0.18028846153846154
0 0.16466346153846154 0.0889423076923077 0.25721153846153844 0.16346153846153846
0 0.3581730769230769 0.25721153846153844 0.6971153846153846 0.27403846153846156
0 0.4050480769230769 0.07091346153846154 0.3245192307692308 0.12740384615384615
0 0.6141826923076923 0.16346153846153846 0.4639423076923077 0.22115384615384615
0 0.7908653846153846 0.07451923076923077 0.4230769230769231 0.1346153846153846
0 0.9278846153846154 0.19110576923076922 0.14903846153846154 0.30528846153846156
0 0.9338942307692307 0.3076923076923077 0.13221153846153846 0.12980769230769232
0 0.6875 0.37740384615384615 0.6298076923076923 0.27884615384615385
0 0.6538461538461539 0.5853365384615384 0.6971153846153846 0.4110576923076923
0 0.2548076923076923 0.5745192307692307 0.49038461538461536 0.4375
0 0.19471153846153846 0.5264423076923077 0.375 0.3942307692307692
0 0.30649038461538464 0.8665865384615384 0.5985576923076923 0.2668269230769231
0 0.8521634615384616 0.890625 0.2956730769230769 0.22355769230769232
0 0.7596153846153846 0.8557692307692307 0.40865384615384615 0.28846153846153844
0 0.5733173076923077 0.8569711538461539 0.22355769230769232 0.14182692307692307
