0 0.5060096153846154 0.6586538461538461 0.30528846153846156 0.5144230769230769
0 0.7728365384615384 0.4026442307692308 0.23317307692307693 0.38221153846153844
0 0.5168269230769231 0.27884615384615385 0.2692307692307692 0.36538461538461536
0 0.2668269230769231 0.5012019230769231 0.30288461538461536 0.45913461538461536
0 0.7644230769230769 0.47475961538461536 0.14903846153846154 0.18028846153846154
0 0.6875 0.5985576923076923 0.09615384615384616 0.23076923076923078
0 0.6694711538461539 0.8052884615384616 0.12740384615384615 0.11057692307692307
0 0.7295673076923077 0.9110576923076923 0.0985576923076923 0.17307692307692307
0 0.8197115384615384 0.875 0.0673076923076923 0.09134615384615384
0 0.8112980769230769 0.7151442307692307 0.14182692307692307 0.18028846153846154
5 0.47115384615384615 0.5600961538461539 0.9326923076923077 0.875
