0 0.6947115384615384 0.5649038461538461 0.3125 0.44711538461538464
0 0.9146634615384616 0.5901442307692307 0.1658653846153846 0.3004807692307692
0 0.8076923076923077 0.8209134615384616 0.16346153846153846 0.13701923076923078
0 0.5444711538461539 0.8173076923076923 0.3918269230769231 0.3605769230769231
0 0.34375 0.6862980769230769 0.19230769230769232 0.3389423076923077
0 0.4495192307692308 0.4206730769230769 0.2403846153846154 0.40865384615384615
0 0.5240384615384616 0.5492788461538461 0.19230769230769232 0.2091346153846154
0 0.6454326923076923 0.3161057692307692 0.11298076923076923 0.25721153846153844
0 0.8365384615384616 0.26802884615384615 0.32211538461538464 0.37740384615384615
0 0.5637019230769231 0.1310096153846154 0.19951923076923078 0.25721153846153844
0 0.3449519230769231 0.30528846153846156 0.2764423076923077 0.4423076923076923
0 0.12980769230769232 0.4831730769230769 0.2548076923076923 0.28365384615384615
0 0.1622596153846154 0.7680288461538461 0.24759615384615385 0.45913461538461536
0 0.359375 0.9038461538461539 0.31971153846153844 0.1875
0 0.030048076923076924 0.7307692307692307 0.055288461538461536 0.2403846153846154
4 0.9074519230769231 0.9158653846153846 0.18028846153846154 0.16346153846153846
4 0.9543269230769231 0.78125 0.09134615384615384 0.11538461538461539
4 0.9747596153846154 0.6959134615384616 0.04567307692307692 0.06490384615384616
4 0.7788461538461539 0.9447115384615384 0.07692307692307693 0.09134615384615384
4 0.8004807692307693 0.8822115384615384 0.03365384615384615 0.03365384615384615
4 0.7175480769230769 0.9759615384615384 0.040865384615384616 0.04326923076923077
4 0.7295673076923077 0.9399038461538461 0.021634615384615384 0.028846153846153848
4 0.6899038461538461 0.9867788461538461 0.014423076923076924 0.021634615384615384
4 0.7752403846153846 0.8930288461538461 0.016826923076923076 0.021634615384615384
4 0.8076923076923077 0.859375 0.019230769230769232 0.016826923076923076
4 0.8677884615384616 0.8125 0.04326923076923077 0.04326923076923077
4 0.8389423076923077 0.8209134615384616 0.014423076923076924 0.016826923076923076
4 0.9014423076923077 0.8137019230769231 0.014423076923076924 0.026442307692307692
4 0.8882211538461539 0.7800480769230769 0.040865384615384616 0.021634615384615384
4 0.8954326923076923 0.7560096153846154 0.026442307692307692 0.021634615384615384
4 0.9387019230769231 0.7127403846153846 0.026442307692307692 0.021634615384615384
4 0.9855769230769231 0.6526442307692307 0.028846153846153848 0.021634615384615384
4 0.9927884615384616 0.6286057692307693 0.014423076923076924 0.016826923076923076
4 0.9423076923076923 0.6911057692307693 0.014423076923076924 0.021634615384615384
4 0.8545673076923077 0.04927884615384615 0.29086538461538464 0.09375
4 0.9435096153846154 0.16346153846153846 0.11298076923076923 0.125
4 0.9747596153846154 0.28125 0.05048076923076923 0.11057692307692307
4 0.8509615384615384 0.13581730769230768 0.07692307692307693 0.06971153846153846
4 0.6838942307692307 0.08774038461538461 0.06009615384615385 0.17067307692307693
4 0.10697115384615384 0.1778846153846154 0.2091346153846154 0.35096153846153844
4 0.02283653846153846 0.40024038461538464 0.040865384615384616 0.10336538461538461
4 0.05889423076923077 0.3713942307692308 0.03125 0.05048076923076923
4 0.009615384615384616 0.4723557692307692 0.014423076923076924 0.03125
4 0.037259615384615384 0.9423076923076923 0.06971153846153846 0.11057692307692307
4 0.08774038461538461 0.9663461538461539 0.03125 0.04807692307692308
4 0.020432692307692308 0.8497596153846154 0.036057692307692304 0.06490384615384616
4 0.1971153846153846 0.37740384615384615 0.02403846153846154 0.038461538461538464
4 0.2644230769230769 0.06009615384615385 0.11057692307692307 0.11538461538461539
4 0.3918269230769231 0.046875 0.14903846153846154 0.0889423076923077
4 0.45072115384615385 0.10336538461538461 0.021634615384615384 0.028846153846153848
4 0.47716346153846156 0.019230769230769232 0.026442307692307692 0.03365384615384615
4 0.23317307692307693 0.1502403846153846 0.04326923076923077 0.055288461538461536
4 0.27163461538461536 0.13341346153846154 0.028846153846153848 0.021634615384615384
4 0.22596153846153846 0.20192307692307693 0.03365384615384615 0.038461538461538464
