0 0.4495192307692308 0.7524038461538461 0.23557692307692307 0.36538461538461536
0 0.7680288461538461 0.6959134615384616 0.25721153846153844 0.3870192307692308
0 0.8641826923076923 0.4795673076923077 0.22355769230769232 0.3389423076923077
0 0.8112980769230769 0.27884615384615385 0.21394230769230768 0.3798076923076923
0 0.6045673076923077 0.25961538461538464 0.2091346153846154 0.3269230769230769
0 0.41466346153846156 0.296875 0.19951923076923078 0.31971153846153844
0 0.33653846153846156 0.5024038461538461 0.2403846153846154 0.3076923076923077
0 0.21754807692307693 0.7307692307692307 0.2620192307692308 0.41346153846153844
0 0.12139423076923077 0.4326923076923077 0.2091346153846154 0.3269230769230769
0 0.24519230769230768 0.19230769230769232 0.18269230769230768 0.3269230769230769
