0 0.3894230769230769 0.5036057692307693 0.5288461538461539 0.3629807692307692
0 0.19951923076923078 0.8112980769230769 0.3798076923076923 0.37740384615384615
0 0.5949519230769231 0.8076923076923077 0.49759615384615385 0.3798076923076923
0 0.8533653846153846 0.6754807692307693 0.21153846153846154 0.15865384615384615
0 0.7644230769230769 0.5288461538461539 0.2980769230769231 0.1778846153846154
0 0.6983173076923077 0.30408653846153844 0.3870192307692308 0.2620192307692308
0 0.3329326923076923 0.17548076923076922 0.5024038461538461 0.30288461538461536
0 0.9423076923076923 0.5865384615384616 0.1201923076923077 0.14903846153846154
0 0.9230769230769231 0.7199519230769231 0.13942307692307693 0.09375
0 0.7764423076923077 0.10697115384615384 0.0673076923076923 0.06490384615384616
0 0.6682692307692307 0.057692307692307696 0.3076923076923077 0.10576923076923077
