0 0.8629807692307693 0.9182692307692307 0.10096153846153846 0.15865384615384615
0 0.6935096153846154 0.8942307692307693 0.12259615384615384 0.1346153846153846
0 0.8100961538461539 0.7644230769230769 0.10576923076923077 0.15384615384615385
0 0.7944711538461539 0.8762019230769231 0.0985576923076923 0.1466346153846154
0 0.7067307692307693 0.7788461538461539 0.09615384615384616 0.11057692307692307
0 0.7043269230769231 0.6923076923076923 0.09134615384615384 0.10576923076923077
0 0.7331730769230769 0.6346153846153846 0.08653846153846154 0.12980769230769232
0 0.6971153846153846 0.5612980769230769 0.052884615384615384 0.06490384615384616
0 0.6526442307692307 0.5973557692307693 0.0889423076923077 0.1466346153846154
0 0.6298076923076923 0.5048076923076923 0.052884615384615384 0.08173076923076923
0 0.5600961538461539 0.47716346153846156 0.0673076923076923 0.09375
0 0.5985576923076923 0.5673076923076923 0.04807692307692308 0.10096153846153846
0 0.5432692307692307 0.6177884615384616 0.09615384615384616 0.13942307692307693
0 0.6201923076923077 0.7451923076923077 0.07692307692307693 0.1875
0 0.5637019230769231 0.8894230769230769 0.0985576923076923 0.16826923076923078
0 0.546875 0.7379807692307693 0.07451923076923077 0.1346153846153846
0 0.46634615384615385 0.7740384615384616 0.10096153846153846 0.11538461538461539
0 0.4699519230769231 0.6598557692307693 0.0889423076923077 0.12259615384615384
0 0.4879807692307692 0.5096153846153846 0.07692307692307693 0.07692307692307693
0 0.5036057692307693 0.5721153846153846 0.05048076923076923 0.08653846153846154
0 0.4338942307692308 0.5673076923076923 0.0985576923076923 0.11057692307692307
0 0.39663461538461536 0.5444711538461539 0.038461538461538464 0.06490384615384616
0 0.37259615384615385 0.6490384615384616 0.10096153846153846 0.11057692307692307
0 0.29086538461538464 0.65625 0.08653846153846154 0.11057692307692307
0 0.30288461538461536 0.7307692307692307 0.07211538461538461 0.1346153846153846
0 0.3762019230769231 0.7692307692307693 0.07451923076923077 0.13942307692307693
0 0.36778846153846156 0.8966346153846154 0.09134615384615384 0.13942307692307693
0 0.4735576923076923 0.9002403846153846 0.08653846153846154 0.1466346153846154
0 0.4182692307692308 0.8822115384615384 0.04807692307692308 0.11057692307692307
0 0.2824519230769231 0.9134615384615384 0.0889423076923077 0.15865384615384615
0 0.22716346153846154 0.7548076923076923 0.0889423076923077 0.11057692307692307
0 0.14783653846153846 0.8509615384615384 0.0985576923076923 0.12980769230769232
0 0.234375 0.8918269230769231 0.07451923076923077 0.15384615384615385
0 0.17067307692307693 0.7980769230769231 0.038461538461538464 0.057692307692307696
