0 0.3858173076923077 0.9350961538461539 0.14182692307692307 0.11057692307692307
0 0.4735576923076923 0.8786057692307693 0.15384615384615385 0.0985576923076923
0 0.4230769230769231 0.8100961538461539 0.11057692307692307 0.11538461538461539
0 0.3137019230769231 0.8076923076923077 0.14182692307692307 0.125
0 0.22355769230769232 0.7668269230769231 0.15865384615384615 0.11057692307692307
0 0.38461538461538464 0.6586538461538461 0.1201923076923077 0.09134615384615384
0 0.29447115384615385 0.6875 0.13701923076923078 0.10576923076923077
0 0.453125 0.6899038461538461 0.13701923076923078 0.09615384615384616
0 0.37259615384615385 0.7271634615384616 0.08173076923076923 0.05048076923076923
0 0.4855769230769231 0.7487980769230769 0.125 0.06490384615384616
0 0.5865384615384616 0.7596153846153846 0.15384615384615385 0.08653846153846154
0 0.6514423076923077 0.6730769230769231 0.11538461538461539 0.09134615384615384
0 0.5600961538461539 0.6875 0.08653846153846154 0.07692307692307693
0 0.5168269230769231 0.625 0.1201923076923077 0.12980769230769232
0 0.39302884615384615 0.5745192307692307 0.18028846153846154 0.11538461538461539
0 0.2512019230769231 0.5600961538461539 0.13701923076923078 0.11057692307692307
0 0.23557692307692307 0.625 0.14903846153846154 0.11057692307692307
0 0.1466346153846154 0.5877403846153846 0.16826923076923078 0.12740384615384615
0 0.4495192307692308 0.5168269230769231 0.08173076923076923 0.04807692307692308
0 0.35096153846153844 0.5072115384615384 0.09134615384615384 0.0625
0 0.4110576923076923 0.46274038461538464 0.11538461538461539 0.12740384615384615
0 0.2956730769230769 0.44471153846153844 0.19230769230769232 0.1201923076923077
0 0.1778846153846154 0.3557692307692308 0.1875 0.10096153846153846
0 0.31490384615384615 0.3557692307692308 0.1201923076923077 0.10096153846153846
0 0.43028846153846156 0.34375 0.15384615384615385 0.1346153846153846
0 0.5360576923076923 0.43028846153846156 0.9278846153846154 0.8509615384615384
