0 0.578125 0.36538461538461536 0.18028846153846154 0.16826923076923078
0 0.6778846153846154 0.37259615384615385 0.125 0.16346153846153846
0 0.6370192307692307 0.24158653846153846 0.2548076923076923 0.23798076923076922
0 0.7980769230769231 0.21875 0.23557692307692307 0.32211538461538464
0 0.8497596153846154 0.6346153846153846 0.21875 0.28846153846153844
0 0.5745192307692307 0.7788461538461539 0.1875 0.2692307692307692
0 0.6622596153846154 0.7692307692307693 0.13221153846153846 0.2980769230769231
0 0.7572115384615384 0.75 0.13942307692307693 0.27884615384615385
0 0.2548076923076923 0.6442307692307693 0.35096153846153844 0.4567307692307692
0 0.25 0.2512019230769231 0.375 0.3870192307692308
