0 0.2692307692307692 0.24519230769230768 0.08173076923076923 0.07692307692307693
0 0.28365384615384615 0.17427884615384615 0.09134615384615384 0.05048076923076923
0 0.34375 0.1346153846153846 0.09134615384615384 0.052884615384615384
0 0.37740384615384615 0.18028846153846154 0.09134615384615384 0.057692307692307696
0 0.35336538461538464 0.22235576923076922 0.07692307692307693 0.06490384615384616
0 0.3004807692307692 0.3076923076923077 0.09134615384615384 0.057692307692307696
0 0.34615384615384615 0.2800480769230769 0.0673076923076923 0.036057692307692304
0 0.4519230769230769 0.23798076923076922 0.08653846153846154 0.0625
0 0.4543269230769231 0.2091346153846154 0.08173076923076923 0.03365384615384615
0 0.4206730769230769 0.28725961538461536 0.07211538461538461 0.036057692307692304
0 0.5408653846153846 0.12379807692307693 0.3894230769230769 0.23317307692307693
0 0.59375 0.31971153846153844 0.28365384615384615 0.22596153846153846
0 0.4074519230769231 0.40625 0.21875 0.20192307692307693
0 0.7439903846153846 0.44471153846153844 0.25721153846153844 0.30288461538461536
0 0.5240384615384616 0.48197115384615385 0.3317307692307692 0.21875
0 0.6009615384615384 0.625 0.40865384615384615 0.13942307692307693
0 0.8040865384615384 0.7800480769230769 0.22355769230769232 0.15625
0 0.8509615384615384 0.8942307692307693 0.1201923076923077 0.08653846153846154
0 0.9447115384615384 0.8533653846153846 0.07211538461538461 0.11538461538461539
0 0.8641826923076923 0.9495192307692307 0.23317307692307693 0.10096153846153846
