0 0.5408653846153846 0.39663461538461536 0.1346153846153846 0.19230769230769232
0 0.7007211538461539 0.6057692307692307 0.14182692307692307 0.10096153846153846
0 0.8076923076923077 0.6586538461538461 0.11538461538461539 0.10096153846153846
0 0.7091346153846154 0.6658653846153846 0.0625 0.08173076923076923
0 0.8052884615384616 0.7692307692307693 0.04807692307692308 0.0673076923076923
0 0.8918269230769231 0.8245192307692307 0.07211538461538461 0.07211538461538461
0 0.8509615384615384 0.49399038461538464 0.0625 0.08413461538461539
0 0.5721153846153846 0.71875 0.04326923076923077 0.052884615384615384
0 0.6009615384615384 0.6129807692307693 0.0673076923076923 0.10096153846153846
0 0.6141826923076923 0.8774038461538461 0.08413461538461539 0.23076923076923078
0 0.44711538461538464 0.7548076923076923 0.0625 0.07211538461538461
0 0.6899038461538461 0.96875 0.1201923076923077 0.057692307692307696
0 0.5144230769230769 0.9122596153846154 0.125 0.08413461538461539
0 0.43028846153846156 0.9350961538461539 0.07211538461538461 0.12980769230769232
0 0.2283653846153846 0.9507211538461539 0.1201923076923077 0.09375
0 0.31850961538461536 0.6850961538461539 0.0889423076923077 0.11057692307692307
0 0.23557692307692307 0.6754807692307693 0.1201923076923077 0.1201923076923077
0 0.20192307692307693 0.6298076923076923 0.07692307692307693 0.0625
0 0.28846153846153844 0.33413461538461536 0.10576923076923077 0.17307692307692307
0 0.22596153846153846 0.45072115384615385 0.04326923076923077 0.09375
0 0.12740384615384615 0.3605769230769231 0.0625 0.12980769230769232
0 0.15384615384615385 0.31971153846153844 0.07211538461538461 0.07692307692307693
0 0.3173076923076923 0.18269230769230768 0.07692307692307693 0.0673076923076923
0 0.3016826923076923 0.24519230769230768 0.0889423076923077 0.0673076923076923
0 0.46634615384615385 0.31009615384615385 0.08173076923076923 0.21153846153846154
0 0.3473557692307692 0.40625 0.08413461538461539 0.16346153846153846
0 0.08413461538461539 0.5877403846153846 0.0673076923076923 0.1466346153846154
0 0.5913461538461539 0.2620192307692308 0.057692307692307696 0.07692307692307693
0 0.5084134615384616 0.5108173076923077 0.9110576923076923 0.9735576923076923
