0 0.8425480769230769 0.9014423076923077 0.06009615384615385 0.08653846153846154
0 0.7872596153846154 0.9711538461538461 0.10336538461538461 0.052884615384615384
0 0.7692307692307693 0.9254807692307693 0.08653846153846154 0.0625
0 0.9807692307692307 0.9579326923076923 0.03365384615384615 0.08413461538461539
0 0.9807692307692307 0.8317307692307693 0.03365384615384615 0.09615384615384616
0 0.9807692307692307 0.7403846153846154 0.03365384615384615 0.052884615384615384
0 0.7956730769230769 0.2692307692307692 0.11057692307692307 0.052884615384615384
0 0.6622596153846154 0.2512019230769231 0.10336538461538461 0.08413461538461539
0 0.7355769230769231 0.40384615384615385 0.08653846153846154 0.052884615384615384
0 0.7740384615384616 0.4254807692307692 0.08653846153846154 0.04807692307692308
0 0.7596153846153846 0.5 0.09134615384615384 0.04326923076923077
0 0.8004807692307693 0.5300480769230769 0.052884615384615384 0.036057692307692304
0 0.7788461538461539 0.47475961538461536 0.052884615384615384 0.036057692307692304
0 0.6730769230769231 0.4723557692307692 0.125 0.06490384615384616
0 0.6298076923076923 0.39302884615384615 0.14903846153846154 0.0985576923076923
0 0.5060096153846154 0.39903846153846156 0.0985576923076923 0.057692307692307696
0 0.6334134615384616 0.5985576923076923 0.13701923076923078 0.08173076923076923
0 0.7019230769230769 0.5360576923076923 0.11057692307692307 0.052884615384615384
0 0.7163461538461539 0.5961538461538461 0.09134615384615384 0.07211538461538461
0 0.6298076923076923 0.5348557692307693 0.08173076923076923 0.036057692307692304
0 0.5168269230769231 0.4879807692307692 0.07692307692307693 0.052884615384615384
0 0.4423076923076923 0.4567307692307692 0.08173076923076923 0.03365384615384615
0 0.43509615384615385 0.5456730769230769 0.12980769230769232 0.10096153846153846
0 0.5504807692307693 0.5817307692307693 0.11057692307692307 0.11057692307692307
0 0.3557692307692308 0.6418269230769231 0.16826923076923078 0.052884615384615384
0 0.78125 0.7067307692307693 0.11538461538461539 0.0673076923076923
0 0.8341346153846154 0.7740384615384616 0.08653846153846154 0.07211538461538461
0 0.8605769230769231 0.7019230769230769 0.03365384615384615 0.0673076923076923
0 0.7824519230769231 0.8341346153846154 0.13701923076923078 0.10576923076923077
0 0.7319711538461539 0.7692307692307693 0.13701923076923078 0.08173076923076923
0 0.6887019230769231 0.8389423076923077 0.10336538461538461 0.08653846153846154
0 0.6057692307692307 0.8665865384615384 0.11538461538461539 0.11298076923076923
0 0.6754807692307693 0.9711538461538461 0.1201923076923077 0.057692307692307696
0 0.6850961538461539 0.9146634615384616 0.11057692307692307 0.05048076923076923
0 0.054086538461538464 0.3076923076923077 0.10336538461538461 0.1778846153846154
0 0.3233173076923077 0.10697115384615384 0.6418269230769231 0.20432692307692307
0 0.7247596153846154 0.15384615384615385 0.14182692307692307 0.1346153846153846
0 0.8341346153846154 0.2512019230769231 0.1971153846153846 0.06490384615384616
0 0.7043269230769231 0.31009615384615385 0.08173076923076923 0.1346153846153846
0 0.051682692307692304 0.3473557692307692 0.0985576923076923 0.2620192307692308
0 0.1622596153846154 0.28725961538461536 0.0985576923076923 0.15625
0 0.37740384615384615 0.24519230769230768 0.32211538461538464 0.07692307692307693
0 0.7115384615384616 0.7067307692307693 0.07211538461538461 0.052884615384615384
0 0.6514423076923077 0.7331730769230769 0.07211538461538461 0.052884615384615384
0 0.6177884615384616 0.8064903846153846 0.07211538461538461 0.05048076923076923
0 0.5661057692307693 0.9615384615384616 0.0985576923076923 0.07692307692307693
0 0.49278846153846156 0.9675480769230769 0.04807692307692308 0.06490384615384616
0 0.4423076923076923 0.9795673076923077 0.08173076923076923 0.040865384615384616
0 0.3894230769230769 0.9759615384615384 0.038461538461538464 0.04807692307692308
0 0.3798076923076923 0.9387019230769231 0.052884615384615384 0.040865384615384616
0 0.4639423076923077 0.9254807692307693 0.09134615384615384 0.057692307692307696
0 0.5120192307692307 0.8701923076923077 0.07692307692307693 0.052884615384615384
0 0.5204326923076923 0.8209134615384616 0.06009615384615385 0.05048076923076923
0 0.546875 0.7908653846153846 0.06009615384615385 0.03365384615384615
0 0.5961538461538461 0.7055288461538461 0.09134615384615384 0.05048076923076923
0 0.5600961538461539 0.7427884615384616 0.11057692307692307 0.10576923076923077
0 0.4831730769230769 0.7055288461538461 0.052884615384615384 0.036057692307692304
0 0.37259615384615385 0.7740384615384616 0.08173076923076923 0.057692307692307696
0 0.3918269230769231 0.8425480769230769 0.052884615384615384 0.05048076923076923
0 0.43990384615384615 0.8605769230769231 0.07692307692307693 0.08173076923076923
0 0.4543269230769231 0.8004807692307693 0.09134615384615384 0.04807692307692308
0 0.45913461538461536 0.7475961538461539 0.11538461538461539 0.0625
0 0.07091346153846154 0.8677884615384616 0.13701923076923078 0.2548076923076923
