0 0.9795673076923077 0.027644230769230768 0.040865384615384616 0.05048076923076923
0 0.9567307692307693 0.07091346153846154 0.08653846153846154 0.10336538461538461
0 0.9495192307692307 0.16466346153846154 0.10096153846153846 0.09375
0 0.9603365384615384 0.25240384615384615 0.07932692307692307 0.08173076923076923
0 0.9651442307692307 0.30288461538461536 0.06971153846153846 0.052884615384615384
0 0.984375 0.3641826923076923 0.03125 0.06971153846153846
0 0.9375 0.4182692307692308 0.125 0.0673076923076923
0 0.9026442307692307 0.4387019230769231 0.19471153846153846 0.10817307692307693
0 0.8581730769230769 0.5120192307692307 0.24519230769230768 0.09615384615384616
0 0.6442307692307693 0.6394230769230769 0.14903846153846154 0.10576923076923077
0 0.8942307692307693 0.06009615384615385 0.08653846153846154 0.11538461538461539
0 0.8365384615384616 0.1310096153846154 0.11538461538461539 0.10817307692307693
0 0.8846153846153846 0.2283653846153846 0.08173076923076923 0.11538461538461539
0 0.8389423076923077 0.24879807692307693 0.11057692307692307 0.07932692307692307
0 0.7788461538461539 0.28125 0.1201923076923077 0.08173076923076923
0 0.71875 0.038461538461538464 0.1201923076923077 0.0673076923076923
0 0.7596153846153846 0.0889423076923077 0.08173076923076923 0.08173076923076923
0 0.8221153846153846 0.039663461538461536 0.07692307692307693 0.05048076923076923
0 0.8161057692307693 0.013221153846153846 0.0985576923076923 0.021634615384615384
0 0.7007211538461539 0.18870192307692307 0.13701923076923078 0.09375
0 0.6502403846153846 0.2920673076923077 0.13701923076923078 0.09375
0 0.5745192307692307 0.3701923076923077 0.11538461538461539 0.08173076923076923
0 0.6754807692307693 0.38461538461538464 0.11057692307692307 0.07692307692307693
0 0.7103365384615384 0.3557692307692308 0.13701923076923078 0.09134615384615384
0 0.8125 0.3485576923076923 0.0673076923076923 0.0673076923076923
0 0.7211538461538461 0.13822115384615385 0.08173076923076923 0.036057692307692304
0 0.6466346153846154 0.027644230769230768 0.04326923076923077 0.05048076923076923
0 0.6658653846153846 0.0673076923076923 0.07211538461538461 0.057692307692307696
0 0.5961538461538461 0.1201923076923077 0.14903846153846154 0.1201923076923077
0 0.5649038461538461 0.038461538461538464 0.12980769230769232 0.0673076923076923
0 0.5709134615384616 0.21875 0.14182692307692307 0.09134615384615384
0 0.5192307692307693 0.28966346153846156 0.14903846153846154 0.09375
0 0.5817307692307693 0.453125 0.12980769230769232 0.07932692307692307
0 0.6730769230769231 0.4855769230769231 0.08173076923076923 0.08653846153846154
0 0.7524038461538461 0.44711538461538464 0.11057692307692307 0.11057692307692307
0 0.6610576923076923 0.5625 0.125 0.07692307692307693
0 0.5769230769230769 0.5288461538461539 0.11057692307692307 0.07211538461538461
0 0.5576923076923077 0.5673076923076923 0.07211538461538461 0.04807692307692308
0 0.4831730769230769 0.5649038461538461 0.08653846153846154 0.057692307692307696
0 0.46153846153846156 0.53125 0.1201923076923077 0.0673076923076923
0 0.3713942307692308 0.5600961538461539 0.10336538461538461 0.07211538461538461
0 0.4206730769230769 0.5913461538461539 0.07211538461538461 0.038461538461538464
0 0.29447115384615385 0.53125 0.10336538461538461 0.057692307692307696
0 0.36177884615384615 0.5 0.13701923076923078 0.057692307692307696
0 0.2548076923076923 0.4699519230769231 0.12980769230769232 0.07932692307692307
0 0.36538461538461536 0.4423076923076923 0.125 0.07692307692307693
0 0.4675480769230769 0.46875 0.0985576923076923 0.052884615384615384
0 0.4651442307692308 0.39903846153846156 0.13701923076923078 0.09615384615384616
0 0.3389423076923077 0.3713942307692308 0.15865384615384615 0.07932692307692307
0 0.25 0.3954326923076923 0.1201923076923077 0.06490384615384616
0 0.23798076923076922 0.31490384615384615 0.1875 0.10096153846153846
0 0.39663461538461536 0.3112980769230769 0.15384615384615385 0.07932692307692307
0 0.359375 0.23557692307692307 0.14182692307692307 0.07692307692307693
0 0.41586538461538464 0.20192307692307693 0.14903846153846154 0.12980769230769232
0 0.4567307692307692 0.125 0.15384615384615385 0.14423076923076922
0 0.44471153846153844 0.03125 0.12980769230769232 0.057692307692307696
0 0.34615384615384615 0.0625 0.15384615384615385 0.1201923076923077
0 0.3088942307692308 0.14903846153846154 0.0985576923076923 0.09134615384615384
0 0.25240384615384615 0.21153846153846154 0.11538461538461539 0.11057692307692307
0 0.2439903846153846 0.11298076923076923 0.0985576923076923 0.1346153846153846
