0 0.2980769230769231 0.18509615384615385 0.2692307692307692 0.08653846153846154
0 0.5817307692307693 0.28125 0.3125 0.08653846153846154
0 0.5793269230769231 0.1814903846153846 0.11057692307692307 0.09375
0 0.5492788461538461 0.15264423076923078 0.2091346153846154 0.11298076923076923
0 0.49759615384615385 0.09735576923076923 0.20192307692307693 0.08413461538461539
0 0.2692307692307692 0.09375 0.2644230769230769 0.10096153846153846
0 0.33653846153846156 0.4831730769230769 0.12980769230769232 0.10096153846153846
0 0.6009615384615384 0.8701923076923077 0.20192307692307693 0.0625
0 0.46033653846153844 0.9254807692307693 0.1658653846153846 0.057692307692307696
0 0.2860576923076923 0.8545673076923077 0.17307692307692307 0.12259615384615384
0 0.46875 0.7872596153846154 0.24519230769230768 0.10336538461538461
0 0.4230769230769231 0.7319711538461539 0.13942307692307693 0.06490384615384616
0 0.38221153846153844 0.7055288461538461 0.14903846153846154 0.055288461538461536
0 0.5817307692307693 0.7379807692307693 0.15384615384615385 0.07211538461538461
0 0.5396634615384616 0.6586538461538461 0.3004807692307692 0.10576923076923077
0 0.5600961538461539 0.5793269230769231 0.3942307692307692 0.09134615384615384
0 0.8353365384615384 0.5348557692307693 0.18990384615384615 0.08413461538461539
0 0.8185096153846154 0.0985576923076923 0.23317307692307693 0.14423076923076922
0 0.5036057692307693 0.5024038461538461 0.9927884615384616 1.0
