0 0.11298076923076923 0.6117788461538461 0.20673076923076922 0.18509615384615385
0 0.07211538461538461 0.3641826923076923 0.125 0.21875
0 0.09615384615384616 0.10336538461538461 0.17307692307692307 0.19230769230769232
0 0.19471153846153846 0.052884615384615384 0.11057692307692307 0.09615384615384616
0 0.3701923076923077 0.09134615384615384 0.2403846153846154 0.16826923076923078
0 0.43509615384615385 0.039663461538461536 0.15384615384615385 0.06490384615384616
0 0.53125 0.1141826923076923 0.125 0.14182692307692307
0 0.4543269230769231 0.20552884615384615 0.20192307692307693 0.14182692307692307
0 0.07572115384615384 0.9014423076923077 0.13701923076923078 0.12980769230769232
0 0.37259615384615385 0.5192307692307693 0.07211538461538461 0.10096153846153846
0 0.39903846153846156 0.49038461538461536 0.09134615384615384 0.10096153846153846
0 0.4326923076923077 0.4879807692307692 0.07211538461538461 0.10576923076923077
0 0.4567307692307692 0.44711538461538464 0.052884615384615384 0.08173076923076923
0 0.4699519230769231 0.3870192307692308 0.13701923076923078 0.0625
0 0.47836538461538464 0.30649038461538464 0.1201923076923077 0.11298076923076923
3 0.6009615384615384 0.4567307692307692 0.21153846153846154 0.125
3 0.4375 0.3473557692307692 0.038461538461538464 0.021634615384615384
