0 0.5528846153846154 0.8653846153846154 0.27884615384615385 0.16826923076923078
0 0.13701923076923078 0.6802884615384616 0.21153846153846154 0.10096153846153846
0 0.20673076923076922 0.7391826923076923 0.07211538461538461 0.040865384615384616
0 0.23076923076923078 0.7475961538461539 0.15865384615384615 0.0625
0 0.33413461538461536 0.7764423076923077 0.09134615384615384 0.09615384615384616
0 0.3557692307692308 0.8197115384615384 0.125 0.09615384615384616
0 0.40625 0.8185096153846154 0.11057692307692307 0.09375
0 0.5649038461538461 0.7487980769230769 0.20673076923076922 0.10817307692307693
0 0.625 0.7644230769230769 0.08653846153846154 0.057692307692307696
0 0.6802884615384616 0.7247596153846154 0.07692307692307693 0.036057692307692304
0 0.49759615384615385 0.6141826923076923 0.11538461538461539 0.21394230769230768
0 0.3798076923076923 0.6923076923076923 0.1201923076923077 0.15384615384615385
0 0.3004807692307692 0.7139423076923077 0.125 0.09134615384615384
0 0.28365384615384615 0.46274038461538464 0.27884615384615385 0.4639423076923077
0 0.17067307692307693 0.46634615384615385 0.16826923076923078 0.34134615384615385
0 0.2824519230769231 0.2548076923076923 0.2620192307692308 0.20673076923076922
0 0.43990384615384615 0.25961538461538464 0.11057692307692307 0.057692307692307696
0 0.5408653846153846 0.24759615384615385 0.08173076923076923 0.03365384615384615
0 0.5144230769230769 0.1778846153846154 0.14903846153846154 0.10576923076923077
0 0.6394230769230769 0.1466346153846154 0.15865384615384615 0.11057692307692307
0 0.5865384615384616 0.0625 0.11057692307692307 0.07692307692307693
0 0.6646634615384616 0.2283653846153846 0.14182692307692307 0.09134615384615384
0 0.5865384615384616 0.26322115384615385 0.11057692307692307 0.05048076923076923
0 0.6742788461538461 0.30528846153846156 0.14182692307692307 0.0673076923076923
0 0.7944711538461539 0.3870192307692308 0.0985576923076923 0.15384615384615385
0 0.7067307692307693 0.36778846153846156 0.16346153846153846 0.1201923076923077
0 0.7764423076923077 0.5853365384615384 0.23557692307692307 0.10817307692307693
0 0.7692307692307693 0.5168269230769231 0.12980769230769232 0.04807692307692308
0 0.7524038461538461 0.6225961538461539 0.16346153846153846 0.07211538461538461
0 0.6826923076923077 0.625 0.004807692307692308 0.004807692307692308
0 0.7067307692307693 0.6706730769230769 0.052884615384615384 0.0673076923076923
0 0.5721153846153846 0.7427884615384616 0.27403846153846156 0.10576923076923077
0 0.6105769230769231 0.6490384615384616 0.2403846153846154 0.1201923076923077
0 0.6466346153846154 0.5240384615384616 0.1875 0.19230769230769232
0 0.5504807692307693 0.4567307692307692 0.11057692307692307 0.10096153846153846
0 0.41586538461538464 0.4639423076923077 0.14903846153846154 0.13942307692307693
0 0.3858173076923077 0.5432692307692307 0.0985576923076923 0.057692307692307696
0 0.41346153846153844 0.6057692307692307 0.0673076923076923 0.07692307692307693
0 0.5252403846153846 0.3485576923076923 0.18028846153846154 0.11057692307692307
0 0.47115384615384615 0.2956730769230769 0.11538461538461539 0.11057692307692307
