0 0.5973557692307693 0.8774038461538461 0.23798076923076922 0.14903846153846154
0 0.3737980769230769 0.9266826923076923 0.19471153846153846 0.10817307692307693
0 0.3293269230769231 0.7776442307692307 0.1778846153846154 0.09375
0 0.055288461538461536 0.8605769230769231 0.10096153846153846 0.09134615384615384
0 0.13942307692307693 0.9242788461538461 0.15384615384615385 0.05048076923076923
0 0.052884615384615384 0.9699519230769231 0.09615384615384616 0.06009615384615385
0 0.11057692307692307 0.9086538461538461 0.21153846153846154 0.18269230769230768
0 0.20673076923076922 0.8185096153846154 0.16346153846153846 0.055288461538461536
0 0.21754807692307693 0.8786057692307693 0.17067307692307693 0.0889423076923077
0 0.2620192307692308 0.6959134615384616 0.22596153846153846 0.1466346153846154
0 0.07692307692307693 0.6502403846153846 0.14423076923076922 0.13221153846153846
0 0.052884615384615384 0.7355769230769231 0.09615384615384616 0.07692307692307693
0 0.18629807692307693 0.6538461538461539 0.1466346153846154 0.11538461538461539
0 0.28125 0.5625 0.22596153846153846 0.125
0 0.08653846153846154 0.5168269230769231 0.16346153846153846 0.12980769230769232
0 0.2283653846153846 0.4423076923076923 0.23076923076923078 0.1201923076923077
0 0.1778846153846154 0.36778846153846156 0.20192307692307693 0.07692307692307693
0 0.0889423076923077 0.37740384615384615 0.16826923076923078 0.1346153846153846
0 0.9122596153846154 0.4495192307692308 0.17067307692307693 0.1346153846153846
0 0.6682692307692307 0.3701923076923077 0.2692307692307692 0.11538461538461539
0 0.9423076923076923 0.24759615384615385 0.11057692307692307 0.15865384615384615
0 0.8557692307692307 0.12980769230769232 0.27884615384615385 0.22596153846153846
0 0.9591346153846154 0.09615384615384616 0.07211538461538461 0.11538461538461539
0 0.6730769230769231 0.039663461538461536 0.3798076923076923 0.07451923076923077
0 0.6778846153846154 0.07932692307692307 0.1875 0.08173076923076923
0 0.6057692307692307 0.07692307692307693 0.22115384615384615 0.1346153846153846
0 0.39663461538461536 0.03485576923076923 0.25 0.06490384615384616
0 0.21634615384615385 0.016826923076923076 0.11057692307692307 0.028846153846153848
0 0.38341346153846156 0.08173076923076923 0.23798076923076922 0.09615384615384616
0 0.3942307692307692 0.1778846153846154 0.22115384615384615 0.12980769230769232
0 0.3894230769230769 0.24759615384615385 0.11538461538461539 0.028846153846153848
0 0.32211538461538464 0.3317307692307692 0.27403846153846156 0.1346153846153846
0 0.19591346153846154 0.23317307692307693 0.23798076923076922 0.125
0 0.0889423076923077 0.13581730769230768 0.16826923076923078 0.15144230769230768
0 0.5793269230769231 0.17067307692307693 0.16346153846153846 0.10096153846153846
0 0.7091346153846154 0.23557692307692307 0.23076923076923078 0.11057692307692307
0 0.5192307692307693 0.2800480769230769 0.20192307692307693 0.10336538461538461
0 0.15625 0.08173076923076923 0.24519230769230768 0.15865384615384615
0 0.0829326923076923 0.25721153846153844 0.15625 0.11057692307692307
0 0.021634615384615384 0.03365384615384615 0.03365384615384615 0.0625
