0 0.8149038461538461 0.04326923076923077 0.22596153846153846 0.07211538461538461
0 0.9146634615384616 0.06971153846153846 0.026442307692307692 0.04326923076923077
0 0.8822115384615384 0.09134615384615384 0.09615384615384616 0.07692307692307693
0 0.8052884615384616 0.17067307692307693 0.25 0.22115384615384615
0 0.8822115384615384 0.25 0.10576923076923077 0.1346153846153846
0 0.875 0.3918269230769231 0.10576923076923077 0.19230769230769232
0 0.8149038461538461 0.5432692307692307 0.22596153846153846 0.21634615384615385
0 0.8677884615384616 0.7271634615384616 0.1201923076923077 0.1466346153846154
0 0.8846153846153846 0.8774038461538461 0.09134615384615384 0.15384615384615385
0 0.8004807692307693 0.9423076923076923 0.25961538461538464 0.11538461538461539
0 0.7331730769230769 0.8533653846153846 0.21153846153846154 0.15865384615384615
0 0.671875 0.6911057692307693 0.29086538461538464 0.18028846153846154
0 0.6935096153846154 0.5120192307692307 0.23798076923076922 0.21153846153846154
0 0.515625 0.5168269230769231 0.12740384615384615 0.16346153846153846
0 0.7283653846153846 0.33653846153846156 0.20192307692307693 0.17307692307692307
0 0.6634615384615384 0.20072115384615385 0.14903846153846154 0.12740384615384615
0 0.6514423076923077 0.078125 0.20673076923076922 0.14182692307692307
0 0.5504807692307693 0.03365384615384615 0.11057692307692307 0.057692307692307696
0 0.5072115384615384 0.20192307692307693 0.17307692307692307 0.15865384615384615
0 0.5576923076923077 0.29086538461538464 0.09615384615384616 0.052884615384615384
0 0.5805288461538461 0.3485576923076923 0.13701923076923078 0.16346153846153846
0 0.49759615384615385 0.39903846153846156 0.16346153846153846 0.08653846153846154
0 0.42427884615384615 0.31971153846153844 0.18509615384615385 0.12980769230769232
0 0.28846153846153844 0.27163461538461536 0.21153846153846154 0.10576923076923077
0 0.34375 0.12740384615384615 0.3557692307692308 0.24519230769230768
0 0.25961538461538464 0.4182692307692308 0.3317307692307692 0.21153846153846154
0 0.41586538461538464 0.5096153846153846 0.14903846153846154 0.1346153846153846
0 0.49399038461538464 0.6310096153846154 0.13701923076923078 0.10817307692307693
0 0.5408653846153846 0.71875 0.09134615384615384 0.08173076923076923
0 0.4495192307692308 0.7259615384615384 0.1201923076923077 0.08173076923076923
0 0.3942307692307692 0.7980769230769231 0.10576923076923077 0.08173076923076923
0 0.53125 0.7908653846153846 0.15865384615384615 0.125
0 0.6189903846153846 0.9254807692307693 0.13701923076923078 0.14903846153846154
0 0.45552884615384615 0.9314903846153846 0.25240384615384615 0.13701923076923078
0 0.3125 0.8389423076923077 0.11057692307692307 0.09134615384615384
0 0.24639423076923078 0.6887019230769231 0.3918269230769231 0.2620192307692308
0 0.31009615384615385 0.5384615384615384 0.0625 0.04326923076923077
0 0.14423076923076922 0.5637019230769231 0.22596153846153846 0.09375
0 0.16466346153846154 0.5168269230769231 0.13221153846153846 0.052884615384615384
0 0.0889423076923077 0.5276442307692307 0.16826923076923078 0.1466346153846154
0 0.054086538461538464 0.46274038461538464 0.07932692307692307 0.040865384615384616
0 0.0625 0.3870192307692308 0.11538461538461539 0.14423076923076922
0 0.055288461538461536 0.3942307692307692 0.0625 0.04807692307692308
0 0.07451923076923077 0.3629807692307692 0.04807692307692308 0.038461538461538464
0 0.13221153846153846 0.3173076923076923 0.0673076923076923 0.052884615384615384
0 0.14423076923076922 0.27163461538461536 0.11057692307692307 0.057692307692307696
0 0.0625 0.11778846153846154 0.11538461538461539 0.1201923076923077
0 0.0673076923076923 0.04326923076923077 0.0625 0.028846153846153848
0 0.056490384615384616 0.042067307692307696 0.10336538461538461 0.07451923076923077
0 0.15384615384615385 0.038461538461538464 0.10096153846153846 0.0625
0 0.15144230769230768 0.12259615384615384 0.052884615384615384 0.10576923076923077
0 0.1141826923076923 0.1875 0.07451923076923077 0.038461538461538464
0 0.16346153846153846 0.21394230769230768 0.09134615384615384 0.08173076923076923
0 0.09254807692307693 0.2091346153846154 0.08413461538461539 0.0673076923076923
0 0.04567307692307692 0.2776442307692308 0.08173076923076923 0.10336538461538461
0 0.040865384615384616 0.2091346153846154 0.07211538461538461 0.0625
0 0.04927884615384615 0.3918269230769231 0.0889423076923077 0.1346153846153846
0 0.06971153846153846 0.7043269230769231 0.12980769230769232 0.20192307692307693
0 0.21514423076923078 0.8497596153846154 0.08413461538461539 0.07451923076923077
0 0.22235576923076922 0.9375 0.36778846153846156 0.125
0 0.15625 0.859375 0.052884615384615384 0.09375
0 0.04567307692307692 0.8737980769230769 0.08173076923076923 0.0889423076923077
0 0.01201923076923077 0.8125 0.014423076923076924 0.052884615384615384
0 0.04927884615384615 0.9495192307692307 0.0889423076923077 0.10096153846153846
0 0.08052884615384616 0.8533653846153846 0.15144230769230768 0.25
0 0.4699519230769231 0.5024038461538461 0.9302884615384616 0.9951923076923077
