0 0.16947115384615385 0.38100961538461536 0.15625 0.21875
0 0.13822115384615385 0.27163461538461536 0.18509615384615385 0.25
0 0.23317307692307693 0.2247596153846154 0.08173076923076923 0.13701923076923078
0 0.3293269230769231 0.4326923076923077 0.16346153846153846 0.3894230769230769
0 0.24759615384615385 0.49038461538461536 0.11057692307692307 0.1875
0 0.328125 0.25240384615384615 0.11298076923076923 0.14903846153846154
0 0.31490384615384615 0.1658653846153846 0.08653846153846154 0.052884615384615384
0 0.41225961538461536 0.18629807692307693 0.11298076923076923 0.18028846153846154
0 0.40625 0.375 0.11057692307692307 0.17307692307692307
0 0.4230769230769231 0.5745192307692307 0.07692307692307693 0.21153846153846154
0 0.5889423076923077 0.5913461538461539 0.15865384615384615 0.28846153846153844
0 0.5168269230769231 0.5817307692307693 0.11057692307692307 0.20673076923076922
0 0.5432692307692307 0.4206730769230769 0.0673076923076923 0.14903846153846154
0 0.49278846153846156 0.40625 0.07211538461538461 0.15384615384615385
0 0.49278846153846156 0.28125 0.21153846153846154 0.11057692307692307
0 0.5108173076923077 0.21153846153846154 0.14182692307692307 0.07692307692307693
0 0.5697115384615384 0.15625 0.11057692307692307 0.17307692307692307
0 0.5721153846153846 0.11538461538461539 0.04807692307692308 0.14903846153846154
0 0.5048076923076923 0.15144230769230768 0.08173076923076923 0.04326923076923077
0 0.7019230769230769 0.6586538461538461 0.1875 0.25
0 0.640625 0.8509615384615384 0.0985576923076923 0.1971153846153846
0 0.6514423076923077 0.4098557692307692 0.13942307692307693 0.18028846153846154
0 0.71875 0.4951923076923077 0.10096153846153846 0.1201923076923077
0 0.7536057692307693 0.3798076923076923 0.08413461538461539 0.11057692307692307
0 0.7884615384615384 0.38461538461538464 0.125 0.1201923076923077
0 0.7824519230769231 0.34375 0.11298076923076923 0.04807692307692308
0 0.8173076923076923 0.2644230769230769 0.21153846153846154 0.2403846153846154
0 0.6418269230769231 0.1971153846153846 0.125 0.19230769230769232
