0 0.6418269230769231 0.20192307692307693 0.125 0.08173076923076923
0 0.44350961538461536 0.5649038461538461 0.17067307692307693 0.11057692307692307
0 0.23798076923076922 0.3894230769230769 0.1201923076923077 0.11538461538461539
0 0.14543269230769232 0.2860576923076923 0.17067307692307693 0.11057692307692307
0 0.27163461538461536 0.2620192307692308 0.125 0.125
0 0.390625 0.22596153846153846 0.11298076923076923 0.0625
0 0.4855769230769231 0.43028846153846156 0.09615384615384616 0.0673076923076923
0 0.5528846153846154 0.5432692307692307 0.057692307692307696 0.07692307692307693
0 0.7247596153846154 0.5024038461538461 0.10336538461538461 0.09615384615384616
0 0.7379807692307693 0.5697115384615384 0.07692307692307693 0.038461538461538464
0 0.6081730769230769 0.8822115384615384 0.13942307692307693 0.08173076923076923
0 0.39663461538461536 0.8822115384615384 0.13942307692307693 0.12980769230769232
0 0.3004807692307692 0.8149038461538461 0.13942307692307693 0.10576923076923077
0 0.12860576923076922 0.6225961538461539 0.036057692307692304 0.07211538461538461
0 0.0889423076923077 0.5420673076923077 0.12980769230769232 0.12740384615384615
0 0.30528846153846156 0.6213942307692307 0.22115384615384615 0.10817307692307693
0 0.9266826923076923 0.6754807692307693 0.10336538461538461 0.09134615384615384
0 0.8737980769230769 0.5721153846153846 0.11298076923076923 0.07211538461538461
0 0.84375 0.5096153846153846 0.2692307692307692 0.6105769230769231
0 0.5504807692307693 0.5408653846153846 0.34134615384615385 0.7596153846153846
0 0.32091346153846156 0.48677884615384615 0.31490384615384615 0.7716346153846154
0 0.11057692307692307 0.46634615384615385 0.20673076923076922 0.5480769230769231
0 0.21634615384615385 0.06009615384615385 0.02403846153846154 0.019230769230769232
0 0.45072115384615385 0.040865384615384616 0.03125 0.04326923076923077
0 0.48677884615384615 0.07932692307692307 0.040865384615384616 0.052884615384615384
0 0.6550480769230769 0.10817307692307693 0.036057692307692304 0.04807692307692308
3 0.45913461538461536 0.09134615384615384 0.2644230769230769 0.16826923076923078
