0 0.23798076923076922 0.22596153846153846 0.21634615384615385 0.3317307692307692
0 0.27163461538461536 0.34375 0.1346153846153846 0.20192307692307693
0 0.21754807692307693 0.35697115384615385 0.10336538461538461 0.21875
0 0.15384615384615385 0.3317307692307692 0.14903846153846154 0.2692307692307692
0 0.16105769230769232 0.5372596153846154 0.22596153846153846 0.0985576923076923
0 0.3581730769230769 0.4567307692307692 0.28365384615384615 0.11538461538461539
0 0.3762019230769231 0.5552884615384616 0.15625 0.20673076923076922
0 0.2776442307692308 0.6105769230769231 0.21394230769230768 0.2548076923076923
0 0.35336538461538464 0.3701923076923077 0.0673076923076923 0.0673076923076923
0 0.4014423076923077 0.3004807692307692 0.07211538461538461 0.1346153846153846
0 0.4567307692307692 0.35216346153846156 0.052884615384615384 0.09375
0 0.4879807692307692 0.6899038461538461 0.09134615384615384 0.5432692307692307
0 0.5 0.5649038461538461 0.24519230769230768 0.32211538461538464
0 0.5 0.6045673076923077 0.12980769230769232 0.22355769230769232
0 0.6586538461538461 0.5288461538461539 0.5769230769230769 0.5192307692307693
0 0.9038461538461539 0.23798076923076922 0.1971153846153846 0.3125
0 0.7980769230769231 0.25240384615384615 0.10096153846153846 0.2403846153846154
0 0.6935096153846154 0.25 0.12259615384615384 0.23557692307692307
0 0.6201923076923077 0.28125 0.10096153846153846 0.19230769230769232
0 0.5504807692307693 0.21153846153846154 0.08653846153846154 0.16826923076923078
0 0.4639423076923077 0.2644230769230769 0.10576923076923077 0.1875
0 0.5649038461538461 0.34615384615384615 0.10096153846153846 0.125
0 0.6862980769230769 0.6875 0.17548076923076922 0.3798076923076923
0 0.6105769230769231 0.734375 0.12980769230769232 0.16105769230769232
0 0.4855769230769231 0.8112980769230769 0.1346153846153846 0.15625
0 0.7524038461538461 0.65625 0.08173076923076923 0.04807692307692308
0 0.7872596153846154 0.625 0.11778846153846154 0.0673076923076923
0 0.84375 0.5889423076923077 0.17307692307692307 0.04807692307692308
0 0.8064903846153846 0.5360576923076923 0.06490384615384616 0.04807692307692308
0 0.7043269230769231 0.4483173076923077 0.15384615384615385 0.16105769230769232
0 0.5685096153846154 0.5721153846153846 0.08413461538461539 0.12980769230769232
0 0.5096153846153846 0.5240384615384616 0.22115384615384615 0.2403846153846154
