0 0.7211538461538461 0.18509615384615385 0.20673076923076922 0.19230769230769232
0 0.6105769230769231 0.06129807692307692 0.17307692307692307 0.10817307692307693
0 0.8689903846153846 0.4735576923076923 0.24759615384615385 0.33653846153846156
0 0.8882211538461539 0.6334134615384616 0.03125 0.036057692307692304
0 0.9639423076923077 0.7596153846153846 0.038461538461538464 0.052884615384615384
0 0.9266826923076923 0.8509615384615384 0.026442307692307692 0.02403846153846154
0 0.9266826923076923 0.8810096153846154 0.026442307692307692 0.036057692307692304
0 0.9098557692307693 0.9026442307692307 0.03125 0.026442307692307692
0 0.921875 0.9290865384615384 0.03125 0.036057692307692304
0 0.9567307692307693 0.8954326923076923 0.02403846153846154 0.03125
0 0.8810096153846154 0.9639423076923077 0.026442307692307692 0.04807692307692308
0 0.8497596153846154 0.9543269230769231 0.03125 0.04807692307692308
0 0.8245192307692307 0.953125 0.02403846153846154 0.036057692307692304
0 0.7884615384615384 0.8617788461538461 0.03365384615384615 0.036057692307692304
0 0.8413461538461539 0.7944711538461539 0.02403846153846154 0.036057692307692304
0 0.8052884615384616 0.734375 0.014423076923076924 0.040865384615384616
0 0.8341346153846154 0.7379807692307693 0.019230769230769232 0.02403846153846154
0 0.6682692307692307 0.9495192307692307 0.19230769230769232 0.10096153846153846
0 0.6646634615384616 0.7403846153846154 0.2668269230769231 0.35096153846153844
0 0.6899038461538461 0.41586538461538464 0.13942307692307693 0.21634615384615385
0 0.4879807692307692 0.3269230769230769 0.3125 0.4326923076923077
0 0.43149038461538464 0.09254807692307693 0.1466346153846154 0.17067307692307693
0 0.34134615384615385 0.12259615384615384 0.1201923076923077 0.1971153846153846
0 0.31009615384615385 0.06971153846153846 0.0673076923076923 0.125
0 0.22596153846153846 0.125 0.1201923076923077 0.23076923076923078
0 0.11778846153846154 0.19951923076923078 0.08653846153846154 0.3798076923076923
0 0.12980769230769232 0.5072115384615384 0.15384615384615385 0.22596153846153846
0 0.2668269230769231 0.39302884615384615 0.25 0.39663461538461536
0 0.4206730769230769 0.7307692307692307 0.2548076923076923 0.3798076923076923
0 0.5697115384615384 0.8557692307692307 0.11057692307692307 0.13942307692307693
0 0.47716346153846156 0.9543269230769231 0.1658653846153846 0.09615384615384616
0 0.3557692307692308 0.9314903846153846 0.10576923076923077 0.13701923076923078
0 0.23677884615384615 0.7307692307692307 0.1658653846153846 0.3076923076923077
0 0.6899038461538461 0.5264423076923077 0.08653846153846154 0.12980769230769232
0 0.7596153846153846 0.5793269230769231 0.09134615384615384 0.14423076923076922
