0 0.5745192307692307 0.421875 0.7211538461538461 0.18509615384615385
0 0.3485576923076923 0.38221153846153844 0.6826923076923077 0.4326923076923077
0 0.5865384615384616 0.5733173076923077 0.46153846153846156 0.1466346153846154
0 0.6730769230769231 0.29927884615384615 0.22596153846153846 0.08413461538461539
0 0.1971153846153846 0.25240384615384615 0.375 0.14903846153846154
0 0.5336538461538461 0.7427884615384616 0.6778846153846154 0.5144230769230769
0 0.4567307692307692 0.6153846153846154 0.7403846153846154 0.24519230769230768
0 0.3629807692307692 0.7427884615384616 0.46153846153846156 0.3125
0 0.15745192307692307 0.7824519230769231 0.2956730769230769 0.43509615384615385
0 0.5348557692307693 0.7127403846153846 0.3918269230769231 0.22355769230769232
