0 0.1310096153846154 0.8004807692307693 0.24759615384615385 0.23557692307692307
0 0.37740384615384615 0.6670673076923077 0.2932692307692308 0.3245192307692308
0 0.1466346153846154 0.5697115384615384 0.27884615384615385 0.15865384615384615
0 0.5288461538461539 0.8245192307692307 0.28846153846153844 0.1971153846153846
0 0.9074519230769231 0.7668269230769231 0.18028846153846154 0.20192307692307693
0 0.6875 0.6346153846153846 0.2980769230769231 0.1346153846153846
0 0.8605769230769231 0.5048076923076923 0.27403846153846156 0.15384615384615385
0 0.5649038461538461 0.3798076923076923 0.20673076923076922 0.14903846153846154
4 0.7764423076923077 0.07932692307692307 0.3605769230769231 0.15384615384615385
2 0.6995192307692307 0.5973557692307693 0.40384615384615385 0.2620192307692308
2 0.8894230769230769 0.7427884615384616 0.21634615384615385 0.28365384615384615
2 0.5408653846153846 0.7740384615384616 0.40865384615384615 0.3173076923076923
2 0.8353365384615384 0.4579326923076923 0.3245192307692308 0.2620192307692308
2 0.9326923076923077 0.3581730769230769 0.12980769230769232 0.125
2 0.9435096153846154 0.2536057692307692 0.10817307692307693 0.1466346153846154
2 0.8004807692307693 0.24759615384615385 0.3557692307692308 0.15865384615384615
2 0.5600961538461539 0.3701923076923077 0.28846153846153844 0.20192307692307693
2 0.15625 0.4879807692307692 0.2932692307692308 0.3125
2 0.26802884615384615 0.36658653846153844 0.31490384615384615 0.18509615384615385
2 0.3317307692307692 0.28966346153846156 0.0625 0.12740384615384615
