0 0.6538461538461539 0.1778846153846154 0.2548076923076923 0.1346153846153846
0 0.43149038461538464 0.1971153846153846 0.2764423076923077 0.13942307692307693
0 0.7139423076923077 0.26322115384615385 0.3317307692307692 0.11298076923076923
0 0.3605769230769231 0.3798076923076923 0.4567307692307692 0.2403846153846154
0 0.7067307692307693 0.3798076923076923 0.3317307692307692 0.14903846153846154
0 0.7860576923076923 0.5048076923076923 0.07692307692307693 0.09134615384615384
0 0.8473557692307693 0.48677884615384615 0.10336538461538461 0.08413461538461539
0 0.8545673076923077 0.5733173076923077 0.10336538461538461 0.08413461538461539
0 0.8173076923076923 0.59375 0.08173076923076923 0.0625
0 0.640625 0.46875 0.31009615384615385 0.2980769230769231
0 0.7163461538461539 0.7283653846153846 0.2548076923076923 0.3269230769230769
0 0.5336538461538461 0.5084134615384616 0.22115384615384615 0.1466346153846154
0 0.45552884615384615 0.5504807692307693 0.19951923076923078 0.09134615384615384
0 0.5276442307692307 0.7560096153846154 0.15144230769230768 0.13221153846153846
0 0.46153846153846156 0.6322115384615384 0.2980769230769231 0.11538461538461539
0 0.43509615384615385 0.7920673076923077 0.4326923076923077 0.20432692307692307
0 0.14423076923076922 0.7415865384615384 0.28365384615384615 0.11298076923076923
0 0.43028846153846156 0.6826923076923077 0.4423076923076923 0.41346153846153844
