0 0.7716346153846154 0.42908653846153844 0.4567307692307692 0.44471153846153844
0 0.6466346153846154 0.5456730769230769 0.3076923076923077 0.5384615384615384
0 0.5096153846153846 0.6009615384615384 0.09615384615384616 0.16826923076923078
0 0.4182692307692308 0.4519230769230769 0.21153846153846154 0.5096153846153846
0 0.2956730769230769 0.4182692307692308 0.125 0.32211538461538464
0 0.23918269230769232 0.5516826923076923 0.17548076923076922 0.3245192307692308
5 0.8641826923076923 0.859375 0.27163461538461536 0.2860576923076923
5 0.890625 0.6298076923076923 0.21875 0.16826923076923078
5 0.8305288461538461 0.34975961538461536 0.3389423076923077 0.34375
5 0.625 0.1045673076923077 0.75 0.19951923076923078
5 0.3629807692307692 0.21634615384615385 0.2692307692307692 0.07211538461538461
5 0.16466346153846154 0.5817307692307693 0.17067307692307693 0.3798076923076923
5 0.1778846153846154 0.33653846153846156 0.1346153846153846 0.11057692307692307
5 0.35336538461538464 0.7367788461538461 0.2692307692307692 0.1466346153846154
5 0.4110576923076923 0.9038461538461539 0.8125 0.19230769230769232
5 0.5336538461538461 0.7427884615384616 0.15384615384615385 0.15865384615384615
5 0.8209134615384616 0.65625 0.10817307692307693 0.11538461538461539
5 0.7475961538461539 0.5721153846153846 0.07692307692307693 0.11057692307692307
5 0.07451923076923077 0.6153846153846154 0.1346153846153846 0.46634615384615385
5 0.2091346153846154 0.7860576923076923 0.14423076923076922 0.057692307692307696
5 0.25600961538461536 0.10576923076923077 0.3293269230769231 0.1971153846153846
5 0.15745192307692307 0.24519230769230768 0.17548076923076922 0.09615384615384616
5 0.12259615384615384 0.3125 0.16346153846153846 0.052884615384615384
5 0.06490384615384616 0.3605769230769231 0.09134615384615384 0.04326923076923077
