0 0.6418269230769231 0.6033653846153846 0.1201923076923077 0.16346153846153846
0 0.7463942307692307 0.6033653846153846 0.09375 0.17307692307692307
0 0.6875 0.7536057692307693 0.1201923076923077 0.17067307692307693
0 0.5709134615384616 0.7728365384615384 0.11298076923076923 0.17548076923076922
0 0.5216346153846154 0.6105769230769231 0.10576923076923077 0.15865384615384615
0 0.4651442307692308 0.43509615384615385 0.11298076923076923 0.15384615384615385
0 0.5661057692307693 0.3545673076923077 0.11298076923076923 0.12259615384615384
0 0.6514423076923077 0.4014423076923077 0.07211538461538461 0.11057692307692307
0 0.4230769230769231 0.59375 0.09615384615384616 0.16346153846153846
0 0.4495192307692308 0.7644230769230769 0.1201923076923077 0.15865384615384615
0 0.36538461538461536 0.5685096153846154 0.0625 0.11778846153846154
0 0.3076923076923077 0.7451923076923077 0.17307692307692307 0.20673076923076922
0 0.18509615384615385 0.5649038461538461 0.1778846153846154 0.21153846153846154
0 0.39663461538461536 0.3004807692307692 0.17307692307692307 0.15865384615384615
0 0.5600961538461539 0.17307692307692307 0.11057692307692307 0.15865384615384615
0 0.6586538461538461 0.13942307692307693 0.12980769230769232 0.20192307692307693
0 0.8064903846153846 0.31971153846153844 0.0985576923076923 0.15865384615384615
0 0.8894230769230769 0.25600961538461536 0.14423076923076922 0.18028846153846154
0 0.6971153846153846 0.3858173076923077 0.13942307692307693 0.23798076923076922
0 0.07572115384615384 0.7512019230769231 0.1466346153846154 0.23798076923076922
