0 0.4230769230769231 0.4987980769230769 0.75 0.9927884615384616
0 0.42908653846153844 0.6586538461538461 0.37259615384615385 0.6346153846153846
0 0.42788461538461536 0.1658653846153846 0.1778846153846154 0.32211538461538464
0 0.43028846153846156 0.2980769230769231 0.28846153846153844 0.25961538461538464
0 0.7596153846153846 0.5360576923076923 0.057692307692307696 0.17307692307692307
0 0.6995192307692307 0.7608173076923077 0.057692307692307696 0.10817307692307693
0 0.7764423076923077 0.8185096153846154 0.07211538461538461 0.18028846153846154
0 0.8125 0.5865384615384616 0.038461538461538464 0.12980769230769232
0 0.8269230769230769 0.25240384615384615 0.11057692307692307 0.3076923076923077
0 0.8966346153846154 0.038461538461538464 0.12980769230769232 0.07211538461538461
0 0.0625 0.27283653846153844 0.0625 0.07932692307692307
0 0.02283653846153846 0.10336538461538461 0.040865384615384616 0.20192307692307693
0 0.453125 0.8197115384615384 0.13221153846153846 0.2932692307692308
0 0.5600961538461539 0.7091346153846154 0.07692307692307693 0.1875
0 0.5865384615384616 0.5168269230769231 0.057692307692307696 0.2644230769230769
0 0.5456730769230769 0.43149038461538464 0.04807692307692308 0.10817307692307693
0 0.5216346153846154 0.5432692307692307 0.09134615384615384 0.12980769230769232
0 0.48197115384615385 0.43509615384615385 0.055288461538461536 0.08653846153846154
0 0.4543269230769231 0.5504807692307693 0.0673076923076923 0.1875
0 0.3894230769230769 0.40625 0.07692307692307693 0.17307692307692307
0 0.3629807692307692 0.5576923076923077 0.10096153846153846 0.3173076923076923
0 0.31490384615384615 0.6538461538461539 0.13942307692307693 0.35096153846153844
0 0.41586538461538464 0.18269230769230768 0.10096153846153846 0.27403846153846156
0 0.47836538461538464 0.08533653846153846 0.08653846153846154 0.1658653846153846
0 0.4963942307692308 0.31490384615384615 0.12740384615384615 0.27884615384615385
0 0.35336538461538464 0.25841346153846156 0.08173076923076923 0.1658653846153846
