0 0.9711538461538461 0.7896634615384616 0.057692307692307696 0.0985576923076923
0 0.9435096153846154 0.703125 0.0985576923076923 0.0985576923076923
0 0.9783653846153846 0.6141826923076923 0.038461538461538464 0.15144230769230768
0 0.9146634615384616 0.5540865384615384 0.10817307692307693 0.14182692307692307
0 0.9038461538461539 0.6694711538461539 0.09134615384615384 0.14182692307692307
0 0.8137019230769231 0.6706730769230769 0.13221153846153846 0.1201923076923077
0 0.7920673076923077 0.7680288461538461 0.10817307692307693 0.15144230769230768
0 0.8894230769230769 0.7908653846153846 0.10096153846153846 0.1201923076923077
0 0.9074519230769231 0.8497596153846154 0.08413461538461539 0.0889423076923077
0 0.8209134615384616 0.8798076923076923 0.07932692307692307 0.09134615384615384
0 0.7295673076923077 0.8497596153846154 0.12740384615384615 0.13221153846153846
0 0.71875 0.9254807692307693 0.11057692307692307 0.052884615384615384
0 0.6189903846153846 0.8990384615384616 0.11298076923076923 0.12980769230769232
0 0.515625 0.90625 0.10336538461538461 0.11538461538461539
0 0.4963942307692308 0.9663461538461539 0.0889423076923077 0.028846153846153848
0 0.5108173076923077 0.7740384615384616 0.0985576923076923 0.16346153846153846
0 0.5985576923076923 0.7848557692307693 0.09134615384615384 0.14182692307692307
0 0.5877403846153846 0.6887019230769231 0.0889423076923077 0.09375
0 0.6550480769230769 0.6225961538461539 0.0985576923076923 0.125
0 0.6887019230769231 0.7487980769230769 0.08413461538461539 0.11298076923076923
0 0.7175480769230769 0.6442307692307693 0.04567307692307692 0.09134615384615384
0 0.7007211538461539 0.5264423076923077 0.10817307692307693 0.15384615384615385
0 0.7608173076923077 0.5733173076923077 0.04567307692307692 0.11298076923076923
0 0.7896634615384616 0.5048076923076923 0.0985576923076923 0.12980769230769232
0 0.8100961538461539 0.5865384615384616 0.09615384615384616 0.0673076923076923
0 0.8473557692307693 0.45072115384615385 0.06971153846153846 0.14182692307692307
0 0.9038461538461539 0.4423076923076923 0.04326923076923077 0.09134615384615384
0 0.9627403846153846 0.45072115384615385 0.07451923076923077 0.15144230769230768
0 0.9002403846153846 0.35216346153846156 0.07451923076923077 0.0985576923076923
0 0.8545673076923077 0.2980769230769231 0.0985576923076923 0.17307692307692307
0 0.7728365384615384 0.3629807692307692 0.12740384615384615 0.1201923076923077
0 0.6862980769230769 0.4254807692307692 0.0889423076923077 0.08173076923076923
0 0.5985576923076923 0.46153846153846156 0.08653846153846154 0.12980769230769232
0 0.5661057692307693 0.4795673076923077 0.0889423076923077 0.0985576923076923
0 0.49278846153846156 0.5540865384615384 0.1201923076923077 0.13221153846153846
0 0.4963942307692308 0.6442307692307693 0.10817307692307693 0.125
0 0.42427884615384615 0.7644230769230769 0.0889423076923077 0.125
0 0.4170673076923077 0.8713942307692307 0.10336538461538461 0.10817307692307693
0 0.4098557692307692 0.9495192307692307 0.0889423076923077 0.07692307692307693
0 0.32211538461538464 0.9350961538461539 0.08173076923076923 0.08173076923076923
0 0.3425480769230769 0.8221153846153846 0.08413461538461539 0.15384615384615385
0 0.3737980769230769 0.6526442307692307 0.11778846153846154 0.18509615384615385
0 0.42427884615384615 0.5564903846153846 0.07451923076923077 0.12740384615384615
0 0.5048076923076923 0.4411057692307692 0.08653846153846154 0.0985576923076923
0 0.5336538461538461 0.3762019230769231 0.08173076923076923 0.11298076923076923
0 0.6201923076923077 0.33052884615384615 0.11057692307692307 0.14182692307692307
0 0.6899038461538461 0.35096153846153844 0.04326923076923077 0.08173076923076923
0 0.7115384615384616 0.2860576923076923 0.07211538461538461 0.0673076923076923
0 0.7115384615384616 0.20673076923076922 0.08653846153846154 0.09134615384615384
0 0.6382211538461539 0.23677884615384615 0.10336538461538461 0.0985576923076923
0 0.5420673076923077 0.22596153846153846 0.0985576923076923 0.1201923076923077
0 0.47836538461538464 0.1201923076923077 0.09134615384615384 0.11538461538461539
0 0.3329326923076923 0.21514423076923078 0.0889423076923077 0.13221153846153846
0 0.34975961538461536 0.26802884615384615 0.06971153846153846 0.06971153846153846
0 0.3293269230769231 0.3449519230769231 0.10576923076923077 0.10336538461538461
0 0.4387019230769231 0.3858173076923077 0.0985576923076923 0.14182692307692307
0 0.4483173076923077 0.2920673076923077 0.08413461538461539 0.0889423076923077
0 0.5204326923076923 0.31009615384615385 0.06971153846153846 0.07692307692307693
0 0.3401442307692308 0.46153846153846156 0.11298076923076923 0.16346153846153846
0 0.2608173076923077 0.45913461538461536 0.06490384615384616 0.07211538461538461
0 0.2800480769230769 0.5516826923076923 0.06490384615384616 0.13701923076923078
0 0.3293269230769231 0.6045673076923077 0.08173076923076923 0.14182692307692307
0 0.23557692307692307 0.39903846153846156 0.08173076923076923 0.125
0 0.15504807692307693 0.38341346153846156 0.0889423076923077 0.10336538461538461
0 0.18629807692307693 0.4735576923076923 0.08413461538461539 0.07692307692307693
0 0.21754807692307693 0.5901442307692307 0.10336538461538461 0.17067307692307693
0 0.25841346153846156 0.7151442307692307 0.0985576923076923 0.13701923076923078
0 0.24158653846153846 0.8245192307692307 0.11298076923076923 0.16826923076923078
0 0.13701923076923078 0.7211538461538461 0.10096153846153846 0.14903846153846154
0 0.12980769230769232 0.6418269230769231 0.07211538461538461 0.052884615384615384
0 0.11658653846153846 0.5552884615384616 0.0985576923076923 0.1201923076923077
0 0.10096153846153846 0.46634615384615385 0.08173076923076923 0.07692307692307693
0 0.056490384615384616 0.6538461538461539 0.09375 0.1201923076923077
0 0.13701923076923078 0.8521634615384616 0.09615384615384616 0.10336538461538461
0 0.1622596153846154 0.8930288461538461 0.0889423076923077 0.0889423076923077
0 0.24639423076923078 0.9254807692307693 0.07932692307692307 0.07692307692307693
0 0.05048076923076923 0.8088942307692307 0.09615384615384616 0.12740384615384615
0 0.040865384615384616 0.7512019230769231 0.07692307692307693 0.0985576923076923
0 0.5492788461538461 0.2247596153846154 0.0985576923076923 0.10336538461538461
