0 0.2512019230769231 0.5793269230769231 0.25721153846153844 0.32211538461538464
0 0.3581730769230769 0.6802884615384616 0.0673076923076923 0.057692307692307696
0 0.32572115384615385 0.7379807692307693 0.0985576923076923 0.057692307692307696
0 0.3954326923076923 0.6778846153846154 0.0985576923076923 0.1201923076923077
0 0.4014423076923077 0.6201923076923077 0.052884615384615384 0.07692307692307693
0 0.4326923076923077 0.5985576923076923 0.04807692307692308 0.04326923076923077
0 0.46153846153846156 0.6538461538461539 0.04326923076923077 0.11057692307692307
0 0.4495192307692308 0.7355769230769231 0.11538461538461539 0.07692307692307693
0 0.5192307692307693 0.7079326923076923 0.07211538461538461 0.05048076923076923
0 0.5096153846153846 0.6586538461538461 0.08173076923076923 0.07211538461538461
0 0.5192307692307693 0.6177884615384616 0.08173076923076923 0.028846153846153848
0 0.5228365384615384 0.5841346153846154 0.0985576923076923 0.08173076923076923
0 0.44471153846153844 0.5673076923076923 0.07692307692307693 0.057692307692307696
0 0.5492788461538461 0.5420673076923077 0.21875 0.08413461538461539
0 0.6225961538461539 0.6033653846153846 0.19230769230769232 0.13942307692307693
0 0.5865384615384616 0.6995192307692307 0.0673076923076923 0.04807692307692308
0 0.5769230769230769 0.6634615384615384 0.04326923076923077 0.038461538461538464
0 0.6129807692307693 0.6658653846153846 0.07211538461538461 0.057692307692307696
0 0.6730769230769231 0.6899038461538461 0.04807692307692308 0.028846153846153848
0 0.7487980769230769 0.6899038461538461 0.13701923076923078 0.13942307692307693
0 0.7427884615384616 0.5697115384615384 0.125 0.10096153846153846
0 0.8004807692307693 0.6466346153846154 0.1201923076923077 0.08653846153846154
0 0.8533653846153846 0.6057692307692307 0.125 0.09615384615384616
0 0.7019230769230769 0.7884615384615384 0.1201923076923077 0.08653846153846154
0 0.65625 0.7247596153846154 0.11538461538461539 0.08413461538461539
0 0.6009615384615384 0.765625 0.09134615384615384 0.08413461538461539
0 0.6730769230769231 0.8341346153846154 0.11538461538461539 0.0625
0 0.5793269230769231 0.8076923076923077 0.07211538461538461 0.038461538461538464
0 0.6310096153846154 0.8786057692307693 0.14182692307692307 0.0985576923076923
0 0.7848557692307693 0.9350961538461539 0.0985576923076923 0.057692307692307696
0 0.7644230769230769 0.8918269230769231 0.08173076923076923 0.038461538461538464
0 0.8413461538461539 0.8677884615384616 0.04807692307692308 0.02403846153846154
0 0.8461538461538461 0.8473557692307693 0.038461538461538464 0.016826923076923076
0 0.8557692307692307 0.8221153846153846 0.052884615384615384 0.03365384615384615
0 0.8509615384615384 0.7584134615384616 0.04326923076923077 0.021634615384615384
0 0.8605769230769231 0.7331730769230769 0.04326923076923077 0.028846153846153848
0 0.8822115384615384 0.6899038461538461 0.04326923076923077 0.028846153846153848
0 0.8918269230769231 0.6622596153846154 0.04807692307692308 0.021634615384615384
0 0.8040865384615384 0.8449519230769231 0.06009615384615385 0.040865384615384616
0 0.7620192307692307 0.8149038461538461 0.1201923076923077 0.1346153846153846
0 0.37740384615384615 0.5673076923076923 0.09134615384615384 0.07211538461538461
0 0.3605769230769231 0.49278846153846156 0.04807692307692308 0.07211538461538461
0 0.4206730769230769 0.44591346153846156 0.09134615384615384 0.17067307692307693
0 0.3581730769230769 0.42427884615384615 0.0673076923076923 0.06490384615384616
0 0.3701923076923077 0.27163461538461536 0.16346153846153846 0.22596153846153846
0 0.5637019230769231 0.14423076923076922 0.22355769230769232 0.14423076923076922
0 0.4735576923076923 0.27163461538461536 0.15384615384615385 0.15865384615384615
0 0.515625 0.4182692307692308 0.14182692307692307 0.11538461538461539
0 0.5168269230769231 0.4831730769230769 0.16346153846153846 0.04326923076923077
0 0.6538461538461539 0.4495192307692308 0.16346153846153846 0.15865384615384615
0 0.7451923076923077 0.5072115384615384 0.052884615384615384 0.03365384615384615
0 0.7307692307692307 0.46634615384615385 0.0673076923076923 0.038461538461538464
0 0.6778846153846154 0.43509615384615385 0.07211538461538461 0.04326923076923077
0 0.6418269230769231 0.4014423076923077 0.0673076923076923 0.052884615384615384
0 0.625 0.375 0.0673076923076923 0.02403846153846154
0 0.5985576923076923 0.35336538461538464 0.0673076923076923 0.03365384615384615
0 0.5528846153846154 0.34375 0.04807692307692308 0.0625
0 0.5865384615384616 0.32211538461538464 0.0673076923076923 0.03365384615384615
0 0.5721153846153846 0.2956730769230769 0.052884615384615384 0.03365384615384615
0 0.6538461538461539 0.3449519230769231 0.04326923076923077 0.021634615384615384
0 0.6394230769230769 0.31490384615384615 0.04807692307692308 0.038461538461538464
0 0.6105769230769231 0.28966346153846156 0.052884615384615384 0.036057692307692304
0 0.6009615384615384 0.25961538461538464 0.04807692307692308 0.02403846153846154
0 0.5793269230769231 0.23798076923076922 0.038461538461538464 0.02403846153846154
0 0.5576923076923077 0.2608173076923077 0.04807692307692308 0.05048076923076923
0 0.5721153846153846 0.21153846153846154 0.052884615384615384 0.038461538461538464
0 0.6105769230769231 0.1814903846153846 0.0673076923076923 0.036057692307692304
0 0.59375 0.15865384615384615 0.0673076923076923 0.028846153846153848
0 0.6826923076923077 0.32211538461538464 0.04807692307692308 0.03365384615384615
0 0.6442307692307693 0.26802884615384615 0.028846153846153848 0.036057692307692304
0 0.6418269230769231 0.21875 0.0673076923076923 0.0625
0 0.7103365384615384 0.18870192307692307 0.10336538461538461 0.06490384615384616
0 0.6826923076923077 0.1466346153846154 0.11538461538461539 0.0673076923076923
0 0.7788461538461539 0.1346153846153846 0.11057692307692307 0.04326923076923077
0 0.8509615384615384 0.11658653846153846 0.052884615384615384 0.036057692307692304
0 0.8425480769230769 0.09014423076923077 0.06009615384615385 0.036057692307692304
0 0.7716346153846154 0.08774038461538461 0.09134615384615384 0.06490384615384616
0 0.8317307692307693 0.04927884615384615 0.04807692307692308 0.036057692307692304
0 0.7403846153846154 0.055288461538461536 0.08653846153846154 0.052884615384615384
0 0.7163461538461539 0.09615384615384616 0.07211538461538461 0.04807692307692308
0 0.5120192307692307 0.296875 0.0673076923076923 0.036057692307692304
0 0.53125 0.24278846153846154 0.04807692307692308 0.04326923076923077
0 0.5024038461538461 0.21153846153846154 0.04807692307692308 0.038461538461538464
0 0.4567307692307692 0.3076923076923077 0.04326923076923077 0.038461538461538464
0 0.4375 0.28125 0.04807692307692308 0.02403846153846154
0 0.4483173076923077 0.25721153846153844 0.06009615384615385 0.028846153846153848
0 0.46153846153846156 0.23197115384615385 0.03365384615384615 0.021634615384615384
0 0.41586538461538464 0.3088942307692308 0.028846153846153848 0.021634615384615384
0 0.4423076923076923 0.33774038461538464 0.04807692307692308 0.021634615384615384
0 0.8028846153846154 0.17307692307692307 0.09134615384615384 0.0673076923076923
0 0.8629807692307693 0.16826923076923078 0.04807692307692308 0.04807692307692308
0 0.8858173076923077 0.1971153846153846 0.06009615384615385 0.038461538461538464
0 0.84375 0.22596153846153846 0.12980769230769232 0.07692307692307693
0 0.7367788461538461 0.23317307692307693 0.10336538461538461 0.07692307692307693
0 0.6370192307692307 0.21754807692307693 0.0673076923076923 0.06490384615384616
0 0.7079326923076923 0.2764423076923077 0.0985576923076923 0.07211538461538461
0 0.7439903846153846 0.31490384615384615 0.10336538461538461 0.0625
0 0.8545673076923077 0.3004807692307692 0.14182692307692307 0.08173076923076923
0 0.7920673076923077 0.3485576923076923 0.10336538461538461 0.07211538461538461
0 0.7139423076923077 0.375 0.11057692307692307 0.0625
0 0.7572115384615384 0.4110576923076923 0.08653846153846154 0.052884615384615384
0 0.8858173076923077 0.3641826923076923 0.10336538461538461 0.06490384615384616
0 0.8293269230769231 0.5120192307692307 0.0673076923076923 0.125
0 0.8293269230769231 0.4951923076923077 0.1201923076923077 0.10576923076923077
0 0.8052884615384616 0.5108173076923077 0.03365384615384615 0.11298076923076923
0 0.8004807692307693 0.4110576923076923 0.04326923076923077 0.0673076923076923
0 0.84375 0.4254807692307692 0.052884615384615384 0.04326923076923077
0 0.8774038461538461 0.42788461538461536 0.03365384615384615 0.04326923076923077
0 0.9110576923076923 0.47836538461538464 0.03365384615384615 0.14903846153846154
