0 0.7307692307692307 0.6334134615384616 0.11538461538461539 0.21394230769230768
0 0.5949519230769231 0.578125 0.15625 0.16105769230769232
0 0.46634615384615385 0.5576923076923077 0.10096153846153846 0.25
0 0.44471153846153844 0.6634615384615384 0.0625 0.20192307692307693
0 0.5456730769230769 0.7620192307692307 0.1346153846153846 0.20673076923076922
0 0.34134615384615385 0.5480769230769231 0.11538461538461539 0.17307692307692307
0 0.3581730769230769 0.4014423076923077 0.04326923076923077 0.14423076923076922
0 0.30528846153846156 0.3870192307692308 0.08173076923076923 0.24519230769230768
0 0.0985576923076923 0.11658653846153846 0.07692307692307693 0.21394230769230768
0 0.04807692307692308 0.15745192307692307 0.08173076923076923 0.21394230769230768
0 0.05048076923076923 0.2956730769230769 0.09134615384615384 0.15384615384615385
0 0.1971153846153846 0.4855769230769231 0.21153846153846154 0.22596153846153846
0 0.3786057692307692 0.4855769230769231 0.7427884615384616 0.9519230769230769
0 0.47716346153846156 0.4543269230769231 0.7572115384615384 0.8942307692307693
0 0.6213942307692307 0.40384615384615385 0.7572115384615384 0.7932692307692307
