0 0.8665865384615384 0.7319711538461539 0.2620192307692308 0.08413461538461539
0 0.8052884615384616 0.7668269230769231 0.25 0.11538461538461539
0 0.6201923076923077 0.71875 0.04326923076923077 0.03365384615384615
0 0.6538461538461539 0.6899038461538461 0.052884615384615384 0.028846153846153848
0 0.6586538461538461 0.6646634615384616 0.04326923076923077 0.036057692307692304
0 0.5985576923076923 0.6802884615384616 0.052884615384615384 0.04807692307692308
0 0.6165865384615384 0.6430288461538461 0.06009615384615385 0.036057692307692304
0 0.6610576923076923 0.6237980769230769 0.038461538461538464 0.036057692307692304
0 0.5576923076923077 0.6478365384615384 0.07211538461538461 0.036057692307692304
0 0.5384615384615384 0.6682692307692307 0.052884615384615384 0.028846153846153848
0 0.5697115384615384 0.6201923076923077 0.04807692307692308 0.02403846153846154
0 0.6201923076923077 0.6057692307692307 0.0673076923076923 0.03365384615384615
0 0.5745192307692307 0.5925480769230769 0.04807692307692308 0.036057692307692304
0 0.49158653846153844 0.6346153846153846 0.06009615384615385 0.03365384615384615
0 0.5168269230769231 0.5985576923076923 0.0673076923076923 0.04326923076923077
0 0.4543269230769231 0.6057692307692307 0.07211538461538461 0.038461538461538464
0 0.4699519230769231 0.5528846153846154 0.06009615384615385 0.057692307692307696
0 0.5240384615384616 0.5552884615384616 0.04807692307692308 0.04326923076923077
0 0.43028846153846156 0.5673076923076923 0.052884615384615384 0.04326923076923077
0 0.5901442307692307 0.5733173076923077 0.10336538461538461 0.06490384615384616
0 0.609375 0.5588942307692307 0.0985576923076923 0.06490384615384616
0 0.6346153846153846 0.5600961538461539 0.08173076923076923 0.08173076923076923
0 0.7716346153846154 0.5697115384615384 0.27884615384615385 0.09615384615384616
0 0.7956730769230769 0.5216346153846154 0.0673076923076923 0.09134615384615384
0 0.9038461538461539 0.5480769230769231 0.16346153846153846 0.08653846153846154
0 0.8774038461538461 0.5024038461538461 0.052884615384615384 0.02403846153846154
0 0.9759615384615384 0.4735576923076923 0.04326923076923077 0.038461538461538464
0 0.9783653846153846 0.4423076923076923 0.038461538461538464 0.04807692307692308
0 0.9867788461538461 0.4014423076923077 0.021634615384615384 0.02403846153846154
0 0.9302884615384616 0.44711538461538464 0.04807692307692308 0.014423076923076924
0 0.9326923076923077 0.4254807692307692 0.052884615384615384 0.019230769230769232
0 0.9591346153846154 0.4110576923076923 0.0673076923076923 0.02403846153846154
0 0.6586538461538461 0.4387019230769231 0.25 0.11298076923076923
0 0.859375 0.4519230769230769 0.18028846153846154 0.03365384615384615
0 0.875 0.41586538461538464 0.08173076923076923 0.02403846153846154
0 0.7836538461538461 0.4254807692307692 0.0673076923076923 0.019230769230769232
0 0.7872596153846154 0.4014423076923077 0.06009615384615385 0.02403846153846154
0 0.9350961538461539 0.36658653846153844 0.125 0.06490384615384616
0 0.8317307692307693 0.35096153846153844 0.125 0.057692307692307696
0 0.7487980769230769 0.33413461538461536 0.13701923076923078 0.04326923076923077
0 0.6971153846153846 0.2776442307692308 0.1875 0.0985576923076923
0 0.8112980769230769 0.24759615384615385 0.0985576923076923 0.04807692307692308
0 0.8088942307692307 0.28725961538461536 0.06009615384615385 0.036057692307692304
0 0.8629807692307693 0.296875 0.07211538461538461 0.036057692307692304
0 0.9375 0.28365384615384615 0.0673076923076923 0.04326923076923077
0 0.9350961538461539 0.3125 0.07211538461538461 0.028846153846153848
0 0.9831730769230769 0.30288461538461536 0.028846153846153848 0.0625
0 0.9759615384615384 0.2608173076923077 0.04326923076923077 0.05048076923076923
0 0.9326923076923077 0.24519230769230768 0.07692307692307693 0.03365384615384615
0 0.8918269230769231 0.2692307692307692 0.09134615384615384 0.028846153846153848
0 0.8653846153846154 0.22596153846153846 0.08653846153846154 0.04326923076923077
0 0.9459134615384616 0.19831730769230768 0.10336538461538461 0.08413461538461539
0 0.6850961538461539 0.1778846153846154 0.3942307692307692 0.11538461538461539
0 0.9519230769230769 0.07211538461538461 0.09134615384615384 0.12980769230769232
0 0.7896634615384616 0.07091346153846154 0.21875 0.12740384615384615
0 0.5817307692307693 0.078125 0.23076923076923078 0.14182692307692307
0 0.39903846153846156 0.21394230769230768 0.24519230769230768 0.13942307692307693
0 0.14423076923076922 0.21394230769230768 0.28365384615384615 0.15865384615384615
0 0.23798076923076922 0.07692307692307693 0.47115384615384615 0.14423076923076922
0 0.18629807692307693 0.6730769230769231 0.22355769230769232 0.03365384615384615
0 0.22355769230769232 0.6418269230769231 0.28846153846153844 0.04326923076923077
0 0.21514423076923078 0.6298076923076923 0.2956730769230769 0.04807692307692308
0 0.22596153846153846 0.6057692307692307 0.3076923076923077 0.052884615384615384
0 0.38461538461538464 0.6165865384615384 0.0673076923076923 0.021634615384615384
0 0.23557692307692307 0.3004807692307692 0.11538461538461539 0.038461538461538464
0 0.2608173076923077 0.2692307692307692 0.0985576923076923 0.04326923076923077
0 0.21634615384615385 0.3233173076923077 0.08653846153846154 0.036057692307692304
0 0.1201923076923077 0.33413461538461536 0.09134615384615384 0.04326923076923077
0 0.13221153846153846 0.30528846153846156 0.08173076923076923 0.04326923076923077
0 0.036057692307692304 0.3173076923076923 0.0673076923076923 0.04326923076923077
0 0.040865384615384616 0.28125 0.0673076923076923 0.052884615384615384
0 0.04326923076923077 0.3557692307692308 0.08173076923076923 0.057692307692307696
0 0.13942307692307693 0.37740384615384615 0.11057692307692307 0.07211538461538461
0 0.06009615384615385 0.4110576923076923 0.08173076923076923 0.052884615384615384
0 0.08653846153846154 0.4567307692307692 0.15865384615384615 0.09134615384615384
0 0.37740384615384615 0.4651442307692308 0.15865384615384615 0.05048076923076923
0 0.4182692307692308 0.46033653846153844 0.15384615384615385 0.05048076923076923
0 0.41586538461538464 0.3473557692307692 0.15865384615384615 0.05048076923076923
0 0.46153846153846156 0.3245192307692308 0.15384615384615385 0.03365384615384615
0 0.44471153846153844 0.39302884615384615 0.1201923076923077 0.05048076923076923
0 0.38461538461538464 0.5 0.2403846153846154 0.07692307692307693
0 0.25721153846153844 0.40865384615384615 0.125 0.09134615384615384
0 0.23197115384615385 0.4206730769230769 0.0985576923076923 0.07211538461538461
0 0.21514423076923078 0.44350961538461536 0.0985576923076923 0.06490384615384616
0 0.21995192307692307 0.453125 0.13701923076923078 0.05048076923076923
0 0.31490384615384615 0.3894230769230769 0.16346153846153846 0.11057692307692307
0 0.25961538461538464 0.4891826923076923 0.07692307692307693 0.036057692307692304
0 0.31971153846153844 0.5240384615384616 0.0673076923076923 0.04326923076923077
0 0.2548076923076923 0.5384615384615384 0.07692307692307693 0.04326923076923077
0 0.19951923076923078 0.5528846153846154 0.052884615384615384 0.04326923076923077
0 0.203125 0.5072115384615384 0.06009615384615385 0.04807692307692308
0 0.10336538461538461 0.5336538461538461 0.16826923076923078 0.08653846153846154
0 0.27403846153846156 0.5841346153846154 0.07211538461538461 0.03365384615384615
0 0.20432692307692307 0.5793269230769231 0.04326923076923077 0.02403846153846154
0 0.1658653846153846 0.5949519230769231 0.0673076923076923 0.021634615384615384
0 0.11057692307692307 0.5913461538461539 0.07211538461538461 0.028846153846153848
0 0.34375 0.5576923076923077 0.04807692307692308 0.03365384615384615
