0 0.9170673076923077 0.7019230769230769 0.16105769230769232 0.28365384615384615
0 0.8377403846153846 0.8305288461538461 0.1466346153846154 0.17067307692307693
0 0.90625 0.9350961538461539 0.11538461538461539 0.125
0 0.78125 0.9302884615384616 0.1346153846153846 0.1346153846153846
0 0.65625 0.9170673076923077 0.1201923076923077 0.16105769230769232
0 0.7223557692307693 0.8317307692307693 0.10336538461538461 0.1346153846153846
0 0.7536057692307693 0.6598557692307693 0.15144230769230768 0.23317307692307693
0 0.8293269230769231 0.5036057692307693 0.15384615384615385 0.24759615384615385
0 0.9459134615384616 0.49759615384615385 0.10817307692307693 0.1346153846153846
0 0.9014423076923077 0.4026442307692308 0.16826923076923078 0.17067307692307693
0 0.8112980769230769 0.23798076923076922 0.15144230769230768 0.3557692307692308
0 0.8822115384615384 0.18870192307692307 0.13942307692307693 0.24759615384615385
0 0.9555288461538461 0.2091346153846154 0.08413461538461539 0.23557692307692307
0 0.7331730769230769 0.25 0.15384615384615385 0.23557692307692307
0 0.7415865384615384 0.06490384615384616 0.15625 0.125
0 0.6394230769230769 0.07692307692307693 0.08653846153846154 0.07692307692307693
0 0.6490384615384616 0.1875 0.09615384615384616 0.16346153846153846
0 0.5600961538461539 0.2608173076923077 0.13942307692307693 0.11298076923076923
0 0.6274038461538461 0.4050480769230769 0.20192307692307693 0.23798076923076922
0 0.6646634615384616 0.6189903846153846 0.2283653846153846 0.45913461538461536
0 0.546875 0.7307692307692307 0.12259615384615384 0.21634615384615385
0 0.5084134615384616 0.9050480769230769 0.19951923076923078 0.18509615384615385
0 0.4074519230769231 0.7788461538461539 0.22355769230769232 0.3557692307692308
0 0.3173076923076923 0.9098557692307693 0.14423076923076922 0.17548076923076922
0 0.39302884615384615 0.9639423076923077 0.06971153846153846 0.0673076923076923
0 0.21634615384615385 0.7884615384615384 0.1201923076923077 0.1201923076923077
0 0.14543269230769232 0.8473557692307693 0.2860576923076923 0.2668269230769231
0 0.44471153846153844 0.5697115384615384 0.15865384615384615 0.1971153846153846
0 0.29447115384615385 0.6947115384615384 0.17548076923076922 0.27884615384615385
0 0.32572115384615385 0.4050480769230769 0.30528846153846156 0.4014423076923077
0 0.4735576923076923 0.35697115384615385 0.09134615384615384 0.24278846153846154
0 0.5336538461538461 0.11778846153846154 0.14903846153846154 0.19230769230769232
0 0.515625 0.020432692307692308 0.17067307692307693 0.036057692307692304
0 0.3557692307692308 0.11658653846153846 0.23076923076923078 0.2283653846153846
0 0.24158653846153846 0.28966346153846156 0.17067307692307693 0.25240384615384615
0 0.13341346153846154 0.2920673076923077 0.08413461538461539 0.10336538461538461
0 0.14182692307692307 0.12379807692307693 0.20673076923076922 0.24278846153846154
0 0.030048076923076924 0.04927884615384615 0.055288461538461536 0.09375
0 0.046875 0.1935096153846154 0.0889423076923077 0.15625
0 0.09014423076923077 0.43028846153846156 0.17548076923076922 0.32211538461538464
0 0.109375 0.6622596153846154 0.21394230769230768 0.21875
0 0.036057692307692304 0.7512019230769231 0.0673076923076923 0.29086538461538464
