0 0.08173076923076923 0.23918269230769232 0.15865384615384615 0.0889423076923077
0 0.1141826923076923 0.3112980769230769 0.17548076923076922 0.06490384615384616
0 0.17427884615384615 0.3870192307692308 0.2091346153846154 0.09615384615384616
0 0.22235576923076922 0.49399038461538464 0.18990384615384615 0.08413461538461539
0 0.2620192307692308 0.5444711538461539 0.15865384615384615 0.06490384615384616
0 0.2980769230769231 0.6129807692307693 0.15865384615384615 0.07211538461538461
0 0.328125 0.6682692307692307 0.1658653846153846 0.07211538461538461
0 0.35096153846153844 0.7163461538461539 0.13942307692307693 0.04807692307692308
0 0.41947115384615385 0.7704326923076923 0.17548076923076922 0.10817307692307693
0 0.4387019230769231 0.8233173076923077 0.17548076923076922 0.08413461538461539
0 0.45913461538461536 0.8677884615384616 0.15865384615384615 0.09134615384615384
0 0.4855769230769231 0.8978365384615384 0.14903846153846154 0.10336538461538461
0 0.5228365384615384 0.9435096153846154 0.1658653846153846 0.10817307692307693
0 0.24879807692307693 0.2668269230769231 0.12259615384615384 0.09615384615384616
0 0.2956730769230769 0.3329326923076923 0.1346153846153846 0.08413461538461539
0 0.33533653846153844 0.3942307692307692 0.14182692307692307 0.0673076923076923
0 0.3798076923076923 0.484375 0.14903846153846154 0.0889423076923077
0 0.4266826923076923 0.5420673076923077 0.1466346153846154 0.08413461538461539
0 0.4543269230769231 0.5985576923076923 0.13942307692307693 0.09134615384615384
0 0.45072115384615385 0.6382211538461539 0.10336538461538461 0.08413461538461539
0 0.5144230769230769 0.7115384615384616 0.12980769230769232 0.10096153846153846
0 0.5817307692307693 0.78125 0.1201923076923077 0.09615384615384616
0 0.609375 0.8353365384615384 0.13221153846153846 0.08413461538461539
0 0.5997596153846154 0.8942307692307693 0.06009615384615385 0.07211538461538461
0 0.013221153846153846 0.3401442307692308 0.021634615384615384 0.06971153846153846
0 0.030048076923076924 0.3798076923076923 0.03125 0.04807692307692308
0 0.009615384615384616 0.38822115384615385 0.014423076923076924 0.055288461538461536
0 0.06129807692307692 0.4230769230769231 0.036057692307692304 0.04807692307692308
0 0.042067307692307696 0.4362980769230769 0.036057692307692304 0.040865384615384616
0 0.013221153846153846 0.43990384615384615 0.021634615384615384 0.038461538461538464
0 0.1045673076923077 0.5084134615384616 0.026442307692307692 0.055288461538461536
0 0.0829326923076923 0.4963942307692308 0.03125 0.055288461538461536
0 0.056490384615384616 0.5144230769230769 0.03125 0.052884615384615384
0 0.02403846153846154 0.5108173076923077 0.03365384615384615 0.06009615384615385
0 0.019230769230769232 0.5564903846153846 0.019230769230769232 0.040865384615384616
0 0.037259615384615384 0.5901442307692307 0.03125 0.06009615384615385
0 0.015625 0.6045673076923077 0.026442307692307692 0.055288461538461536
0 0.06610576923076923 0.5709134615384616 0.026442307692307692 0.06009615384615385
0 0.13701923076923078 0.5540865384615384 0.02403846153846154 0.036057692307692304
0 0.028846153846153848 0.8377403846153846 0.04807692307692308 0.07932692307692307
0 0.009615384615384616 0.7872596153846154 0.014423076923076924 0.06009615384615385
0 0.009615384615384616 0.859375 0.014423076923076924 0.06009615384615385
0 0.07692307692307693 0.9663461538461539 0.04326923076923077 0.0
0 0.05048076923076923 0.9579326923076923 0.057692307692307696 0.07932692307692307
0 0.015625 0.9735576923076923 0.026442307692307692 0.04807692307692308
0 0.0985576923076923 0.9795673076923077 0.03365384615384615 0.036057692307692304
0 0.12139423076923077 0.8978365384615384 0.04567307692307692 0.07932692307692307
0 0.17548076923076922 0.9074519230769231 0.052884615384615384 0.08413461538461539
0 0.21394230769230768 0.9098557692307693 0.038461538461538464 0.06490384615384616
0 0.22115384615384615 0.8413461538461539 0.04807692307692308 0.07211538461538461
0 0.2800480769230769 0.8076923076923077 0.036057692307692304 0.0673076923076923
0 0.30528846153846156 0.8173076923076923 0.02403846153846154 0.04807692307692308
0 0.25961538461538464 0.859375 0.028846153846153848 0.06009615384615385
0 0.28846153846153844 0.8737980769230769 0.02403846153846154 0.06490384615384616
0 0.3112980769230769 0.8641826923076923 0.026442307692307692 0.06009615384615385
0 0.25721153846153844 0.8978365384615384 0.04326923076923077 0.055288461538461536
0 0.22115384615384615 0.9675480769230769 0.03365384615384615 0.06009615384615385
0 0.19230769230769232 0.9699519230769231 0.04326923076923077 0.055288461538461536
0 0.16105769230769232 0.9675480769230769 0.03365384615384615 0.06009615384615385
0 0.26322115384615385 0.9639423076923077 0.036057692307692304 0.0673076923076923
0 0.29927884615384615 0.9675480769230769 0.036057692307692304 0.06009615384615385
0 0.296875 0.9194711538461539 0.036057692307692304 0.06009615384615385
0 0.32211538461538464 0.90625 0.02403846153846154 0.04807692307692308
0 0.35216346153846156 0.9098557692307693 0.03125 0.06490384615384616
0 0.3786057692307692 0.9242788461538461 0.021634615384615384 0.06009615384615385
0 0.4074519230769231 0.9759615384615384 0.026442307692307692 0.04326923076923077
0 0.38100961538461536 0.9735576923076923 0.021634615384615384 0.04807692307692308
0 0.34375 0.9675480769230769 0.052884615384615384 0.06009615384615385
0 0.14903846153846154 0.6069711538461539 0.03365384615384615 0.06009615384615385
0 0.11658653846153846 0.6009615384615384 0.03125 0.04807692307692308
0 0.10336538461538461 0.5540865384615384 0.04326923076923077 0.036057692307692304
0 0.09615384615384616 0.6466346153846154 0.03365384615384615 0.0673076923076923
0 0.1310096153846154 0.6646634615384616 0.040865384615384616 0.06490384615384616
0 0.18269230769230768 0.6310096153846154 0.052884615384615384 0.06009615384615385
0 0.04567307692307692 0.6526442307692307 0.052884615384615384 0.06490384615384616
0 0.07572115384615384 0.6911057692307693 0.040865384615384616 0.06009615384615385
0 0.026442307692307692 0.6862980769230769 0.04807692307692308 0.0985576923076923
0 0.05889423076923077 0.734375 0.04567307692307692 0.08413461538461539
0 0.1045673076923077 0.7475961538461539 0.04567307692307692 0.0673076923076923
0 0.12620192307692307 0.7223557692307693 0.036057692307692304 0.08413461538461539
0 0.15745192307692307 0.7175480769230769 0.026442307692307692 0.055288461538461536
0 0.1875 0.6995192307692307 0.04807692307692308 0.07692307692307693
0 0.23798076923076922 0.7355769230769231 0.04807692307692308 0.0673076923076923
0 0.21875 0.6935096153846154 0.03365384615384615 0.06490384615384616
0 0.19110576923076922 0.7644230769230769 0.04567307692307692 0.07211538461538461
0 0.15144230769230768 0.78125 0.052884615384615384 0.07211538461538461
0 0.10817307692307693 0.7896634615384616 0.052884615384615384 0.06490384615384616
0 0.06971153846153846 0.8052884615384616 0.04326923076923077 0.07211538461538461
0 0.3581730769230769 0.29927884615384615 0.10096153846153846 0.10336538461538461
0 0.4206730769230769 0.36778846153846156 0.13942307692307693 0.1201923076923077
0 0.4795673076923077 0.47716346153846156 0.0985576923076923 0.08413461538461539
0 0.5240384615384616 0.5240384615384616 0.12980769230769232 0.09615384615384616
0 0.5552884615384616 0.5865384615384616 0.11538461538461539 0.07692307692307693
0 0.5949519230769231 0.6586538461538461 0.12259615384615384 0.07692307692307693
0 0.6394230769230769 0.7211538461538461 0.10096153846153846 0.09615384615384616
0 0.6646634615384616 0.7776442307692307 0.07451923076923077 0.11298076923076923
0 0.47115384615384615 0.3173076923076923 0.11057692307692307 0.09134615384615384
0 0.5228365384615384 0.3858173076923077 0.11298076923076923 0.08413461538461539
0 0.5865384615384616 0.5024038461538461 0.10096153846153846 0.07692307692307693
0 0.6394230769230769 0.5504807692307693 0.11057692307692307 0.0673076923076923
0 0.6790865384615384 0.6346153846153846 0.10817307692307693 0.07692307692307693
0 0.7355769230769231 0.6995192307692307 0.10096153846153846 0.11538461538461539
0 0.7512019230769231 0.7692307692307693 0.07932692307692307 0.1201923076923077
0 0.5949519230769231 0.3173076923076923 0.11298076923076923 0.09134615384615384
0 0.6286057692307693 0.3701923076923077 0.0985576923076923 0.0673076923076923
0 0.6598557692307693 0.42427884615384615 0.0889423076923077 0.07932692307692307
0 0.6995192307692307 0.48197115384615385 0.08173076923076923 0.08413461538461539
0 0.7355769230769231 0.5408653846153846 0.07692307692307693 0.09615384615384616
0 0.7680288461538461 0.5985576923076923 0.06009615384615385 0.07692307692307693
0 0.8052884615384616 0.6490384615384616 0.057692307692307696 0.09615384615384616
0 0.6682692307692307 0.33533653846153844 0.03365384615384615 0.055288461538461536
0 0.6911057692307693 0.3701923076923077 0.040865384615384616 0.0673076923076923
0 0.7223557692307693 0.42908653846153844 0.05048076923076923 0.08413461538461539
0 0.7560096153846154 0.47836538461538464 0.055288461538461536 0.07692307692307693
0 0.796875 0.5360576923076923 0.040865384615384616 0.07211538461538461
0 0.8329326923076923 0.5805288461538461 0.06009615384615385 0.10336538461538461
0 0.7560096153846154 0.35697115384615385 0.055288461538461536 0.08413461538461539
0 0.8004807692307693 0.41586538461538464 0.0625 0.07211538461538461
0 0.84375 0.4891826923076923 0.08653846153846154 0.15625
0 0.8293269230769231 0.39783653846153844 0.04326923076923077 0.06009615384615385
0 0.8834134615384616 0.4639423076923077 0.07451923076923077 0.09615384615384616
0 0.9050480769230769 0.5300480769230769 0.03125 0.06009615384615385
0 0.9855769230769231 0.36177884615384615 0.019230769230769232 0.036057692307692304
0 0.9543269230769231 0.38221153846153844 0.03365384615384615 0.0673076923076923
0 0.9879807692307693 0.421875 0.02403846153846154 0.06009615384615385
0 0.8918269230769231 0.36177884615384615 0.04326923076923077 0.06009615384615385
0 0.9230769230769231 0.4182692307692308 0.04326923076923077 0.0673076923076923
0 0.9663461538461539 0.4699519230769231 0.03365384615384615 0.06009615384615385
0 0.9375 0.484375 0.04807692307692308 0.06490384615384616
0 0.8966346153846154 0.5120192307692307 0.03365384615384615 0.09615384615384616
0 0.8653846153846154 0.4543269230769231 0.028846153846153848 0.052884615384615384
