4 0.6346153846153846 0.29086538461538464 0.23557692307692307 0.3125
4 0.7067307692307693 0.41586538461538464 0.3125 0.25
4 0.671875 0.09735576923076923 0.24278846153846154 0.14182692307692307
4 0.8305288461538461 0.20673076923076922 0.15625 0.3125
4 0.9026442307692307 0.35336538461538464 0.09375 0.4519230769230769
4 0.25721153846153844 0.328125 0.10096153846153846 0.49278846153846156
4 0.33413461538461536 0.2800480769230769 0.10096153846153846 0.5072115384615384
4 0.4206730769230769 0.1466346153846154 0.14903846153846154 0.27403846153846156
4 0.42788461538461536 0.3858173076923077 0.08653846153846154 0.21875
4 0.4795673076923077 0.4254807692307692 0.15625 0.2644230769230769
4 0.1971153846153846 0.42788461538461536 0.17307692307692307 0.28846153846153844
4 0.23798076923076922 0.17427884615384615 0.17307692307692307 0.20432692307692307
4 0.12379807692307693 0.09014423076923077 0.06971153846153846 0.15625
4 0.0625 0.15144230769230768 0.11538461538461539 0.28365384615384615
4 0.0625 0.28846153846153844 0.10096153846153846 0.14903846153846154
4 0.046875 0.40865384615384615 0.08413461538461539 0.3317307692307692
4 0.038461538461538464 0.6923076923076923 0.0673076923076923 0.24519230769230768
4 0.09735576923076923 0.6526442307692307 0.14182692307692307 0.15625
4 0.5024038461538461 0.6586538461538461 0.6875 0.25
4 0.8978365384615384 0.6742788461538461 0.19471153846153846 0.40625
4 0.34375 0.8882211538461539 0.1201923076923077 0.22355769230769232
4 0.4651442307692308 0.8954326923076923 0.14182692307692307 0.2091346153846154
4 0.5733173076923077 0.8954326923076923 0.12740384615384615 0.2091346153846154
4 0.6790865384615384 0.8918269230769231 0.10336538461538461 0.21634615384615385
4 0.7848557692307693 0.8918269230769231 0.12740384615384615 0.21634615384615385
4 0.9158653846153846 0.9074519230769231 0.15865384615384615 0.18509615384615385
4 0.23076923076923078 0.8677884615384616 0.12980769230769232 0.2644230769230769
4 0.1622596153846154 0.8605769230769231 0.15144230769230768 0.27884615384615385
4 0.06850961538461539 0.8665865384615384 0.12740384615384615 0.2668269230769231
4 0.5012019230769231 0.5036057692307693 0.9927884615384616 0.9927884615384616
