4 0.9555288461538461 0.9242788461538461 0.07932692307692307 0.14182692307692307
4 0.828125 0.8353365384615384 0.18028846153846154 0.31971153846153844
4 0.9362980769230769 0.7596153846153846 0.11778846153846154 0.1875
4 0.9242788461538461 0.515625 0.14182692307692307 0.31971153846153844
4 0.8978365384615384 0.30408653846153844 0.19471153846153846 0.24278846153846154
4 0.9014423076923077 0.13942307692307693 0.1875 0.21153846153846154
4 0.8978365384615384 0.3737980769230769 0.19471153846153846 0.25721153846153844
4 0.9050480769230769 0.04567307692307692 0.18028846153846154 0.08653846153846154
4 0.78125 0.6935096153846154 0.14903846153846154 0.18028846153846154
4 0.8028846153846154 0.5276442307692307 0.10096153846153846 0.15625
4 0.703125 0.4519230769230769 0.18028846153846154 0.28846153846153844
4 0.7151442307692307 0.234375 0.15625 0.24278846153846154
4 0.6935096153846154 0.04567307692307692 0.18028846153846154 0.08653846153846154
4 0.8076923076923077 0.09615384615384616 0.07692307692307693 0.1875
4 0.6274038461538461 0.14302884615384615 0.13942307692307693 0.15625
4 0.6430288461538461 0.2644230769230769 0.15625 0.35096153846153844
4 0.6430288461538461 0.5997596153846154 0.20432692307692307 0.30528846153846156
4 0.6081730769230769 0.8125 0.14903846153846154 0.35096153846153844
4 0.6658653846153846 0.9014423076923077 0.20192307692307693 0.1875
4 0.5456730769230769 0.9290865384615384 0.08653846153846154 0.13221153846153846
4 0.45552884615384615 0.7644230769230769 0.20432692307692307 0.33653846153846156
4 0.5336538461538461 0.6213942307692307 0.17307692307692307 0.21875
4 0.5336538461538461 0.4050480769230769 0.13942307692307693 0.25721153846153844
4 0.4987980769230769 0.23677884615384615 0.06971153846153846 0.09375
4 0.5504807692307693 0.109375 0.125 0.19471153846153846
4 0.453125 0.052884615384615384 0.13221153846153846 0.10096153846153846
4 0.5576923076923077 0.014423076923076924 0.11057692307692307 0.02403846153846154
4 0.37740384615384615 0.1045673076923077 0.20673076923076922 0.20432692307692307
4 0.40625 0.27163461538461536 0.14903846153846154 0.21153846153846154
4 0.36538461538461536 0.47475961538461536 0.21153846153846154 0.25721153846153844
4 0.27163461538461536 0.6935096153846154 0.16346153846153846 0.31971153846153844
4 0.38221153846153844 0.8978365384615384 0.22596153846153846 0.19471153846153846
4 0.44711538461538464 0.7572115384615384 0.20192307692307693 0.33653846153846156
4 0.09254807692307693 0.8978365384615384 0.18028846153846154 0.19471153846153846
4 0.22596153846153846 0.9447115384615384 0.08653846153846154 0.10096153846153846
4 0.15264423076923078 0.7151442307692307 0.21875 0.28125
4 0.03365384615384615 0.7692307692307693 0.0625 0.125
4 0.0733173076923077 0.5889423076923077 0.14182692307692307 0.28365384615384615
4 0.14783653846153846 0.46875 0.18028846153846154 0.21153846153846154
4 0.2403846153846154 0.32211538461538464 0.21153846153846154 0.2980769230769231
4 0.17067307692307693 0.15144230769230768 0.16346153846153846 0.1875
4 0.09254807692307693 0.33052884615384615 0.11778846153846154 0.15625
4 0.04927884615384615 0.15625 0.09375 0.28846153846153844
4 0.22956730769230768 0.06129807692307692 0.09375 0.11778846153846154
4 0.15264423076923078 0.037259615384615384 0.09375 0.06971153846153846
4 0.4987980769230769 0.4987980769230769 0.9927884615384616 0.9927884615384616
