4 0.4987980769230769 0.140625 0.9927884615384616 0.25721153846153844
4 0.2247596153846154 0.3076923076923077 0.44471153846153844 0.11057692307692307
4 0.7259615384615384 0.32211538461538464 0.5384615384615384 0.0625
4 0.8149038461538461 0.18629807692307693 0.3605769230769231 0.19471153846153846
4 0.12740384615384615 0.5264423076923077 0.25 0.3125
4 0.6442307692307693 0.6165865384615384 0.4230769230769231 0.11778846153846154
4 0.9050480769230769 0.6033653846153846 0.18028846153846154 0.17307692307692307
4 0.9050480769230769 0.42908653846153844 0.18028846153846154 0.19471153846153846
4 0.7211538461538461 0.47115384615384615 0.17307692307692307 0.11057692307692307
4 0.7536057692307693 0.3942307692307692 0.21875 0.07692307692307693
4 0.4375 0.44711538461538464 0.41346153846153844 0.1875
4 0.4206730769230769 0.6009615384615384 0.35096153846153844 0.08653846153846154
4 0.15144230769230768 0.7247596153846154 0.2980769230769231 0.11778846153846154
4 0.32211538461538464 0.6550480769230769 0.17307692307692307 0.11778846153846154
4 0.5612980769230769 0.7259615384615384 0.5072115384615384 0.08653846153846154
4 0.8629807692307693 0.7055288461538461 0.125 0.03125
4 0.9603365384615384 0.7067307692307693 0.06971153846153846 0.0625
4 0.6322115384615384 0.7596153846153846 0.7259615384615384 0.0625
4 0.1466346153846154 0.8112980769230769 0.22596153846153846 0.06971153846153846
4 0.5961538461538461 0.8125 0.7980769230769231 0.08653846153846154
4 0.4987980769230769 0.921875 0.9927884615384616 0.11778846153846154
4 0.5216346153846154 0.9699519230769231 0.9471153846153846 0.06009615384615385
4 0.4987980769230769 0.08413461538461539 0.9927884615384616 0.14903846153846154
4 0.5 0.5048076923076923 0.9951923076923077 0.9903846153846154
