4 0.46153846153846156 0.4543269230769231 0.16346153846153846 0.36538461538461536
4 0.7475961538461539 0.7403846153846154 0.25961538461538464 0.25961538461538464
4 0.9242788461538461 0.9014423076923077 0.15144230769230768 0.19230769230769232
4 0.7716346153846154 0.9302884615384616 0.16346153846153846 0.1346153846153846
4 0.6129807692307693 0.8954326923076923 0.15384615384615385 0.20432692307692307
4 0.5072115384615384 0.7283653846153846 0.2548076923076923 0.25961538461538464
4 0.31850961538461536 0.3233173076923077 0.18028846153846154 0.38221153846153844
4 0.3125 0.07692307692307693 0.1778846153846154 0.14423076923076922
4 0.30528846153846156 0.6850961538461539 0.16346153846153846 0.375
4 0.30528846153846156 0.9254807692307693 0.16346153846153846 0.14423076923076922
4 0.14783653846153846 0.6778846153846154 0.15625 0.3701923076923077
4 0.15144230769230768 0.3173076923076923 0.14903846153846154 0.3605769230769231
4 0.036057692307692304 0.6730769230769231 0.0673076923076923 0.3701923076923077
4 0.038461538461538464 0.921875 0.0673076923076923 0.15144230769230768
4 0.14423076923076922 0.9278846153846154 0.15865384615384615 0.13942307692307693
