4 0.9639423076923077 0.7223557692307693 0.0625 0.09375
4 0.8846153846153846 0.6430288461538461 0.17307692307692307 0.14182692307692307
4 0.8665865384615384 0.5625 0.19471153846153846 0.10096153846153846
4 0.8701923076923077 0.4987980769230769 0.17307692307692307 0.11778846153846154
4 0.7487980769230769 0.41586538461538464 0.11778846153846154 0.125
4 0.6899038461538461 0.43990384615384615 0.11057692307692307 0.0625
4 0.5216346153846154 0.4254807692307692 0.22596153846153846 0.04807692307692308
4 0.5721153846153846 0.46875 0.1875 0.02403846153846154
4 0.6442307692307693 0.5216346153846154 0.17307692307692307 0.10096153846153846
4 0.6935096153846154 0.5384615384615384 0.13221153846153846 0.08653846153846154
4 0.7247596153846154 0.6153846153846154 0.11778846153846154 0.08653846153846154
4 0.6201923076923077 0.6478365384615384 0.25 0.11778846153846154
4 0.5072115384615384 0.5649038461538461 0.14903846153846154 0.11057692307692307
4 0.3942307692307692 0.5721153846153846 0.13942307692307693 0.0625
4 0.4170673076923077 0.47115384615384615 0.15625 0.0625
4 0.1875 0.5336538461538461 0.21153846153846154 0.11057692307692307
4 0.27283653846153844 0.4567307692307692 0.11778846153846154 0.11057692307692307
4 0.15264423076923078 0.421875 0.15625 0.11778846153846154
4 0.29086538461538464 0.38461538461538464 0.125 0.0625
4 0.38461538461538464 0.3894230769230769 0.0625 0.10096153846153846
