4 0.4567307692307692 0.40865384615384615 0.5 0.6875
4 0.15625 0.5649038461538461 0.28846153846153844 0.3605769230769231
4 0.18990384615384615 0.36658653846153844 0.3605769230769231 0.36778846153846156
4 0.1346153846153846 0.1778846153846154 0.25 0.22596153846153846
4 0.6838942307692307 0.3425480769230769 0.53125 0.5552884615384616
4 0.7860576923076923 0.28125 0.42788461538461536 0.4326923076923077
4 0.8605769230769231 0.7079326923076923 0.27884615384615385 0.5841346153846154
4 0.17548076923076922 0.8317307692307693 0.3269230769230769 0.23557692307692307
4 0.25240384615384615 0.9266826923076923 0.4855769230769231 0.1466346153846154
4 0.33413461538461536 0.7139423076923077 0.21153846153846154 0.375
4 0.6346153846153846 0.8257211538461539 0.20673076923076922 0.3485576923076923
4 0.47836538461538464 0.8389423076923077 0.11057692307692307 0.3125
4 0.5048076923076923 0.5288461538461539 0.9903846153846154 0.9423076923076923
