4 0.65625 0.6274038461538461 0.27403846153846156 0.3125
4 0.671875 0.5649038461538461 0.30528846153846156 0.4375
4 0.4879807692307692 0.8425480769230769 0.25 0.13221153846153846
4 0.484375 0.9447115384615384 0.24278846153846154 0.10096153846153846
4 0.41586538461538464 0.7692307692307693 0.23557692307692307 0.11057692307692307
4 0.38100961538461536 0.5625 0.36778846153846156 0.47596153846153844
4 0.3161057692307692 0.3125 0.46875 0.39903846153846156
4 0.31971153846153844 0.3317307692307692 0.22596153846153846 0.13942307692307693
4 0.5504807692307693 0.14423076923076922 0.125 0.11057692307692307
4 0.5492788461538461 0.2536057692307692 0.09375 0.09375
4 0.59375 0.3269230769230769 0.10096153846153846 0.10096153846153846
2 0.7139423076923077 0.8894230769230769 0.1875 0.21153846153846154
2 0.8629807692307693 0.8858173076923077 0.1875 0.21875
2 0.8497596153846154 0.6514423076923077 0.11778846153846154 0.20192307692307693
2 0.375 0.078125 0.27403846153846156 0.13221153846153846
