4 0.18990384615384615 0.6911057692307693 0.17307692307692307 0.15625
4 0.36658653846153844 0.7427884615384616 0.22355769230769232 0.23076923076923078
4 0.5276442307692307 0.7728365384615384 0.21875 0.33413461538461536
4 0.5829326923076923 0.7139423076923077 0.21875 0.3173076923076923
4 0.7788461538461539 0.7331730769230769 0.28365384615384615 0.2932692307692308
4 0.71875 0.7620192307692307 0.20673076923076922 0.2932692307692308
4 0.33533653846153844 0.44711538461538464 0.0985576923076923 0.16826923076923078
4 0.43028846153846156 0.4495192307692308 0.15384615384615385 0.28365384615384615
4 0.49038461538461536 0.4963942307692308 0.23076923076923078 0.19951923076923078
4 0.5096153846153846 0.43990384615384615 0.09134615384615384 0.2403846153846154
4 0.65625 0.4543269230769231 0.19230769230769232 0.2980769230769231
4 0.7548076923076923 0.4098557692307692 0.16826923076923078 0.30528846153846156
4 0.8533653846153846 0.4110576923076923 0.15865384615384615 0.3557692307692308
4 0.49158653846153844 0.19831730769230768 0.22355769230769232 0.23317307692307693
4 0.6586538461538461 0.18389423076923078 0.3605769230769231 0.24759615384615385
4 0.6826923076923077 0.1045673076923077 0.19230769230769232 0.05048076923076923
