4 0.23677884615384615 0.7824519230769231 0.4543269230769231 0.43509615384615385
4 0.2247596153846154 0.6935096153846154 0.43028846153846156 0.44471153846153844
4 0.25600961538461536 0.6875 0.49278846153846156 0.5384615384615384
4 0.29927884615384615 0.5709134615384616 0.5793269230769231 0.8581730769230769
4 0.4639423076923077 0.5168269230769231 0.9086538461538461 0.9663461538461539
4 0.7944711538461539 0.8521634615384616 0.4110576923076923 0.2956730769230769
4 0.9194711538461539 0.7259615384615384 0.16105769230769232 0.3076923076923077
4 0.44711538461538464 0.34375 0.875 0.6634615384615384
4 0.8990384615384616 0.2283653846153846 0.20192307692307693 0.4423076923076923
4 0.6838942307692307 0.08173076923076923 0.34375 0.13942307692307693
4 0.5036057692307693 0.5060096153846154 0.9927884615384616 0.9927884615384616
