4 0.47115384615384615 0.42908653846153844 0.4855769230769231 0.6177884615384616
4 0.3713942307692308 0.5060096153846154 0.21875 0.18028846153846154
4 0.3786057692307692 0.6742788461538461 0.21875 0.28125
4 0.5625 0.8149038461538461 0.14903846153846154 0.25
4 0.4519230769230769 0.8076923076923077 0.10096153846153846 0.17307692307692307
4 0.6310096153846154 0.6826923076923077 0.13221153846153846 0.17307692307692307
4 0.5661057692307693 0.6033653846153846 0.15625 0.17307692307692307
4 0.5216346153846154 0.5192307692307693 0.08653846153846154 0.1875
4 0.6201923076923077 0.4675480769230769 0.11057692307692307 0.13221153846153846
4 0.671875 0.484375 0.055288461538461536 0.11778846153846154
4 0.65625 0.7644230769230769 0.08653846153846154 0.10096153846153846
