4 0.5072115384615384 0.6201923076923077 0.9855769230769231 0.6490384615384616
4 0.7115384615384616 0.984375 0.4423076923076923 0.03125
4 0.3233173076923077 0.9831730769230769 0.18990384615384615 0.038461538461538464
4 0.8762019230769231 0.9074519230769231 0.24759615384615385 0.11778846153846154
4 0.34134615384615385 0.9435096153846154 0.3942307692307692 0.06009615384615385
4 0.15985576923076922 0.6009615384615384 0.30528846153846156 0.5817307692307693
4 0.6262019230769231 0.5396634615384616 0.7475961538461539 0.4831730769230769
4 0.22115384615384615 0.7620192307692307 0.052884615384615384 0.0673076923076923
4 0.5480769230769231 0.8064903846153846 0.9038461538461539 0.25721153846153844
4 0.3629807692307692 0.8990384615384616 0.7067307692307693 0.08173076923076923
