4 0.2776442307692308 0.5841346153846154 0.53125 0.7259615384615384
4 0.8389423076923077 0.6358173076923077 0.20192307692307693 0.53125
4 0.6274038461538461 0.6947115384615384 0.3605769230769231 0.5240384615384616
4 0.9579326923076923 0.5925480769230769 0.08413461538461539 0.5408653846153846
4 0.6478365384615384 0.2403846153846154 0.36778846153846156 0.08653846153846154
4 0.12139423076923077 0.13221153846153846 0.21875 0.16346153846153846
4 0.6778846153846154 0.140625 0.16346153846153846 0.055288461538461536
4 0.8990384615384616 0.4963942307692308 0.20192307692307693 0.7235576923076923
4 0.6899038461538461 0.5300480769230769 0.3269230769230769 0.7427884615384616
4 0.375 0.5685096153846154 0.7259615384615384 0.7572115384615384
4 0.9375 0.07451923076923077 0.125 0.14423076923076922
4 0.8533653846153846 0.08413461538461539 0.125 0.10096153846153846
4 0.7091346153846154 0.09975961538461539 0.16346153846153846 0.11778846153846154
4 0.33413461538461536 0.13942307692307693 0.16346153846153846 0.08653846153846154
4 0.41586538461538464 0.12379807692307693 0.3605769230769231 0.11778846153846154
