4 0.5504807692307693 0.40865384615384615 0.5 0.6875
4 0.8509615384615384 0.5649038461538461 0.28846153846153844 0.3605769230769231
4 0.8149038461538461 0.36658653846153844 0.3605769230769231 0.36778846153846156
4 0.8701923076923077 0.1778846153846154 0.25 0.22596153846153846
4 0.3233173076923077 0.3425480769230769 0.53125 0.5552884615384616
4 0.21875 0.27884615384615385 0.42788461538461536 0.4326923076923077
4 0.14543269230769232 0.7067307692307693 0.28125 0.5865384615384616
4 0.8317307692307693 0.8317307692307693 0.3269230769230769 0.23557692307692307
4 0.7524038461538461 0.9266826923076923 0.4855769230769231 0.1466346153846154
4 0.6706730769230769 0.7139423076923077 0.21153846153846154 0.375
4 0.3701923076923077 0.8257211538461539 0.20673076923076922 0.3485576923076923
4 0.5264423076923077 0.8389423076923077 0.11057692307692307 0.3125
4 0.5012019230769231 0.5276442307692307 0.9927884615384616 0.9447115384615384
