4 0.3161057692307692 0.3629807692307692 0.46875 0.4230769230769231
4 0.08413461538461539 0.2247596153846154 0.14903846153846154 0.30528846153846156
4 0.49038461538461536 0.15985576923076922 0.5865384615384616 0.15625
4 0.23918269230769232 0.078125 0.4639423076923077 0.1466346153846154
4 0.7463942307692307 0.0889423076923077 0.21875 0.17307692307692307
4 0.5649038461538461 0.05048076923076923 0.17307692307692307 0.09134615384615384
4 0.9242788461538461 0.16947115384615385 0.15144230769230768 0.3293269230769231
4 0.8221153846153846 0.22596153846153846 0.0625 0.14903846153846154
4 0.7692307692307693 0.328125 0.17307692307692307 0.13221153846153846
4 0.6911057692307693 0.3942307692307692 0.28125 0.2980769230769231
4 0.5853365384615384 0.6081730769230769 0.49278846153846156 0.21153846153846154
4 0.125 0.6550480769230769 0.22596153846153846 0.5697115384615384
4 0.25721153846153844 0.6346153846153846 0.21153846153846154 0.13942307692307693
4 0.3473557692307692 0.7692307692307693 0.28125 0.2644230769230769
4 0.16706730769230768 0.9483173076923077 0.15625 0.09375
4 0.04927884615384615 0.9639423076923077 0.07932692307692307 0.0625
4 0.5 0.8581730769230769 0.41346153846153844 0.27403846153846156
4 0.7367788461538461 0.7019230769230769 0.21875 0.28846153846153844
4 0.8629807692307693 0.640625 0.25 0.30528846153846156
4 0.8942307692307693 0.47475961538461536 0.20192307692307693 0.24278846153846154
4 0.9194711538461539 0.39302884615384615 0.16105769230769232 0.20432692307692307
4 0.8954326923076923 0.6322115384615384 0.2091346153846154 0.3076923076923077
4 0.8762019230769231 0.8846153846153846 0.24759615384615385 0.22115384615384615
4 0.828125 0.9170673076923077 0.24278846153846154 0.15625
4 0.7259615384615384 0.9567307692307693 0.14903846153846154 0.07692307692307693
4 0.5036057692307693 0.5012019230769231 0.9927884615384616 0.9927884615384616
