4 0.22235576923076922 0.2644230769230769 0.43990384615384615 0.5240384615384616
4 0.10697115384615384 0.7115384615384616 0.2091346153846154 0.5721153846153846
4 0.3004807692307692 0.65625 0.25 0.5528846153846154
4 0.7175480769230769 0.484375 0.3918269230769231 0.8389423076923077
4 0.7620192307692307 0.40625 0.47115384615384615 0.2932692307692308
4 0.6947115384615384 0.8425480769230769 0.3605769230769231 0.31009615384615385
4 0.47475961538461536 0.8401442307692307 0.25721153846153844 0.31490384615384615
4 0.23918269230769232 0.8473557692307693 0.25721153846153844 0.3004807692307692
4 0.48197115384615385 0.4951923076923077 0.13221153846153846 0.22115384615384615
4 0.38461538461538464 0.41466346153846156 0.28365384615384615 0.3245192307692308
4 0.421875 0.125 0.6995192307692307 0.24519230769230768
4 0.8449519230769231 0.3545673076923077 0.30528846153846156 0.5600961538461539
4 0.8665865384615384 0.8088942307692307 0.10336538461538461 0.37740384615384615
3 0.8533653846153846 0.5757211538461539 0.2548076923076923 0.24759615384615385
