4 0.4879807692307692 0.8774038461538461 0.625 0.23557692307692307
4 0.734375 0.9483173076923077 0.44471153846153844 0.09375
4 0.8930288461538461 0.8846153846153846 0.20432692307692307 0.1875
4 0.9206730769230769 0.7992788461538461 0.14903846153846154 0.09375
4 0.9050480769230769 0.6935096153846154 0.18028846153846154 0.13221153846153846
4 0.6237980769230769 0.7451923076923077 0.38221153846153844 0.17307692307692307
4 0.4963942307692308 0.6862980769230769 0.65625 0.18028846153846154
4 0.09254807692307693 0.8617788461538461 0.18028846153846154 0.2668269230769231
4 0.09254807692307693 0.6478365384615384 0.18028846153846154 0.19471153846153846
4 0.8665865384615384 0.5456730769230769 0.25721153846153844 0.14903846153846154
4 0.9242788461538461 0.3389423076923077 0.14182692307692307 0.3125
4 0.6935096153846154 0.36538461538461536 0.31971153846153844 0.22596153846153846
4 0.8401442307692307 0.13581730769230768 0.31490384615384615 0.2668269230769231
4 0.8040865384615384 0.14302884615384615 0.38221153846153844 0.20432692307692307
4 0.6033653846153846 0.04567307692307692 0.17307692307692307 0.08653846153846154
4 0.5384615384615384 0.47115384615384615 0.39903846153846156 0.2980769230769231
4 0.29086538461538464 0.44711538461538464 0.375 0.2980769230769231
4 0.4639423076923077 0.3076923076923077 0.13942307692307693 0.1875
4 0.07692307692307693 0.44471153846153844 0.14903846153846154 0.27403846153846156
4 0.08052884615384616 0.171875 0.15625 0.31971153846153844
4 0.3629807692307692 0.17427884615384615 0.4375 0.28125
4 0.3858173076923077 0.037259615384615384 0.46875 0.06971153846153846
4 0.4987980769230769 0.4987980769230769 0.9927884615384616 0.9927884615384616
