4 0.2776442307692308 0.6237980769230769 0.33413461538461536 0.36778846153846156
4 0.27283653846153844 0.35216346153846156 0.3293269230769231 0.34375
4 0.2668269230769231 0.11538461538461539 0.3269230769230769 0.22596153846153846
4 0.5661057692307693 0.28966346153846156 0.27163461538461536 0.3245192307692308
4 0.5709134615384616 0.5552884615384616 0.2668269230769231 0.3269230769230769
4 0.8221153846153846 0.49038461538461536 0.2403846153846154 0.30288461538461536
4 0.8197115384615384 0.234375 0.2403846153846154 0.2956730769230769
4 0.8161057692307693 0.056490384615384616 0.24278846153846154 0.10817307692307693
4 0.5673076923076923 0.08533653846153846 0.2644230769230769 0.1658653846153846
4 0.08413461538461539 0.10336538461538461 0.1201923076923077 0.20192307692307693
4 0.0673076923076923 0.22596153846153846 0.08653846153846154 0.38461538461538464
4 0.03365384615384615 0.37259615384615385 0.03365384615384615 0.23076923076923078
4 0.06370192307692307 0.46274038461538464 0.03125 0.2668269230769231
4 0.11778846153846154 0.5913461538461539 0.07692307692307693 0.40865384615384615
