4 0.1778846153846154 0.6514423076923077 0.33653846153846156 0.6875
4 0.046875 0.35096153846153844 0.06971153846153846 0.16346153846153846
4 0.17067307692307693 0.2692307692307692 0.08653846153846154 0.11057692307692307
4 0.08413461538461539 0.2764423076923077 0.14903846153846154 0.13942307692307693
4 0.078125 0.14302884615384615 0.13221153846153846 0.15625
4 0.3737980769230769 0.4879807692307692 0.11778846153846154 0.20192307692307693
4 0.3473557692307692 0.6622596153846154 0.09375 0.13221153846153846
4 0.3161057692307692 0.8317307692307693 0.09375 0.1875
4 0.29927884615384615 0.9519230769230769 0.07932692307692307 0.08653846153846154
4 0.4567307692307692 0.8894230769230769 0.23557692307692307 0.21153846153846154
4 0.4411057692307692 0.71875 0.20432692307692307 0.28846153846153844
4 0.5384615384615384 0.9447115384615384 0.21153846153846154 0.10096153846153846
4 0.7091346153846154 0.9639423076923077 0.16346153846153846 0.0625
4 0.7067307692307693 0.8966346153846154 0.17307692307692307 0.10096153846153846
4 0.6826923076923077 0.828125 0.20192307692307693 0.18028846153846154
4 0.6346153846153846 0.7379807692307693 0.11057692307692307 0.11057692307692307
4 0.5300480769230769 0.5336538461538461 0.18028846153846154 0.125
4 0.44350961538461536 0.47115384615384615 0.055288461538461536 0.07692307692307693
4 0.4362980769230769 0.41225961538461536 0.11778846153846154 0.11778846153846154
4 0.49158653846153844 0.34615384615384615 0.055288461538461536 0.0625
4 0.4362980769230769 0.3425480769230769 0.06971153846153846 0.06971153846153846
4 0.3701923076923077 0.3076923076923077 0.125 0.125
4 0.6310096153846154 0.28725961538461536 0.25721153846153844 0.31971153846153844
4 0.546875 0.375 0.19471153846153846 0.22596153846153846
4 0.24879807692307693 0.15264423076923078 0.13221153846153846 0.07932692307692307
4 0.28725961538461536 0.22596153846153846 0.06971153846153846 0.038461538461538464
4 0.5384615384615384 0.09615384615384616 0.10096153846153846 0.04807692307692308
4 0.796875 0.2091346153846154 0.13221153846153846 0.10096153846153846
4 0.9362980769230769 0.33533653846153844 0.11778846153846154 0.11778846153846154
4 0.8389423076923077 0.41346153846153844 0.20192307692307693 0.21153846153846154
4 0.7776442307692307 0.26802884615384615 0.09375 0.09375
4 0.6514423076923077 0.6550480769230769 0.25 0.49278846153846156
4 0.8954326923076923 0.7920673076923077 0.2091346153846154 0.3004807692307692
4 0.8497596153846154 0.5901442307692307 0.11778846153846154 0.21875
4 0.8798076923076923 0.9338942307692307 0.2403846153846154 0.12740384615384615
4 0.9507211538461539 0.5853365384615384 0.0985576923076923 0.15144230769230768
