4 0.26802884615384615 0.7415865384615384 0.53125 0.38221153846153844
4 0.3293269230769231 0.3245192307692308 0.6538461538461539 0.6394230769230769
4 0.6045673076923077 0.18269230769230768 0.53125 0.3605769230769231
4 0.8701923076923077 0.21394230769230768 0.25 0.3125
4 0.7716346153846154 0.46033653846153844 0.28846153846153844 0.24278846153846154
4 0.9290865384615384 0.4675480769230769 0.13221153846153846 0.19471153846153846
4 0.7764423076923077 0.71875 0.2644230769230769 0.27403846153846156
4 0.8810096153846154 0.7223557692307693 0.18028846153846154 0.21875
4 0.796875 0.8737980769230769 0.24278846153846154 0.18028846153846154
4 0.609375 0.9050480769230769 0.24278846153846154 0.18028846153846154
4 0.421875 0.9362980769230769 0.19471153846153846 0.11778846153846154
4 0.33052884615384615 0.328125 0.6418269230769231 0.6466346153846154
