4 0.5576923076923077 0.5697115384615384 0.2980769230769231 0.22596153846153846
4 0.7019230769230769 0.36658653846153844 0.39903846153846156 0.19471153846153846
4 0.7884615384615384 0.5901442307692307 0.21153846153846154 0.3293269230769231
4 0.12980769230769232 0.8004807692307693 0.25 0.39903846153846156
4 0.0889423076923077 0.4963942307692308 0.17307692307692307 0.21875
4 0.21754807692307693 0.23677884615384615 0.31971153846153844 0.3293269230769231
4 0.36177884615384615 0.08413461538461539 0.34375 0.14903846153846154
4 0.8076923076923077 0.10336538461538461 0.375 0.1875
4 0.7211538461538461 0.1466346153846154 0.3125 0.22596153846153846
4 0.5024038461538461 0.21394230769230768 0.17307692307692307 0.20192307692307693
4 0.9086538461538461 0.5348557692307693 0.07692307692307693 0.21875
4 0.8894230769230769 0.1466346153846154 0.21153846153846154 0.27403846153846156
4 0.34375 0.8846153846153846 0.21153846153846154 0.1875
4 0.6322115384615384 0.9387019230769231 0.18269230769230768 0.12259615384615384
4 0.8966346153846154 0.9663461538461539 0.1971153846153846 0.0673076923076923
4 0.9254807692307693 0.8509615384615384 0.13942307692307693 0.16346153846153846
4 0.8317307692307693 0.8665865384615384 0.3269230769230769 0.25721153846153844
4 0.5456730769230769 0.8197115384615384 0.22596153846153846 0.27403846153846156
4 0.39302884615384615 0.703125 0.28125 0.18028846153846154
4 0.2956730769230769 0.45552884615384615 0.27403846153846156 0.40625
4 0.109375 0.5048076923076923 0.2091346153846154 0.1971153846153846
4 0.09375 0.15865384615384615 0.1778846153846154 0.2980769230769231
4 0.4675480769230769 0.9699519230769231 0.1658653846153846 0.06009615384615385
