4 0.17548076923076922 0.7644230769230769 0.30288461538461536 0.19230769230769232
4 0.1971153846153846 0.5889423076923077 0.3173076923076923 0.21153846153846154
4 0.35336538461538464 0.45072115384615385 0.33653846153846156 0.3293269230769231
4 0.16706730769230768 0.33413461538461536 0.22355769230769232 0.2548076923076923
4 0.39663461538461536 0.2932692307692308 0.24519230769230768 0.2980769230769231
4 0.6514423076923077 0.48197115384615385 0.28365384615384615 0.25721153846153844
4 0.6418269230769231 0.2932692307692308 0.24519230769230768 0.18269230769230768
4 0.8233173076923077 0.42427884615384615 0.09375 0.3918269230769231
4 0.9206730769230769 0.40625 0.1201923076923077 0.33653846153846156
4 0.8725961538461539 0.7740384615384616 0.15384615384615385 0.057692307692307696
4 0.8557692307692307 0.6899038461538461 0.1875 0.13942307692307693
4 0.7067307692307693 0.6442307692307693 0.1201923076923077 0.10096153846153846
