4 0.34615384615384615 0.0889423076923077 0.2644230769230769 0.17307692307692307
4 0.34615384615384615 0.2764423076923077 0.2644230769230769 0.1875
4 0.33413461538461536 0.4675480769230769 0.27403846153846156 0.19471153846153846
4 0.3269230769230769 0.6706730769230769 0.28846153846153844 0.21153846153846154
4 0.33533653846153844 0.8858173076923077 0.25721153846153844 0.21875
4 0.5961538461538461 0.09254807692307693 0.23557692307692307 0.18028846153846154
4 0.6009615384615384 0.2800480769230769 0.22596153846153846 0.19471153846153846
4 0.59375 0.47836538461538464 0.22596153846153846 0.1875
4 0.5841346153846154 0.671875 0.22596153846153846 0.18028846153846154
4 0.5973557692307693 0.8701923076923077 0.21875 0.20192307692307693
4 0.8269230769230769 0.11298076923076923 0.22596153846153846 0.1875
4 0.8269230769230769 0.296875 0.22596153846153846 0.18028846153846154
4 0.828125 0.47475961538461536 0.24278846153846154 0.19471153846153846
4 0.8317307692307693 0.6754807692307693 0.23557692307692307 0.1875
4 0.8341346153846154 0.859375 0.22596153846153846 0.19471153846153846
4 0.9663461538461539 0.1935096153846154 0.0673076923076923 0.15144230769230768
4 0.9699519230769231 0.33413461538461536 0.06009615384615385 0.1201923076923077
4 0.9735576923076923 0.48677884615384615 0.052884615384615384 0.17548076923076922
4 0.9735576923076923 0.6706730769230769 0.052884615384615384 0.1971153846153846
4 0.9771634615384616 0.8713942307692307 0.04567307692307692 0.18990384615384615
4 0.09615384615384616 0.8978365384615384 0.17307692307692307 0.19471153846153846
4 0.11538461538461539 0.6971153846153846 0.14903846153846154 0.23557692307692307
4 0.03125 0.7379807692307693 0.038461538461538464 0.20192307692307693
4 0.037259615384615384 0.53125 0.055288461538461536 0.22596153846153846
4 0.05048076923076923 0.25600961538461536 0.07692307692307693 0.30528846153846156
4 0.06129807692307692 0.0733173076923077 0.10336538461538461 0.14182692307692307
4 0.14783653846153846 0.20673076923076922 0.13221153846153846 0.2980769230769231
4 0.1310096153846154 0.4519230769230769 0.13221153846153846 0.27403846153846156
4 0.16706730769230768 0.026442307692307692 0.09375 0.04807692307692308
