4 0.4951923076923077 0.45072115384615385 0.9423076923076923 0.7427884615384616
4 0.42788461538461536 0.5264423076923077 0.3701923076923077 0.40865384615384615
4 0.4951923076923077 0.6370192307692307 0.3557692307692308 0.2548076923076923
4 0.5865384615384616 0.6754807692307693 0.4230769230769231 0.24519230769230768
4 0.6394230769230769 0.7151442307692307 0.39903846153846156 0.21875
4 0.6935096153846154 0.7451923076923077 0.37740384615384615 0.1778846153846154
4 0.7548076923076923 0.7632211538461539 0.40865384615384615 0.15144230769230768
4 0.6838942307692307 0.40625 0.5600961538461539 0.6586538461538461
4 0.22235576923076922 0.28846153846153844 0.37740384615384615 0.40865384615384615
4 0.32211538461538464 0.3485576923076923 0.25 0.18269230769230768
4 0.16105769230769232 0.5516826923076923 0.23557692307692307 0.3245192307692308
