4 0.4182692307692308 0.6995192307692307 0.8269230769230769 0.6009615384615384
4 0.23076923076923078 0.25961538461538464 0.4519230769230769 0.5048076923076923
4 0.3581730769230769 0.5492788461538461 0.28846153846153844 0.34375
4 0.4951923076923077 0.5576923076923077 0.3605769230769231 0.625
4 0.5925480769230769 0.5216346153846154 0.44471153846153844 0.6634615384615384
4 0.6346153846153846 0.5576923076923077 0.5 0.7355769230769231
4 0.640625 0.38461538461538464 0.44471153846153844 0.5625
4 0.8810096153846154 0.8293269230769231 0.2283653846153846 0.34134615384615385
4 0.8978365384615384 0.4675480769230769 0.19471153846153846 0.7572115384615384
4 0.7451923076923077 0.140625 0.23557692307692307 0.19471153846153846
4 0.578125 0.0625 0.30528846153846156 0.10096153846153846
