4 0.7043269230769231 0.36778846153846156 0.3269230769230769 0.5769230769230769
4 0.7163461538461539 0.6153846153846154 0.34615384615384615 0.4230769230769231
4 0.6899038461538461 0.7367788461538461 0.30288461538461536 0.3293269230769231
4 0.29927884615384615 0.25961538461538464 0.15625 0.3605769230769231
4 0.3293269230769231 0.5180288461538461 0.11538461538461539 0.24759615384615385
4 0.4050480769230769 0.5060096153846154 0.040865384615384616 0.22355769230769232
4 0.4254807692307692 0.7331730769230769 0.11538461538461539 0.24519230769230768
4 0.3088942307692308 0.7211538461538461 0.11778846153846154 0.2548076923076923
4 0.2127403846153846 0.5180288461538461 0.11298076923076923 0.21394230769230768
4 0.20793269230769232 0.734375 0.12259615384615384 0.2764423076923077
