4 0.41346153846153844 0.7271634615384616 0.8125 0.2620192307692308
4 0.5829326923076923 0.5973557692307693 0.6754807692307693 0.2668269230769231
4 0.4338942307692308 0.3641826923076923 0.7668269230769231 0.4735576923076923
4 0.4110576923076923 0.765625 0.8076923076923077 0.16105769230769232
4 0.4110576923076923 0.7331730769230769 0.8076923076923077 0.14423076923076922
4 0.40625 0.7163461538461539 0.7980769230769231 0.12980769230769232
4 0.4050480769230769 0.6971153846153846 0.7908653846153846 0.1201923076923077
4 0.44350961538461536 0.6706730769230769 0.6995192307692307 0.1201923076923077
4 0.5817307692307693 0.6454326923076923 0.6682692307692307 0.15144230769230768
4 0.5793269230769231 0.5685096153846154 0.6634615384615384 0.026442307692307692
4 0.5793269230769231 0.5396634615384616 0.6634615384615384 0.03125
4 0.5841346153846154 0.5180288461538461 0.6634615384615384 0.026442307692307692
4 0.5805288461538461 0.484375 0.65625 0.03125
4 0.44711538461538464 0.53125 0.6346153846153846 0.11057692307692307
4 0.45072115384615385 0.453125 0.6322115384615384 0.026442307692307692
4 0.44711538461538464 0.44350961538461536 0.6298076923076923 0.026442307692307692
4 0.4495192307692308 0.4411057692307692 0.7211538461538461 0.06009615384615385
4 0.4362980769230769 0.2704326923076923 0.7475961538461539 0.27163461538461536
4 0.4230769230769231 0.33052884615384615 0.7259615384615384 0.14182692307692307
4 0.4326923076923077 0.328125 0.7355769230769231 0.15625
