4 0.5949519230769231 0.3245192307692308 0.4639423076923077 0.2932692307692308
4 0.6706730769230769 0.46274038461538464 0.2548076923076923 0.15625
4 0.5516826923076923 0.18028846153846154 0.3245192307692308 0.28846153846153844
4 0.7692307692307693 0.5492788461538461 0.39903846153846156 0.37740384615384615
4 0.6682692307692307 0.796875 0.5913461538461539 0.3485576923076923
4 0.4879807692307692 0.6081730769230769 0.17307692307692307 0.2932692307692308
4 0.3473557692307692 0.44711538461538464 0.3004807692307692 0.2932692307692308
4 0.21394230769230768 0.28365384615384615 0.3605769230769231 0.19230769230769232
4 0.15384615384615385 0.5288461538461539 0.2692307692307692 0.3701923076923077
4 0.296875 0.7475961538461539 0.19951923076923078 0.3701923076923077
