4 0.19230769230769232 0.3449519230769231 0.3798076923076923 0.6754807692307693
4 0.3389423076923077 0.3786057692307692 0.5769230769230769 0.7427884615384616
4 0.15625 0.7956730769230769 0.3076923076923077 0.40865384615384615
4 0.30408653846153844 0.7872596153846154 0.15625 0.4254807692307692
4 0.3737980769230769 0.7271634615384616 0.2283653846153846 0.5456730769230769
4 0.44591346153846156 0.6670673076923077 0.2091346153846154 0.6658653846153846
4 0.5180288461538461 0.6165865384615384 0.19471153846153846 0.7668269230769231
4 0.5973557692307693 0.5769230769230769 0.24278846153846154 0.8461538461538461
4 0.6538461538461539 0.5168269230769231 0.27884615384615385 0.9663461538461539
4 0.8076923076923077 0.5036057692307693 0.34134615384615385 0.9927884615384616
