4 0.4963942307692308 0.6189903846153846 0.9879807692307693 0.6466346153846154
4 0.2956730769230769 0.984375 0.4423076923076923 0.03125
4 0.6814903846153846 0.9831730769230769 0.18990384615384615 0.038461538461538464
4 0.12740384615384615 0.9086538461538461 0.25 0.11538461538461539
4 0.6634615384615384 0.9435096153846154 0.3942307692307692 0.06009615384615385
4 0.8461538461538461 0.6009615384615384 0.30288461538461536 0.5817307692307693
4 0.37740384615384615 0.5408653846153846 0.75 0.4807692307692308
4 0.7860576923076923 0.7620192307692307 0.052884615384615384 0.0673076923076923
4 0.45552884615384615 0.8052884615384616 0.90625 0.2548076923076923
4 0.6418269230769231 0.8990384615384616 0.7067307692307693 0.08173076923076923
