4 0.3088942307692308 0.8617788461538461 0.59375 0.2668269230769231
4 0.1466346153846154 0.5925480769230769 0.27403846153846156 0.25721153846153844
4 0.43990384615384615 0.6346153846153846 0.3125 0.1875
4 0.20673076923076922 0.30408653846153844 0.3894230769230769 0.38221153846153844
4 0.25 0.13701923076923078 0.4807692307692308 0.2644230769230769
4 0.5456730769230769 0.4254807692307692 0.35096153846153844 0.4375
4 0.47836538461538464 0.6165865384615384 0.3605769230769231 0.25721153846153844
4 0.6658653846153846 0.8894230769230769 0.11057692307692307 0.21153846153846154
4 0.7596153846153846 0.6430288461538461 0.1875 0.28125
4 0.6899038461538461 0.8353365384615384 0.25 0.31971153846153844
4 0.8401442307692307 0.8425480769230769 0.15625 0.30528846153846156
4 0.9254807692307693 0.8774038461538461 0.11057692307692307 0.23557692307692307
4 0.9194711538461539 0.6610576923076923 0.16105769230769232 0.1971153846153846
4 0.9699519230769231 0.28125 0.06009615384615385 0.5528846153846154
4 0.8858173076923077 0.07451923076923077 0.11298076923076923 0.13942307692307693
4 0.921875 0.21033653846153846 0.06971153846153846 0.13221153846153846
4 0.8461538461538461 0.4519230769230769 0.20192307692307693 0.33653846153846156
4 0.7836538461538461 0.30408653846153844 0.2644230769230769 0.44471153846153844
4 0.6201923076923077 0.16346153846153846 0.40865384615384615 0.3173076923076923
4 0.5048076923076923 0.5 0.9903846153846154 0.9903846153846154
