4 0.5408653846153846 0.38461538461538464 0.9230769230769231 0.49038461538461536
4 0.4375 0.6778846153846154 0.8413461538461539 0.3894230769230769
0 0.171875 0.42427884615384615 0.15144230769230768 0.14182692307692307
0 0.20673076923076922 0.29086538461538464 0.16826923076923078 0.15384615384615385
0 0.36778846153846156 0.328125 0.15865384615384615 0.15144230769230768
0 0.3233173076923077 0.46153846153846156 0.15144230769230768 0.1346153846153846
0 0.45552884615384615 0.4831730769230769 0.15144230769230768 0.125
0 0.515625 0.36658653846153844 0.1466346153846154 0.14182692307692307
0 0.6526442307692307 0.4014423076923077 0.14182692307692307 0.13942307692307693
0 0.5973557692307693 0.5120192307692307 0.1466346153846154 0.12980769230769232
0 0.7283653846153846 0.5456730769230769 0.1346153846153846 0.10576923076923077
0 0.7836538461538461 0.4326923076923077 0.12980769230769232 0.12980769230769232
0 0.84375 0.5625 0.1346153846153846 0.125
0 0.9110576923076923 0.46875 0.13942307692307693 0.11538461538461539
