4 0.4567307692307692 0.21634615384615385 0.16346153846153846 0.1971153846153846
4 0.4483173076923077 0.3557692307692308 0.18028846153846154 0.15865384615384615
4 0.21153846153846154 0.16826923076923078 0.004807692307692308 0.0
4 0.5637019230769231 0.2764423076923077 0.10336538461538461 0.20673076923076922
4 0.3004807692307692 0.21875 0.14903846153846154 0.20673076923076922
4 0.2956730769230769 0.36538461538461536 0.14423076923076922 0.11538461538461539
4 0.14543269230769232 0.20432692307692307 0.17067307692307693 0.20192307692307693
4 0.14903846153846154 0.35697115384615385 0.15865384615384615 0.12740384615384615
4 0.7896634615384616 0.5240384615384616 0.25240384615384615 0.2692307692307692
4 0.6081730769230769 0.5192307692307693 0.22115384615384615 0.27884615384615385
4 0.40625 0.5432692307692307 0.21634615384615385 0.23076923076923078
4 0.18629807692307693 0.6466346153846154 0.24278846153846154 0.3125
4 0.18269230769230768 0.45552884615384615 0.21634615384615385 0.06971153846153846
4 0.5228365384615384 0.6971153846153846 0.11298076923076923 0.09134615384615384
4 0.40865384615384615 0.7379807692307693 0.12980769230769232 0.15865384615384615
4 0.21033653846153846 0.7367788461538461 0.25721153846153844 0.17067307692307693
4 0.2692307692307692 0.8822115384615384 0.1201923076923077 0.1201923076923077
4 0.15144230769230768 0.8822115384615384 0.125 0.125
