4 0.7752403846153846 0.31971153846153844 0.2668269230769231 0.17307692307692307
4 0.8028846153846154 0.4807692307692308 0.2403846153846154 0.18269230769230768
4 0.7956730769230769 0.71875 0.2980769230769231 0.3557692307692308
4 0.6129807692307693 0.21875 0.18269230769230768 0.13942307692307693
4 0.21514423076923078 0.23076923076923078 0.2620192307692308 0.16826923076923078
4 0.375 0.30288461538461536 0.18269230769230768 0.12980769230769232
4 0.1778846153846154 0.3870192307692308 0.21634615384615385 0.18269230769230768
4 0.12379807692307693 0.625 0.14182692307692307 0.36538461538461536
4 0.25961538461538464 0.7427884615384616 0.15865384615384615 0.24519230769230768
4 0.4567307692307692 0.7956730769230769 0.3894230769230769 0.2548076923076923
4 0.46634615384615385 0.6057692307692307 0.2548076923076923 0.18269230769230768
4 0.4951923076923077 0.45072115384615385 0.23076923076923078 0.1466346153846154
4 0.33653846153846156 0.4987980769230769 0.2932692307692308 0.2620192307692308
4 0.5384615384615384 0.3329326923076923 0.13942307692307693 0.0889423076923077
4 0.625 0.5168269230769231 0.052884615384615384 0.18269230769230768
4 0.6466346153846154 0.421875 0.07211538461538461 0.2620192307692308
