4 0.8149038461538461 0.09375 0.3605769230769231 0.16346153846153846
4 0.8004807692307693 0.31971153846153844 0.3125 0.27403846153846156
4 0.9711538461538461 0.3269230769230769 0.04807692307692308 0.27403846153846156
4 0.9603365384615384 0.6081730769230769 0.06971153846153846 0.28846153846153844
4 0.9278846153846154 0.8762019230769231 0.1346153846153846 0.24759615384615385
4 0.47475961538461536 0.09615384615384616 0.36778846153846156 0.17307692307692307
4 0.021634615384615384 0.08413461538461539 0.038461538461538464 0.14903846153846154
4 0.1658653846153846 0.09014423076923077 0.2644230769230769 0.15625
4 0.47836538461538464 0.3076923076923077 0.3605769230769231 0.2980769230769231
4 0.1466346153846154 0.3125 0.28846153846153844 0.27403846153846156
4 0.43990384615384615 0.6165865384615384 0.3605769230769231 0.30528846153846156
4 0.7596153846153846 0.6129807692307693 0.3269230769230769 0.2980769230769231
4 0.7139423076923077 0.8641826923076923 0.2980769230769231 0.27163461538461536
4 0.4014423076923077 0.8798076923076923 0.34615384615384615 0.2403846153846154
4 0.1310096153846154 0.5997596153846154 0.25721153846153844 0.31971153846153844
4 0.11658653846153846 0.8798076923076923 0.2283653846153846 0.2403846153846154
4 0.5 0.5048076923076923 0.9951923076923077 0.9903846153846154
