4 0.3942307692307692 0.22115384615384615 0.75 0.3269230769230769
4 0.2247596153846154 0.10336538461538461 0.43028846153846156 0.1875
4 0.22596153846153846 0.4206730769230769 0.41346153846153844 0.21153846153846154
4 0.7427884615384616 0.10697115384615384 0.5144230769230769 0.19951923076923078
4 0.7007211538461539 0.5721153846153846 0.5985576923076923 0.2692307692307692
4 0.8882211538461539 0.31490384615384615 0.22355769230769232 0.17307692307692307
4 0.8990384615384616 0.44591346153846156 0.20192307692307693 0.0985576923076923
4 0.6838942307692307 0.3269230769230769 0.34375 0.21153846153846154
4 0.7487980769230769 0.8713942307692307 0.5072115384615384 0.25721153846153844
4 0.5961538461538461 0.9615384615384616 0.3173076923076923 0.07692307692307693
4 0.16706730769230768 0.8137019230769231 0.31490384615384615 0.37259615384615385
4 0.31850961538461536 0.640625 0.6177884615384616 0.24278846153846154
4 0.3545673076923077 0.8954326923076923 0.20432692307692307 0.2091346153846154
4 0.5060096153846154 0.5036057692307693 0.9927884615384616 0.9927884615384616
