4 0.07211538461538461 0.6899038461538461 0.125 0.6105769230769231
4 0.234375 0.47115384615384615 0.44471153846153844 0.3269230769230769
4 0.37740384615384615 0.7295673076923077 0.5625 0.53125
4 0.2956730769230769 0.17908653846153846 0.5721153846153846 0.3485576923076923
4 0.5528846153846154 0.7019230769230769 0.33653846153846156 0.5865384615384616
4 0.6586538461538461 0.8317307692307693 0.2980769230769231 0.3269230769230769
4 0.8341346153846154 0.84375 0.21153846153846154 0.27403846153846156
4 0.9579326923076923 0.7860576923076923 0.08413461538461539 0.25961538461538464
4 0.9290865384615384 0.9134615384615384 0.06971153846153846 0.08653846153846154
4 0.9014423076923077 0.5060096153846154 0.13942307692307693 0.11778846153846154
4 0.8040865384615384 0.5576923076923077 0.31971153846153844 0.3125
4 0.6634615384615384 0.3701923076923077 0.35096153846153844 0.1875
4 0.9266826923076923 0.38100961538461536 0.1466346153846154 0.15144230769230768
4 0.9387019230769231 0.5336538461538461 0.12259615384615384 0.2692307692307692
4 0.7788461538461539 0.234375 0.4423076923076923 0.45913461538461536
4 0.6826923076923077 0.21394230769230768 0.6105769230769231 0.4230769230769231
4 0.5048076923076923 0.5 0.9903846153846154 0.9903846153846154
