4 0.24519230769230768 0.2764423076923077 0.16826923076923078 0.27403846153846156
4 0.4326923076923077 0.28846153846153844 0.25 0.23076923076923078
4 0.71875 0.2620192307692308 0.34134615384615385 0.15384615384615385
4 0.7235576923076923 0.4014423076923077 0.22115384615384615 0.25961538461538464
4 0.8677884615384616 0.34615384615384615 0.20673076923076922 0.2644230769230769
4 0.26322115384615385 0.4375 0.2283653846153846 0.16346153846153846
4 0.5096153846153846 0.3858173076923077 0.28365384615384615 0.23317307692307693
4 0.24519230769230768 0.6057692307692307 0.3317307692307692 0.17307692307692307
4 0.46875 0.5456730769230769 0.16826923076923078 0.08173076923076923
4 0.5745192307692307 0.4879807692307692 0.1201923076923077 0.1346153846153846
4 0.5216346153846154 0.7127403846153846 0.27884615384615385 0.2620192307692308
4 0.7247596153846154 0.6802884615384616 0.2283653846153846 0.28365384615384615
4 0.8701923076923077 0.6201923076923077 0.21153846153846154 0.27403846153846156
4 0.39903846153846156 0.8317307692307693 0.3701923076923077 0.1875
4 0.75 0.8569711538461539 0.375 0.17548076923076922
