4 0.8028846153846154 0.6514423076923077 0.08173076923076923 0.35096153846153844
4 0.7956730769230769 0.32572115384615385 0.052884615384615384 0.28125
4 0.7475961538461539 0.4543269230769231 0.11057692307692307 0.38461538461538464
4 0.6682692307692307 0.7259615384615384 0.07211538461538461 0.25
4 0.6081730769230769 0.5649038461538461 0.08173076923076923 0.3269230769230769
4 0.65625 0.25841346153846156 0.0673076923076923 0.2860576923076923
4 0.5901442307692307 0.25841346153846156 0.06490384615384616 0.2860576923076923
4 0.5228365384615384 0.2536057692307692 0.07451923076923077 0.28125
4 0.5480769230769231 0.6262019230769231 0.09134615384615384 0.4735576923076923
4 0.43028846153846156 0.5360576923076923 0.08653846153846154 0.46634615384615385
4 0.44350961538461536 0.3401442307692308 0.06490384615384616 0.31009615384615385
4 0.3629807692307692 0.7740384615384616 0.08173076923076923 0.2692307692307692
4 0.3076923076923077 0.5120192307692307 0.10576923076923077 0.3269230769230769
4 0.3473557692307692 0.2644230769230769 0.0889423076923077 0.2644230769230769
4 0.14182692307692307 0.31850961538461536 0.08173076923076923 0.25721153846153844
4 0.1875 0.5108173076923077 0.11057692307692307 0.4206730769230769
4 0.2403846153846154 0.21153846153846154 0.08173076923076923 0.19230769230769232
4 0.2283653846153846 0.6778846153846154 0.09615384615384616 0.32211538461538464
2 0.7740384615384616 0.6730769230769231 0.03365384615384615 0.028846153846153848
2 0.7980769230769231 0.47475961538461536 0.028846153846153848 0.040865384615384616
2 0.8004807692307693 0.8365384615384616 0.028846153846153848 0.028846153846153848
2 0.6730769230769231 0.8557692307692307 0.028846153846153848 0.02403846153846154
2 0.5576923076923077 0.8774038461538461 0.028846153846153848 0.028846153846153848
2 0.4230769230769231 0.7860576923076923 0.038461538461538464 0.04807692307692308
2 0.3870192307692308 0.90625 0.028846153846153848 0.028846153846153848
2 0.43990384615384615 0.5096153846153846 0.038461538461538464 0.028846153846153848
2 0.18028846153846154 0.7043269230769231 0.03365384615384615 0.02403846153846154
2 0.2403846153846154 0.8461538461538461 0.038461538461538464 0.03365384615384615
