4 0.24158653846153846 0.36538461538461536 0.2283653846153846 0.44711538461538464
4 0.21153846153846154 0.7524038461538461 0.1201923076923077 0.3557692307692308
4 0.35216346153846156 0.7295673076923077 0.17067307692307693 0.4110576923076923
4 0.7548076923076923 0.6009615384615384 0.23557692307692307 0.7596153846153846
4 0.5432692307692307 0.7716346153846154 0.1971153846153846 0.3557692307692308
4 0.5 0.6634615384615384 0.12980769230769232 0.10576923076923077
4 0.4855769230769231 0.5432692307692307 0.25 0.14423076923076922
4 0.45552884615384615 0.35096153846153844 0.21875 0.2692307692307692
4 0.3894230769230769 0.17067307692307693 0.20192307692307693 0.16346153846153846
4 0.6201923076923077 0.15985576923076922 0.27403846153846156 0.2764423076923077
4 0.6754807692307693 0.38461538461538464 0.20192307692307693 0.4423076923076923
