4 0.4951923076923077 0.1971153846153846 0.5480769230769231 0.08653846153846154
4 0.47115384615384615 0.2692307692307692 0.5769230769230769 0.0673076923076923
4 0.7860576923076923 0.3317307692307692 0.4230769230769231 0.15865384615384615
4 0.3713942307692308 0.33653846153846156 0.4110576923076923 0.0673076923076923
4 0.47836538461538464 0.40384615384615385 0.5721153846153846 0.0673076923076923
4 0.7644230769230769 0.5036057692307693 0.4423076923076923 0.1658653846153846
4 0.4182692307692308 0.45913461538461536 0.5673076923076923 0.11057692307692307
4 0.34134615384615385 0.5408653846153846 0.42788461538461536 0.08173076923076923
4 0.5396634615384616 0.6646634615384616 0.8100961538461539 0.17548076923076922
4 0.27884615384615385 0.6454326923076923 0.4375 0.09375
4 0.3557692307692308 0.734375 0.5961538461538461 0.0985576923076923
4 0.3293269230769231 0.8004807692307693 0.6105769230769231 0.08173076923076923
