4 0.6286057692307693 0.3269230769230769 0.4543269230769231 0.47596153846153844
4 0.28846153846153844 0.7247596153846154 0.35096153846153844 0.36778846153846156
4 0.4411057692307692 0.6790865384615384 0.28125 0.38221153846153844
4 0.5 0.5336538461538461 0.28846153846153844 0.3125
4 0.5625 0.3629807692307692 0.21153846153846154 0.1875
5 0.7836538461538461 0.8076923076923077 0.20192307692307693 0.20192307692307693
5 0.609375 0.7908653846153846 0.19471153846153846 0.1875
5 0.6586538461538461 0.8473557692307693 0.125 0.15625
5 0.7367788461538461 0.6009615384615384 0.28125 0.27403846153846156
5 0.7019230769230769 0.36658653846153844 0.27403846153846156 0.31971153846153844
5 0.8004807692307693 0.5 0.0625 0.08653846153846154
