4 0.9134615384615384 0.5264423076923077 0.16346153846153846 0.2980769230769231
4 0.7283653846153846 0.7139423076923077 0.20192307692307693 0.13942307692307693
4 0.6622596153846154 0.8701923076923077 0.18028846153846154 0.25
4 0.4254807692307692 0.8858173076923077 0.375 0.21875
4 0.5072115384615384 0.7331730769230769 0.16346153846153846 0.16346153846153846
4 0.8497596153846154 0.8858173076923077 0.24278846153846154 0.21875
4 0.9507211538461539 0.8774038461538461 0.0985576923076923 0.23557692307692307
4 0.8762019230769231 0.7139423076923077 0.24759615384615385 0.11057692307692307
4 0.7019230769230769 0.3942307692307692 0.28846153846153844 0.5
4 0.7764423076923077 0.5 0.11057692307692307 0.27403846153846156
4 0.9543269230769231 0.6033653846153846 0.09134615384615384 0.14423076923076922
4 0.9194711538461539 0.22596153846153846 0.16105769230769232 0.44711538461538464
4 0.3942307692307692 0.2800480769230769 0.3269230769230769 0.38221153846153844
4 0.4014423076923077 0.5697115384615384 0.3125 0.21153846153846154
4 0.3389423076923077 0.6935096153846154 0.20192307692307693 0.18028846153846154
