4 0.49038461538461536 0.2283653846153846 0.5096153846153846 0.3076923076923077
4 0.8377403846153846 0.1935096153846154 0.2860576923076923 0.24759615384615385
4 0.6538461538461539 0.4519230769230769 0.44711538461538464 0.1971153846153846
4 0.3629807692307692 0.38461538461538464 0.18269230769230768 0.14903846153846154
4 0.24278846153846154 0.39302884615384615 0.14903846153846154 0.13221153846153846
4 0.32211538461538464 0.5516826923076923 0.18269230769230768 0.18509615384615385
4 0.18389423076923078 0.5492788461538461 0.1658653846153846 0.2091346153846154
4 0.5336538461538461 0.6225961538461539 0.3894230769230769 0.27884615384615385
4 0.515625 0.8329326923076923 0.3485576923076923 0.15144230769230768
4 0.24519230769230768 0.875 0.23557692307692307 0.19230769230769232
4 0.18509615384615385 0.7716346153846154 0.2980769230769231 0.19230769230769232
4 0.28365384615384615 0.7211538461538461 0.25 0.125
