4 0.2692307692307692 0.1310096153846154 0.3605769230769231 0.24278846153846154
4 0.09975961538461539 0.09615384615384616 0.18028846153846154 0.17307692307692307
4 0.18389423076923078 0.31850961538461536 0.34375 0.13221153846153846
4 0.35336538461538464 0.41586538461538464 0.125 0.17307692307692307
4 0.3076923076923077 0.4795673076923077 0.17307692307692307 0.14182692307692307
4 0.19471153846153846 0.5228365384615384 0.14903846153846154 0.055288461538461536
4 0.78125 0.1201923076923077 0.33653846153846156 0.17307692307692307
4 0.9038461538461539 0.0733173076923077 0.19230769230769232 0.12740384615384615
4 0.6442307692307693 0.06490384615384616 0.25 0.11057692307692307
4 0.5228365384615384 0.052884615384615384 0.13221153846153846 0.08653846153846154
4 0.40865384615384615 0.15985576923076922 0.1875 0.15625
4 0.5348557692307693 0.22235576923076922 0.2668269230769231 0.15625
4 0.8497596153846154 0.21875 0.24278846153846154 0.10096153846153846
4 0.9771634615384616 0.22235576923076922 0.04567307692307692 0.14182692307692307
4 0.8894230769230769 0.3088942307692308 0.16346153846153846 0.15625
4 0.71875 0.3894230769230769 0.22596153846153846 0.21153846153846154
4 0.5625 0.33533653846153844 0.27403846153846156 0.11778846153846154
4 0.5192307692307693 0.453125 0.20192307692307693 0.18028846153846154
4 0.125 0.47836538461538464 0.22596153846153846 0.17307692307692307
4 0.1935096153846154 0.6346153846153846 0.36778846153846156 0.1875
4 0.15865384615384615 0.6875 0.2980769230769231 0.08653846153846154
4 0.21514423076923078 0.7596153846153846 0.28125 0.13942307692307693
4 0.4519230769230769 0.8461538461538461 0.28846153846153844 0.11057692307692307
4 0.796875 0.8846153846153846 0.18028846153846154 0.07692307692307693
4 0.7584134615384616 0.8425480769230769 0.4831730769230769 0.15144230769230768
4 0.8209134615384616 0.6442307692307693 0.3581730769230769 0.2692307692307692
4 0.6586538461538461 0.6346153846153846 0.2644230769230769 0.1875
4 0.4951923076923077 0.6899038461538461 0.3125 0.23557692307692307
4 0.8209134615384616 0.4206730769230769 0.3581730769230769 0.1971153846153846
4 0.5048076923076923 0.47596153846153844 0.9903846153846154 0.9326923076923077
