4 0.7247596153846154 0.5949519230769231 0.31009615384615385 0.39663461538461536
4 0.8473557692307693 0.8689903846153846 0.25721153846153844 0.25721153846153844
4 0.640625 0.8521634615384616 0.18028846153846154 0.2860576923076923
4 0.5625 0.6045673076923077 0.11538461538461539 0.35336538461538464
4 0.6201923076923077 0.3076923076923077 0.09615384615384616 0.2403846153846154
4 0.4951923076923077 0.22355769230769232 0.19230769230769232 0.38461538461538464
4 0.33653846153846156 0.421875 0.14423076923076922 0.2764423076923077
4 0.24519230769230768 0.32572115384615385 0.3125 0.44471153846153844
4 0.18028846153846154 0.7403846153846154 0.32211538461538464 0.5144230769230769
4 0.36658653846153844 0.8689903846153846 0.3629807692307692 0.25721153846153844
4 0.3894230769230769 0.9459134615384616 0.1201923076923077 0.10336538461538461
4 0.4338942307692308 0.6526442307692307 0.17548076923076922 0.35336538461538464
