4 0.2283653846153846 0.5144230769230769 0.3076923076923077 0.5096153846153846
4 0.1935096153846154 0.16947115384615385 0.24759615384615385 0.2860576923076923
4 0.45072115384615385 0.35096153846153844 0.19951923076923078 0.44711538461538464
4 0.38461538461538464 0.6418269230769231 0.14903846153846154 0.18269230769230768
4 0.39302884615384615 0.7620192307692307 0.13221153846153846 0.14903846153846154
4 0.5516826923076923 0.6826923076923077 0.18509615384615385 0.18269230769230768
4 0.5492788461538461 0.8233173076923077 0.2091346153846154 0.1658653846153846
4 0.6225961538461539 0.47115384615384615 0.27884615384615385 0.3894230769230769
4 0.8341346153846154 0.49158653846153844 0.14903846153846154 0.3485576923076923
4 0.875 0.7596153846153846 0.19230769230769232 0.23557692307692307
4 0.7716346153846154 0.8197115384615384 0.19230769230769232 0.2980769230769231
4 0.7211538461538461 0.7223557692307693 0.125 0.25240384615384615
