4 0.8713942307692307 0.9362980769230769 0.15625 0.11778846153846154
4 0.6322115384615384 0.9362980769230769 0.33653846153846156 0.11778846153846154
4 0.4206730769230769 0.9759615384615384 0.08653846153846154 0.038461538461538464
4 0.32211538461538464 0.9795673076923077 0.125 0.03125
4 0.14783653846153846 0.9483173076923077 0.19471153846153846 0.09375
4 0.36177884615384615 0.9086538461538461 0.21875 0.11057692307692307
4 0.6442307692307693 0.875 0.3125 0.14903846153846154
4 0.8004807692307693 0.8461538461538461 0.125 0.0625
4 0.84375 0.7283653846153846 0.21153846153846154 0.2980769230769231
4 0.9026442307692307 0.6153846153846154 0.09375 0.14903846153846154
4 0.84375 0.5697115384615384 0.21153846153846154 0.16346153846153846
4 0.7451923076923077 0.7019230769230769 0.1875 0.22596153846153846
4 0.4951923076923077 0.7067307692307693 0.3125 0.17307692307692307
4 0.47475961538461536 0.8269230769230769 0.31971153846153844 0.14903846153846154
4 0.203125 0.8713942307692307 0.24278846153846154 0.14182692307692307
4 0.042067307692307696 0.9399038461538461 0.07932692307692307 0.11057692307692307
4 0.042067307692307696 0.8341346153846154 0.07932692307692307 0.1201923076923077
4 0.08653846153846154 0.07451923076923077 0.16826923076923078 0.13942307692307693
4 0.030048076923076924 0.1346153846153846 0.055288461538461536 0.11057692307692307
4 0.026442307692307692 0.23317307692307693 0.04807692307692308 0.08653846153846154
4 0.21394230769230768 0.21394230769230768 0.3894230769230769 0.125
4 0.18629807692307693 0.3389423076923077 0.36778846153846156 0.125
4 0.16706730769230768 0.453125 0.15625 0.11778846153846154
4 0.06129807692307692 0.42908653846153844 0.11778846153846154 0.11778846153846154
4 0.021634615384615384 0.47115384615384615 0.038461538461538464 0.07692307692307693
4 0.8617788461538461 0.46875 0.15625 0.08653846153846154
4 0.7728365384615384 0.4651442307692308 0.06971153846153846 0.09375
4 0.6322115384615384 0.44711538461538464 0.21153846153846154 0.07692307692307693
4 0.6658653846153846 0.53125 0.13942307692307693 0.08653846153846154
4 0.6971153846153846 0.5540865384615384 0.04807692307692308 0.055288461538461536
4 0.5901442307692307 0.5769230769230769 0.15625 0.10096153846153846
4 0.41225961538461536 0.5108173076923077 0.31971153846153844 0.21875
4 0.3858173076923077 0.38461538461538464 0.28125 0.125
4 0.2283653846153846 0.6899038461538461 0.17307692307692307 0.23557692307692307
4 0.2956730769230769 0.7536057692307693 0.10096153846153846 0.09375
4 0.3076923076923077 0.6442307692307693 0.07692307692307693 0.07692307692307693
4 0.07692307692307693 0.6466346153846154 0.14903846153846154 0.27403846153846156
4 0.1971153846153846 0.5372596153846154 0.11057692307692307 0.055288461538461536
4 0.8389423076923077 0.3473557692307692 0.20192307692307693 0.15625
4 0.9086538461538461 0.18269230769230768 0.0625 0.17307692307692307
4 0.7451923076923077 0.36658653846153844 0.1875 0.11778846153846154
4 0.7055288461538461 0.21875 0.46875 0.28846153846153844
4 0.5216346153846154 0.2764423076923077 0.22596153846153846 0.25
4 0.359375 0.03125 0.35336538461538464 0.052884615384615384
4 0.4170673076923077 0.11658653846153846 0.59375 0.19471153846153846
4 0.6514423076923077 0.057692307692307696 0.25 0.11057692307692307
4 0.7884615384615384 0.11298076923076923 0.3076923076923077 0.21634615384615385
4 0.47596153846153844 0.5 0.9471153846153846 0.9903846153846154
