4 0.38221153846153844 0.7872596153846154 0.3942307692307692 0.3245192307692308
4 0.5625 0.5649038461538461 0.3894230769230769 0.3605769230769231
4 0.7487980769230769 0.5168269230769231 0.15144230769230768 0.16346153846153846
4 0.7836538461538461 0.37740384615384615 0.27884615384615385 0.2932692307692308
4 0.28125 0.5733173076923077 0.18269230769230768 0.1466346153846154
4 0.20192307692307693 0.46274038461538464 0.34134615384615385 0.27163461538461536
4 0.19951923076923078 0.3004807692307692 0.15865384615384615 0.1875
4 0.38221153846153844 0.29086538461538464 0.1201923076923077 0.1201923076923077
4 0.3329326923076923 0.18269230769230768 0.2620192307692308 0.23557692307692307
4 0.6213942307692307 0.20192307692307693 0.31971153846153844 0.23557692307692307
4 0.7860576923076923 0.22115384615384615 0.375 0.21153846153846154
4 0.5300480769230769 0.4543269230769231 0.2091346153846154 0.3076923076923077
