4 0.5576923076923077 0.6478365384615384 0.2980769230769231 0.13221153846153846
4 0.5 0.7632211538461539 0.9951923076923077 0.4735576923076923
4 0.4987980769230769 0.4675480769230769 0.9927884615384616 0.11778846153846154
4 0.4987980769230769 0.35336538461538464 0.9927884615384616 0.125
4 0.5612980769230769 0.17908653846153846 0.8677884615384616 0.24278846153846154
4 0.6045673076923077 0.052884615384615384 0.40625 0.08653846153846154
4 0.9050480769230769 0.052884615384615384 0.18028846153846154 0.08653846153846154
4 0.2800480769230769 0.05889423076923077 0.24278846153846154 0.09375
4 0.09254807692307693 0.05889423076923077 0.18028846153846154 0.09375
4 0.17067307692307693 0.234375 0.33653846153846156 0.25721153846153844
4 0.203125 0.8100961538461539 0.4014423076923077 0.3798076923076923
4 0.8317307692307693 0.8677884615384616 0.3317307692307692 0.2644230769230769
4 0.6754807692307693 0.47836538461538464 0.6394230769230769 0.9375
4 0.8581730769230769 0.59375 0.27403846153846156 0.27403846153846156
4 0.5 0.5048076923076923 0.9951923076923077 0.9903846153846154
