4 0.8112980769230769 0.875 0.18509615384615385 0.25
4 0.6009615384615384 0.9651442307692307 0.35096153846153844 0.06971153846153846
4 0.26322115384615385 0.8810096153846154 0.5168269230769231 0.23798076923076922
4 0.12139423076923077 0.9230769230769231 0.23317307692307693 0.15384615384615385
4 0.07091346153846154 0.9567307692307693 0.13221153846153846 0.08653846153846154
4 0.039663461538461536 0.9735576923076923 0.06971153846153846 0.052884615384615384
4 0.40625 0.6971153846153846 0.8028846153846154 0.4807692307692308
4 0.609375 0.8533653846153846 0.45913461538461536 0.07692307692307693
4 0.4338942307692308 0.6442307692307693 0.8581730769230769 0.44711538461538464
4 0.4423076923076923 0.5829326923076923 0.875 0.4543269230769231
4 0.4495192307692308 0.5492788461538461 0.8894230769230769 0.4639423076923077
4 0.4519230769230769 0.4987980769230769 0.8942307692307693 0.5024038461538461
4 0.6646634615384616 0.6274038461538461 0.46875 0.15865384615384615
4 0.4519230769230769 0.43990384615384615 0.8942307692307693 0.4375
4 0.4519230769230769 0.375 0.8942307692307693 0.3942307692307692
4 0.4519230769230769 0.2980769230769231 0.8942307692307693 0.3798076923076923
4 0.4519230769230769 0.30288461538461536 0.8942307692307693 0.4807692307692308
4 0.46634615384615385 0.20192307692307693 0.8653846153846154 0.3269230769230769
4 0.47115384615384615 0.1622596153846154 0.8653846153846154 0.31971153846153844
4 0.7055288461538461 0.12259615384615384 0.3870192307692308 0.16826923076923078
