4 0.5 0.28846153846153844 0.9951923076923077 0.5625
4 0.7235576923076923 0.6778846153846154 0.27884615384615385 0.5192307692307693
4 0.5901442307692307 0.7043269230769231 0.25721153846153844 0.5913461538461539
4 0.4951923076923077 0.6105769230769231 0.08653846153846154 0.46153846153846156
4 0.4411057692307692 0.6514423076923077 0.13221153846153846 0.5288461538461539
4 0.41466346153846156 0.6045673076923077 0.12259615384615384 0.4014423076923077
4 0.3485576923076923 0.6490384615384616 0.17307692307692307 0.4807692307692308
4 0.31971153846153844 0.7019230769230769 0.25 0.6009615384615384
4 0.25841346153846156 0.6598557692307693 0.2091346153846154 0.5024038461538461
4 0.18509615384615385 0.6442307692307693 0.2548076923076923 0.49038461538461536
4 0.109375 0.6911057692307693 0.21394230769230768 0.5889423076923077
4 0.07692307692307693 0.6009615384615384 0.14423076923076922 0.375
