4 0.22956730769230768 0.6850961538461539 0.2668269230769231 0.17307692307692307
4 0.20192307692307693 0.5240384615384616 0.2403846153846154 0.18269230769230768
4 0.2091346153846154 0.28846153846153844 0.2980769230769231 0.3557692307692308
4 0.3918269230769231 0.7884615384615384 0.18269230769230768 0.13942307692307693
4 0.7920673076923077 0.7764423076923077 0.2620192307692308 0.16826923076923078
4 0.6322115384615384 0.7019230769230769 0.18269230769230768 0.12980769230769232
4 0.8269230769230769 0.6177884615384616 0.21634615384615385 0.18269230769230768
4 0.8834134615384616 0.3798076923076923 0.14182692307692307 0.36538461538461536
4 0.7451923076923077 0.2620192307692308 0.15865384615384615 0.24519230769230768
4 0.5492788461538461 0.2091346153846154 0.3918269230769231 0.2548076923076923
4 0.5384615384615384 0.4014423076923077 0.2548076923076923 0.18269230769230768
4 0.5096153846153846 0.5564903846153846 0.23076923076923078 0.1466346153846154
4 0.6706730769230769 0.5084134615384616 0.2932692307692308 0.2620192307692308
4 0.46634615384615385 0.6742788461538461 0.13942307692307693 0.0889423076923077
4 0.3798076923076923 0.49038461538461536 0.052884615384615384 0.18269230769230768
4 0.3581730769230769 0.5829326923076923 0.07211538461538461 0.2620192307692308
