4 0.4987980769230769 0.6237980769230769 0.9927884615384616 0.7427884615384616
4 0.9254807692307693 0.6274038461538461 0.13942307692307693 0.7355769230769231
4 0.7992788461538461 0.6358173076923077 0.28125 0.71875
4 0.6550480769230769 0.6983173076923077 0.18028846153846154 0.59375
4 0.5925480769230769 0.7451923076923077 0.13221153846153846 0.5
4 0.4831730769230769 0.7956730769230769 0.10096153846153846 0.39903846153846156
4 0.4338942307692308 0.4362980769230769 0.15625 0.31971153846153844
4 0.31971153846153844 0.7175480769230769 0.10096153846153846 0.5552884615384616
4 0.10817307692307693 0.6442307692307693 0.21153846153846154 0.7019230769230769
4 0.203125 0.6274038461538461 0.30528846153846156 0.7355769230769231
4 0.5649038461538461 0.18629807692307693 0.5769230769230769 0.19471153846153846
4 0.6045673076923077 0.18990384615384615 0.15625 0.1875
4 0.7716346153846154 0.1935096153846154 0.16346153846153846 0.18028846153846154
4 0.33052884615384615 0.18990384615384615 0.09375 0.17307692307692307
4 0.4795673076923077 0.0889423076923077 0.15625 0.0625
