4 0.265625 0.7295673076923077 0.11778846153846154 0.15625
4 0.28725961538461536 0.8701923076923077 0.11778846153846154 0.125
4 0.41225961538461536 0.9555288461538461 0.13221153846153846 0.07932692307692307
4 0.5216346153846154 0.9519230769230769 0.10096153846153846 0.08653846153846154
4 0.6346153846153846 0.9519230769230769 0.11057692307692307 0.08653846153846154
4 0.4050480769230769 0.8629807692307693 0.11778846153846154 0.11057692307692307
4 0.5216346153846154 0.8509615384615384 0.10096153846153846 0.10096153846153846
4 0.6310096153846154 0.8497596153846154 0.11778846153846154 0.11778846153846154
4 0.6514423076923077 0.7151442307692307 0.125 0.15625
4 0.5192307692307693 0.71875 0.13942307692307693 0.14903846153846154
4 0.3942307692307692 0.7259615384615384 0.125 0.14903846153846154
4 0.2692307692307692 0.5733173076923077 0.125 0.15625
4 0.3942307692307692 0.5697115384615384 0.125 0.14903846153846154
4 0.5264423076923077 0.5685096153846154 0.125 0.13221153846153846
4 0.6442307692307693 0.5649038461538461 0.125 0.13942307692307693
4 0.25961538461538464 0.4206730769230769 0.125 0.14903846153846154
4 0.390625 0.41586538461538464 0.13221153846153846 0.13942307692307693
4 0.5192307692307693 0.4170673076923077 0.125 0.15625
4 0.6442307692307693 0.41346153846153844 0.125 0.16346153846153846
4 0.25961538461538464 0.2764423076923077 0.125 0.13942307692307693
4 0.390625 0.2644230769230769 0.11778846153846154 0.16346153846153846
4 0.5096153846153846 0.2608173076923077 0.125 0.15625
4 0.640625 0.2608173076923077 0.13221153846153846 0.15625
4 0.2692307692307692 0.13221153846153846 0.13942307692307693 0.14903846153846154
4 0.39783653846153844 0.1201923076923077 0.11778846153846154 0.13942307692307693
4 0.5192307692307693 0.11298076923076923 0.11057692307692307 0.13942307692307693
4 0.6346153846153846 0.11658653846153846 0.125 0.13221153846153846
