4 0.10336538461538461 0.8040865384615384 0.1875 0.38221153846153844
4 0.11298076923076923 0.6358173076923077 0.125 0.21875
4 0.08413461538461539 0.5348557692307693 0.14903846153846154 0.15625
4 0.109375 0.3858173076923077 0.11778846153846154 0.09375
4 0.03365384615384615 0.27163461538461536 0.04807692307692308 0.14903846153846154
4 0.03365384615384615 0.40625 0.04807692307692308 0.10096153846153846
4 0.17427884615384615 0.4254807692307692 0.09375 0.125
4 0.9423076923076923 0.21394230769230768 0.11538461538461539 0.28365384615384615
4 0.8461538461538461 0.25 0.11057692307692307 0.21153846153846154
4 0.7596153846153846 0.27283653846153844 0.07692307692307693 0.18028846153846154
4 0.6862980769230769 0.3004807692307692 0.06971153846153846 0.1875
4 0.6165865384615384 0.31490384615384615 0.06971153846153846 0.13942307692307693
4 0.5649038461538461 0.328125 0.0625 0.13221153846153846
4 0.5096153846153846 0.34375 0.04807692307692308 0.10096153846153846
4 0.4723557692307692 0.3581730769230769 0.03125 0.10096153846153846
4 0.4411057692307692 0.3581730769230769 0.03125 0.10096153846153846
4 0.4098557692307692 0.38100961538461536 0.03125 0.06971153846153846
4 0.375 0.39783653846153844 0.02403846153846154 0.06971153846153846
4 0.3317307692307692 0.4879807692307692 0.07692307692307693 0.125
4 0.27283653846153844 0.47596153846153844 0.055288461538461536 0.10096153846153846
4 0.9194711538461539 0.47596153846153844 0.16105769230769232 0.24519230769230768
4 0.7920673076923077 0.421875 0.09375 0.11778846153846154
4 0.7139423076923077 0.4254807692307692 0.07692307692307693 0.11057692307692307
4 0.6430288461538461 0.42788461538461536 0.09375 0.08653846153846154
4 0.5625 0.42908653846153844 0.08653846153846154 0.06971153846153846
4 0.4951923076923077 0.42908653846153844 0.04807692307692308 0.055288461538461536
4 0.45552884615384615 0.4326923076923077 0.03125 0.04807692307692308
4 0.4254807692307692 0.4375 0.04807692307692308 0.038461538461538464
4 0.39663461538461536 0.43990384615384615 0.02403846153846154 0.014423076923076924
4 0.8701923076923077 0.5721153846153846 0.23557692307692307 0.1875
4 0.7139423076923077 0.5504807692307693 0.07692307692307693 0.13942307692307693
4 0.6346153846153846 0.5336538461538461 0.0625 0.125
4 0.5492788461538461 0.5144230769230769 0.09375 0.10096153846153846
4 0.45913461538461536 0.5072115384615384 0.08653846153846154 0.08653846153846154
4 0.39783653846153844 0.5072115384615384 0.055288461538461536 0.08653846153846154
4 0.8677884615384616 0.7463942307692307 0.2644230769230769 0.2091346153846154
4 0.6983173076923077 0.6826923076923077 0.09375 0.13942307692307693
4 0.6237980769230769 0.6514423076923077 0.06971153846153846 0.125
4 0.5384615384615384 0.6153846153846154 0.08653846153846154 0.10096153846153846
4 0.4567307692307692 0.5889423076923077 0.07692307692307693 0.07692307692307693
4 0.39663461538461536 0.5625 0.038461538461538464 0.038461538461538464
