4 0.7716346153846154 0.8269230769230769 0.25 0.28365384615384615
4 0.8377403846153846 0.5456730769230769 0.18028846153846154 0.1875
4 0.7956730769230769 0.18990384615384615 0.1875 0.28365384615384615
4 0.4855769230769231 0.7463942307692307 0.16346153846153846 0.24278846153846154
4 0.5685096153846154 0.6923076923076923 0.16105769230769232 0.22596153846153846
4 0.6057692307692307 0.5480769230769231 0.08653846153846154 0.17307692307692307
4 0.4879807692307692 0.5072115384615384 0.16826923076923078 0.23076923076923078
4 0.40024038461538464 0.5721153846153846 0.16105769230769232 0.21634615384615385
4 0.14423076923076922 0.21394230769230768 0.21153846153846154 0.27403846153846156
4 0.1310096153846154 0.5552884615384616 0.16105769230769232 0.22596153846153846
4 0.20673076923076922 0.8341346153846154 0.34615384615384615 0.27884615384615385
