4 0.9483173076923077 0.84375 0.09375 0.14903846153846154
4 0.8269230769230769 0.8629807692307693 0.14903846153846154 0.11057692307692307
4 0.7283653846153846 0.8425480769230769 0.125 0.11778846153846154
4 0.6826923076923077 0.8076923076923077 0.17307692307692307 0.1875
4 0.9519230769230769 0.20192307692307693 0.08653846153846154 0.14903846153846154
4 0.9362980769230769 0.44471153846153844 0.11778846153846154 0.39903846153846156
4 0.9759615384615384 0.09375 0.038461538461538464 0.10096153846153846
4 0.75 0.22115384615384615 0.39903846153846156 0.375
4 0.6586538461538461 0.34975961538461536 0.4230769230769231 0.31971153846153844
4 0.6826923076923077 0.5697115384615384 0.3894230769230769 0.28846153846153844
4 0.53125 0.7836538461538461 0.47596153846153844 0.2644230769230769
4 0.4567307692307692 0.5841346153846154 0.125 0.14903846153846154
4 0.42908653846153844 0.43990384615384615 0.24278846153846154 0.23557692307692307
4 0.28125 0.5 0.08653846153846154 0.14903846153846154
4 0.2800480769230769 0.8221153846153846 0.11778846153846154 0.1875
4 0.22115384615384615 0.7103365384615384 0.3269230769230769 0.38221153846153844
4 0.057692307692307696 0.7055288461538461 0.11057692307692307 0.34375
4 0.1346153846153846 0.4951923076923077 0.20192307692307693 0.125
4 0.18629807692307693 0.38461538461538464 0.24278846153846154 0.125
4 0.25600961538461536 0.29086538461538464 0.31971153846153844 0.11057692307692307
4 0.24519230769230768 0.17548076923076922 0.2980769230769231 0.1875
4 0.4651442307692308 0.19471153846153846 0.15625 0.14903846153846154
4 0.6586538461538461 0.09615384615384616 0.3605769230769231 0.1875
4 0.6911057692307693 0.09254807692307693 0.28125 0.18028846153846154
4 0.39663461538461536 0.06129807692307692 0.21153846153846154 0.11778846153846154
4 0.25600961538461536 0.08413461538461539 0.24278846153846154 0.16346153846153846
4 0.45552884615384615 0.17908653846153846 0.15625 0.11778846153846154
