4 0.6911057692307693 0.8882211538461539 0.2668269230769231 0.22355769230769232
4 0.7956730769230769 0.7704326923076923 0.32211538461538464 0.45913461538461536
4 0.8317307692307693 0.6274038461538461 0.25 0.4519230769230769
4 0.8461538461538461 0.41346153846153844 0.20192307692307693 0.33653846153846156
4 0.875 0.21875 0.16346153846153846 0.41346153846153844
4 0.7139423076923077 0.1971153846153846 0.375 0.375
4 0.5889423076923077 0.25 0.2980769230769231 0.47596153846153844
4 0.375 0.040865384615384616 0.14903846153846154 0.0625
4 0.4651442307692308 0.15144230769230768 0.09375 0.17307692307692307
4 0.37740384615384615 0.12139423076923077 0.0625 0.09375
4 0.5108173076923077 0.2644230769230769 0.15625 0.08653846153846154
4 0.4951923076923077 0.4567307692307692 0.125 0.2644230769230769
4 0.5625 0.42908653846153844 0.14903846153846154 0.25721153846153844
4 0.36658653846153844 0.25721153846153844 0.24278846153846154 0.33653846153846156
4 0.359375 0.44711538461538464 0.31971153846153844 0.6394230769230769
4 0.4254807692307692 0.5853365384615384 0.2644230769230769 0.30528846153846156
4 0.5384615384615384 0.9074519230769231 0.1971153846153846 0.18509615384615385
4 0.4831730769230769 0.7728365384615384 0.16346153846153846 0.11778846153846154
4 0.17668269230769232 0.9302884615384616 0.22355769230769232 0.13942307692307693
4 0.2920673076923077 0.8100961538461539 0.3004807692307692 0.3798076923076923
4 0.1622596153846154 0.4326923076923077 0.06971153846153846 0.3894230769230769
4 0.23798076923076922 0.4375 0.1875 0.35096153846153844
4 0.42908653846153844 0.5901442307692307 0.18028846153846154 0.28125
