4 0.040865384615384616 0.2848557692307692 0.0625 0.09375
4 0.1201923076923077 0.3629807692307692 0.17307692307692307 0.13942307692307693
4 0.140625 0.44471153846153844 0.19471153846153846 0.10096153846153846
4 0.1346153846153846 0.5060096153846154 0.17307692307692307 0.11778846153846154
4 0.25600961538461536 0.5889423076923077 0.11778846153846154 0.125
4 0.31490384615384615 0.5649038461538461 0.11057692307692307 0.0625
4 0.4831730769230769 0.5817307692307693 0.22596153846153846 0.04807692307692308
4 0.4326923076923077 0.5384615384615384 0.1875 0.02403846153846154
4 0.3629807692307692 0.4831730769230769 0.17307692307692307 0.10096153846153846
4 0.3112980769230769 0.46875 0.13221153846153846 0.08653846153846154
4 0.2800480769230769 0.3894230769230769 0.11778846153846154 0.08653846153846154
4 0.38461538461538464 0.359375 0.25 0.11778846153846154
4 0.5 0.43990384615384615 0.14903846153846154 0.11057692307692307
4 0.6129807692307693 0.4326923076923077 0.13942307692307693 0.0625
4 0.5901442307692307 0.5336538461538461 0.15625 0.0625
4 0.8197115384615384 0.47115384615384615 0.21153846153846154 0.11057692307692307
4 0.734375 0.5504807692307693 0.11778846153846154 0.11057692307692307
4 0.8545673076923077 0.5853365384615384 0.15625 0.11778846153846154
4 0.7139423076923077 0.6201923076923077 0.125 0.0625
4 0.6201923076923077 0.6153846153846154 0.0625 0.10096153846153846
