4 0.44711538461538464 0.26802884615384615 0.4855769230769231 0.3918269230769231
4 0.44471153846153844 0.3112980769230769 0.6009615384615384 0.5552884615384616
4 0.5096153846153846 0.48677884615384615 0.6105769230769231 0.34375
4 0.5853365384615384 0.5721153846153846 0.5552884615384616 0.4230769230769231
4 0.12379807692307693 0.3317307692307692 0.24278846153846154 0.375
4 0.4375 0.6550480769230769 0.7740384615384616 0.44471153846153844
4 0.1201923076923077 0.7451923076923077 0.20192307692307693 0.3269230769230769
4 0.5841346153846154 0.7884615384615384 0.7259615384615384 0.41346153846153844
4 0.7884615384615384 0.8978365384615384 0.33653846153846156 0.19471153846153846
4 0.17427884615384615 0.8389423076923077 0.34375 0.3125
4 0.9290865384615384 0.7019230769230769 0.13221153846153846 0.5865384615384616
4 0.9026442307692307 0.36177884615384615 0.09375 0.28125
4 0.9675480769230769 0.3701923076923077 0.055288461538461536 0.17307692307692307
4 0.9290865384615384 0.546875 0.13221153846153846 0.18028846153846154
4 0.8461538461538461 0.1466346153846154 0.2980769230769231 0.28846153846153844
4 0.7848557692307693 0.25240384615384615 0.15625 0.23557692307692307
4 0.6237980769230769 0.11538461538461539 0.36778846153846156 0.22596153846153846
4 0.21033653846153846 0.0733173076923077 0.41586538461538464 0.14182692307692307
4 0.4987980769230769 0.4987980769230769 0.9927884615384616 0.9927884615384616
