4 0.8293269230769231 0.7644230769230769 0.30288461538461536 0.19230769230769232
4 0.8100961538461539 0.5901442307692307 0.3173076923076923 0.21394230769230768
4 0.6514423076923077 0.45072115384615385 0.33653846153846156 0.3293269230769231
4 0.8389423076923077 0.33413461538461536 0.22115384615384615 0.2548076923076923
4 0.6105769230769231 0.2932692307692308 0.24519230769230768 0.2980769230769231
4 0.3545673076923077 0.48197115384615385 0.2860576923076923 0.25721153846153844
4 0.36538461538461536 0.2932692307692308 0.24519230769230768 0.18269230769230768
4 0.18389423076923078 0.4254807692307692 0.09375 0.3894230769230769
4 0.08413461538461539 0.40625 0.1201923076923077 0.33653846153846156
4 0.1346153846153846 0.7740384615384616 0.15384615384615385 0.057692307692307696
4 0.14903846153846154 0.6899038461538461 0.1875 0.13942307692307693
4 0.2980769230769231 0.6442307692307693 0.1201923076923077 0.10096153846153846
