4 0.125 0.24639423076923078 0.23076923076923078 0.47836538461538464
4 0.07932692307692307 0.10817307692307693 0.13942307692307693 0.15865384615384615
4 0.10817307692307693 0.4110576923076923 0.1971153846153846 0.10576923076923077
4 0.05889423076923077 0.3004807692307692 0.0985576923076923 0.2692307692307692
4 0.15625 0.7319711538461539 0.2980769230769231 0.31009615384615385
4 0.15504807692307693 0.9014423076923077 0.3004807692307692 0.1971153846153846
4 0.3425480769230769 0.9074519230769231 0.19471153846153846 0.18509615384615385
4 0.4375 0.9254807692307693 0.19230769230769232 0.14903846153846154
4 0.5901442307692307 0.9375 0.28125 0.125
4 0.33533653846153844 0.44471153846153844 0.5120192307692307 0.15865384615384615
4 0.5697115384615384 0.056490384615384616 0.5192307692307693 0.0985576923076923
4 0.3293269230769231 0.24759615384615385 0.13942307692307693 0.09615384615384616
4 0.6826923076923077 0.09375 0.5913461538461539 0.17307692307692307
4 0.6634615384615384 0.21634615384615385 0.4951923076923077 0.10576923076923077
4 0.5961538461538461 0.19951923076923078 0.3605769230769231 0.07692307692307693
4 0.5360576923076923 0.18269230769230768 0.25 0.057692307692307696
4 0.9170673076923077 0.1346153846153846 0.1658653846153846 0.10096153846153846
4 0.7331730769230769 0.7391826923076923 0.21634615384615385 0.4879807692307692
4 0.5661057692307693 0.7019230769230769 0.2091346153846154 0.36538461538461536
4 0.4411057692307692 0.6887019230769231 0.18028846153846154 0.33413461538461536
4 0.23557692307692307 0.6682692307692307 0.30288461538461536 0.2932692307692308
4 0.9627403846153846 0.4951923076923077 0.07451923076923077 0.16826923076923078
4 0.8918269230769231 0.49038461538461536 0.10576923076923077 0.15865384615384615
4 0.921875 0.359375 0.15625 0.11778846153846154
4 0.7764423076923077 0.37740384615384615 0.11538461538461539 0.11057692307692307
4 0.6394230769230769 0.39302884615384615 0.14423076923076922 0.0889423076923077
4 0.6766826923076923 0.47596153846153844 0.3485576923076923 0.08653846153846154
4 0.6875 0.2824519230769231 0.625 0.15144230769230768
4 0.9026442307692307 0.8569711538461539 0.19471153846153846 0.27163461538461536
4 0.8341346153846154 0.6418269230769231 0.09134615384615384 0.13942307692307693
4 0.9338942307692307 0.6346153846153846 0.13221153846153846 0.1875
