4 0.7283653846153846 0.7620192307692307 0.27403846153846156 0.16826923076923078
4 0.71875 0.5745192307692307 0.23076923076923078 0.25
4 0.7451923076923077 0.28846153846153844 0.15384615384615385 0.34134615384615385
4 0.6057692307692307 0.28365384615384615 0.25961538461538464 0.22115384615384615
4 0.6586538461538461 0.13942307692307693 0.2644230769230769 0.20673076923076922
4 0.5673076923076923 0.7415865384615384 0.16346153846153846 0.2283653846153846
4 0.6213942307692307 0.49759615384615385 0.23317307692307693 0.28365384615384615
4 0.39903846153846156 0.7620192307692307 0.17307692307692307 0.3317307692307692
4 0.46153846153846156 0.5384615384615384 0.08173076923076923 0.16826923076923078
4 0.5168269230769231 0.4326923076923077 0.1346153846153846 0.1201923076923077
4 0.29447115384615385 0.4831730769230769 0.2620192307692308 0.27884615384615385
4 0.3269230769230769 0.2800480769230769 0.28365384615384615 0.2283653846153846
4 0.3870192307692308 0.13701923076923078 0.27403846153846156 0.21153846153846154
4 0.17307692307692307 0.6057692307692307 0.1875 0.3701923076923077
4 0.14903846153846154 0.2548076923076923 0.17307692307692307 0.375
