4 0.36538461538461536 0.7644230769230769 0.44711538461538464 0.22596153846153846
4 0.7524038461538461 0.7956730769230769 0.3557692307692308 0.1201923076923077
4 0.7295673076923077 0.6538461538461539 0.4110576923076923 0.16826923076923078
4 0.6009615384615384 0.25 0.7596153846153846 0.23557692307692307
4 0.7716346153846154 0.4639423076923077 0.3557692307692308 0.1971153846153846
4 0.6634615384615384 0.5048076923076923 0.10576923076923077 0.12980769230769232
4 0.5432692307692307 0.5216346153846154 0.14423076923076922 0.25
4 0.35096153846153844 0.5492788461538461 0.2692307692307692 0.21875
4 0.17067307692307693 0.6177884615384616 0.16346153846153846 0.20192307692307693
4 0.15985576923076922 0.38461538461538464 0.2764423076923077 0.27403846153846156
4 0.38461538461538464 0.3317307692307692 0.4423076923076923 0.20192307692307693
