4 0.14182692307692307 0.6334134615384616 0.27403846153846156 0.5408653846153846
4 0.17307692307692307 0.4182692307692308 0.3317307692307692 0.6442307692307693
4 0.16105769230769232 0.2608173076923077 0.3076923076923077 0.5024038461538461
4 0.2620192307692308 0.15504807692307693 0.11057692307692307 0.2956730769230769
4 0.22355769230769232 0.040865384615384616 0.052884615384615384 0.0673076923076923
4 0.4675480769230769 0.23557692307692307 0.15625 0.4519230769230769
4 0.6057692307692307 0.17548076923076922 0.22115384615384615 0.3317307692307692
4 0.75 0.09134615384615384 0.22115384615384615 0.16346153846153846
4 0.8317307692307693 0.18269230769230768 0.2692307692307692 0.35096153846153844
4 0.84375 0.4326923076923077 0.27884615384615385 0.2692307692307692
4 0.7403846153846154 0.5697115384615384 0.18269230769230768 0.3557692307692308
4 0.5817307692307693 0.4098557692307692 0.22596153846153846 0.37740384615384615
4 0.6117788461538461 0.7992788461538461 0.31971153846153844 0.4014423076923077
4 0.5709134615384616 0.7548076923076923 0.23317307692307693 0.3317307692307692
4 0.5709134615384616 0.9435096153846154 0.2091346153846154 0.11298076923076923
4 0.7271634615384616 0.9326923076923077 0.06009615384615385 0.1346153846153846
4 0.6802884615384616 0.8798076923076923 0.09134615384615384 0.23557692307692307
4 0.7115384615384616 0.7644230769230769 0.11538461538461539 0.28846153846153844
4 0.7716346153846154 0.6129807692307693 0.10576923076923077 0.24519230769230768
4 0.7836538461538461 0.5216346153846154 0.09134615384615384 0.25
4 0.6983173076923077 0.4951923076923077 0.0985576923076923 0.1875
4 0.4675480769230769 0.8533653846153846 0.2860576923076923 0.2932692307692308
4 0.4182692307692308 0.5865384615384616 0.21634615384615385 0.25
4 0.2692307692307692 0.6850961538461539 0.34134615384615385 0.44711538461538464
4 0.2692307692307692 0.9495192307692307 0.32211538461538464 0.10096153846153846
4 0.8725961538461539 0.8629807692307693 0.25961538461538464 0.27403846153846156
4 0.9350961538461539 0.7175480769230769 0.12980769230769232 0.23317307692307693
4 0.9495192307692307 0.18389423076923078 0.038461538461538464 0.3389423076923077
