4 0.6947115384615384 0.41346153846153844 0.5240384615384616 0.14903846153846154
4 0.8774038461538461 0.4963942307692308 0.13942307692307693 0.34375
4 0.24158653846153846 0.42427884615384615 0.30528846153846156 0.10817307692307693
4 0.45913461538461536 0.4483173076923077 0.41346153846153844 0.09375
4 0.3389423076923077 0.5096153846153846 0.1875 0.04807692307692308
4 0.39663461538461536 0.5264423076923077 0.28846153846153844 0.0625
4 0.47836538461538464 0.5697115384615384 0.25 0.08653846153846154
4 0.7103365384615384 0.5372596153846154 0.31971153846153844 0.06971153846153846
4 0.7403846153846154 0.5961538461538461 0.27403846153846156 0.0625
4 0.234375 0.5612980769230769 0.31971153846153844 0.06971153846153846
4 0.21033653846153846 0.5024038461538461 0.055288461538461536 0.04807692307692308
