4 0.30528846153846156 0.4182692307692308 0.6009615384615384 0.8269230769230769
4 0.7451923076923077 0.23076923076923078 0.5048076923076923 0.4519230769230769
4 0.45552884615384615 0.3581730769230769 0.34375 0.28846153846153844
4 0.44711538461538464 0.4951923076923077 0.625 0.3605769230769231
4 0.4831730769230769 0.5925480769230769 0.6634615384615384 0.44471153846153844
4 0.44711538461538464 0.6346153846153846 0.7355769230769231 0.5
4 0.6201923076923077 0.640625 0.5625 0.44471153846153844
4 0.17548076923076922 0.8810096153846154 0.34134615384615385 0.2283653846153846
4 0.5372596153846154 0.8978365384615384 0.7572115384615384 0.19471153846153846
4 0.8665865384615384 0.7451923076923077 0.19471153846153846 0.23557692307692307
4 0.9447115384615384 0.578125 0.10096153846153846 0.30528846153846156
