4 0.45072115384615385 0.5096153846153846 0.7427884615384616 0.9423076923076923
4 0.5264423076923077 0.5793269230769231 0.40865384615384615 0.3701923076923077
4 0.6370192307692307 0.5096153846153846 0.2548076923076923 0.3557692307692308
4 0.6754807692307693 0.4182692307692308 0.24519230769230768 0.4230769230769231
4 0.7163461538461539 0.36778846153846156 0.21634615384615385 0.39903846153846156
4 0.7451923076923077 0.3112980769230769 0.1778846153846154 0.37740384615384615
4 0.7632211538461539 0.25240384615384615 0.15144230769230768 0.40865384615384615
4 0.40625 0.3233173076923077 0.6586538461538461 0.5600961538461539
4 0.28846153846153844 0.7824519230769231 0.40865384615384615 0.37740384615384615
4 0.3485576923076923 0.6826923076923077 0.18269230769230768 0.25
4 0.5516826923076923 0.8461538461538461 0.3245192307692308 0.23557692307692307
