4 0.4963942307692308 0.8641826923076923 0.18990384615384615 0.27163461538461536
4 0.6442307692307693 0.6947115384615384 0.13942307692307693 0.27403846153846156
4 0.36177884615384615 0.5997596153846154 0.21875 0.24278846153846154
4 0.3425480769230769 0.40865384615384615 0.24278846153846154 0.25
4 0.20192307692307693 0.17908653846153846 0.10096153846153846 0.18028846153846154
4 0.3269230769230769 0.18629807692307693 0.16346153846153846 0.25721153846153844
4 0.49158653846153844 0.17908653846153846 0.18028846153846154 0.30528846153846156
4 0.6442307692307693 0.14783653846153846 0.1875 0.25721153846153844
4 0.7836538461538461 0.4026442307692308 0.13942307692307693 0.28125
4 0.7764423076923077 0.16346153846153846 0.125 0.22596153846153846
4 0.6466346153846154 0.4206730769230769 0.16346153846153846 0.28846153846153844
4 0.5072115384615384 0.4014423076923077 0.16346153846153846 0.20192307692307693
4 0.5072115384615384 0.609375 0.22596153846153846 0.24278846153846154
