4 0.3858173076923077 0.46875 0.53125 0.8365384615384616
4 0.5901442307692307 0.2247596153846154 0.28125 0.30528846153846156
4 0.5540865384615384 0.35096153846153844 0.30528846153846156 0.35096153846153844
4 0.5721153846153846 0.4411057692307692 0.4230769230769231 0.46875
4 0.6586538461538461 0.4639423076923077 0.3605769230769231 0.2980769230769231
4 0.6550480769230769 0.5889423076923077 0.36778846153846156 0.3269230769230769
4 0.45913461538461536 0.7067307692307693 0.08653846153846154 0.13942307692307693
4 0.6129807692307693 0.7524038461538461 0.23557692307692307 0.17307692307692307
4 0.7331730769230769 0.9038461538461539 0.3701923076923077 0.19230769230769232
4 0.7764423076923077 0.7572115384615384 0.3125 0.35096153846153844
4 0.8942307692307693 0.5 0.125 0.21153846153846154
4 0.765625 0.7776442307692307 0.38221153846153844 0.34375
