4 0.8305288461538461 0.15625 0.15625 0.28846153846153844
4 0.7259615384615384 0.328125 0.27403846153846156 0.6322115384615384
4 0.8461538461538461 0.5072115384615384 0.125 0.46153846153846156
4 0.8112980769230769 0.8677884615384616 0.19951923076923078 0.2644230769230769
4 0.7487980769230769 0.734375 0.19471153846153846 0.30528846153846156
4 0.6862980769230769 0.75 0.18028846153846154 0.27403846153846156
4 0.5108173076923077 0.6334134615384616 0.4254807692307692 0.7331730769230769
4 0.6117788461538461 0.2776442307692308 0.15625 0.53125
4 0.4951923076923077 0.1658653846153846 0.17307692307692307 0.3125
4 0.4795673076923077 0.3112980769230769 0.09375 0.11778846153846154
4 0.30288461538461536 0.2283653846153846 0.39903846153846156 0.4375
4 0.09375 0.21394230769230768 0.1778846153846154 0.40865384615384615
4 0.36538461538461536 0.625 0.22596153846153846 0.22596153846153846
4 0.4362980769230769 0.8677884615384616 0.2620192307692308 0.2644230769230769
4 0.3858173076923077 0.5721153846153846 0.28125 0.5144230769230769
4 0.23798076923076922 0.7067307692307693 0.23557692307692307 0.5
4 0.31850961538461536 0.9735576923076923 0.10336538461538461 0.052884615384615384
4 0.13701923076923078 0.84375 0.2644230769230769 0.3125
4 0.0625 0.5540865384615384 0.11538461538461539 0.2764423076923077
4 0.14423076923076922 0.6778846153846154 0.27884615384615385 0.5096153846153846
4 0.4567307692307692 0.5048076923076923 0.9038461538461539 0.9903846153846154
