1 0.5576923076923077 0.8052884615384616 0.23557692307692307 0.09134615384615384
1 0.5600961538461539 0.6778846153846154 0.2403846153846154 0.09134615384615384
1 0.5600961538461539 0.5528846153846154 0.2403846153846154 0.09134615384615384
1 0.5600961538461539 0.4230769230769231 0.23076923076923078 0.09134615384615384
1 0.5576923076923077 0.2980769230769231 0.23557692307692307 0.09134615384615384
1 0.5625 0.16826923076923078 0.23557692307692307 0.09134615384615384
2 0.35096153846153844 0.8052884615384616 0.1778846153846154 0.07692307692307693
2 0.35096153846153844 0.6802884615384616 0.16826923076923078 0.07211538461538461
2 0.35096153846153844 0.5528846153846154 0.16826923076923078 0.07692307692307693
2 0.3485576923076923 0.4230769230769231 0.18269230769230768 0.07692307692307693
2 0.35336538461538464 0.2980769230769231 0.17307692307692307 0.07692307692307693
2 0.3581730769230769 0.16826923076923078 0.1778846153846154 0.07211538461538461
