1 0.8401442307692307 0.7331730769230769 0.07451923076923077 0.12980769230769232
1 0.7584134615384616 0.7199519230769231 0.07932692307692307 0.15625
1 0.671875 0.7043269230769231 0.10336538461538461 0.1778846153846154
1 0.5709134615384616 0.6935096153846154 0.0889423076923077 0.18990384615384615
1 0.46875 0.6862980769230769 0.09615384615384616 0.2091346153846154
1 0.35336538461538464 0.6598557692307693 0.11538461538461539 0.25721153846153844
1 0.21514423076923078 0.6286057692307693 0.14182692307692307 0.3245192307692308
3 0.84375 0.6117788461538461 0.0625 0.13221153846153846
3 0.7584134615384616 0.5757211538461539 0.06971153846153846 0.13221153846153846
3 0.6658653846153846 0.5552884615384616 0.0625 0.13942307692307693
3 0.5721153846153846 0.5360576923076923 0.052884615384615384 0.125
3 0.46875 0.515625 0.07211538461538461 0.12740384615384615
3 0.35096153846153844 0.46875 0.0673076923076923 0.125
3 0.21153846153846154 0.40024038461538464 0.07211538461538461 0.12740384615384615
