1 0.5024038461538461 0.8737980769230769 0.5913461538461539 0.15144230769230768
1 0.5336538461538461 0.7668269230769231 0.5817307692307693 0.16826923076923078
1 0.5793269230769231 0.6418269230769231 0.5913461538461539 0.17307692307692307
1 0.6153846153846154 0.49278846153846156 0.5865384615384616 0.1875
1 0.5841346153846154 0.3245192307692308 0.5865384615384616 0.19230769230769232
1 0.5408653846153846 0.20552884615384615 0.5865384615384616 0.1466346153846154
1 0.5072115384615384 0.11899038461538461 0.5913461538461539 0.14182692307692307
1 0.25240384615384615 0.3485576923076923 0.08173076923076923 0.0625
1 0.3786057692307692 0.41466346153846156 0.2620192307692308 0.08413461538461539
1 0.36538461538461536 0.5829326923076923 0.23557692307692307 0.08413461538461539
1 0.2692307692307692 0.53125 0.125 0.07211538461538461
1 0.3293269230769231 0.7019230769230769 0.23557692307692307 0.07692307692307693
