1 0.5204326923076923 0.6730769230769231 0.3245192307692308 0.5096153846153846
1 0.8221153846153846 0.47836538461538464 0.35096153846153844 0.7019230769230769
1 0.6322115384615384 0.34615384615384615 0.0673076923076923 0.1875
1 0.3557692307692308 0.3798076923076923 0.2548076923076923 0.30288461538461536
1 0.18028846153846154 0.3173076923076923 0.15865384615384615 0.28846153846153844
1 0.057692307692307696 0.26802884615384615 0.11057692307692307 0.2620192307692308
3 0.8485576923076923 0.0673076923076923 0.2980769230769231 0.1201923076923077
3 0.27403846153846156 0.6995192307692307 0.23076923076923078 0.2980769230769231
3 0.6237980769230769 0.23076923076923078 0.08413461538461539 0.052884615384615384
3 0.3545673076923077 0.1875 0.25721153846153844 0.12980769230769232
3 0.5480769230769231 0.1346153846153846 0.23557692307692307 0.11057692307692307
3 0.625 0.051682692307692304 0.22115384615384615 0.0889423076923077
3 0.4987980769230769 0.020432692307692308 0.2091346153846154 0.036057692307692304
3 0.41346153846153844 0.08052884615384616 0.2548076923076923 0.09375
3 0.22115384615384615 0.13221153846153846 0.25 0.125
3 0.28725961538461536 0.040865384615384616 0.23317307692307693 0.07692307692307693
3 0.10216346153846154 0.08413461538461539 0.19951923076923078 0.1201923076923077
