1 0.10817307692307693 0.5432692307692307 0.17307692307692307 0.8653846153846154
1 0.3125 0.53125 0.16826923076923078 0.8894230769230769
1 0.5072115384615384 0.5168269230769231 0.17307692307692307 0.9086538461538461
1 0.7043269230769231 0.5829326923076923 0.17307692307692307 0.7860576923076923
1 0.9086538461538461 0.5168269230769231 0.17307692307692307 0.9086538461538461
3 0.11298076923076923 0.09014423076923077 0.07692307692307693 0.026442307692307692
3 0.3125 0.07211538461538461 0.07692307692307693 0.03365384615384615
3 0.5168269230769231 0.042067307692307696 0.07211538461538461 0.026442307692307692
3 0.7103365384615384 0.171875 0.07451923076923077 0.026442307692307692
3 0.9086538461538461 0.046875 0.07211538461538461 0.021634615384615384
