1 0.7415865384615384 0.7355769230769231 0.43509615384615385 0.47596153846153844
1 0.2403846153846154 0.6334134615384616 0.41346153846153844 0.6899038461538461
1 0.9543269230769231 0.4182692307692308 0.08653846153846154 0.3701923076923077
1 0.5444711538461539 0.421875 0.055288461538461536 0.18990384615384615
1 0.47115384615384615 0.4495192307692308 0.08653846153846154 0.2644230769230769
1 0.38461538461538464 0.4495192307692308 0.09615384615384616 0.24519230769230768
1 0.13701923076923078 0.4495192307692308 0.11057692307692307 0.24519230769230768
1 0.6322115384615384 0.11538461538461539 0.09134615384615384 0.16346153846153846
1 0.7103365384615384 0.10817307692307693 0.07451923076923077 0.13942307692307693
1 0.7632211538461539 0.13701923076923078 0.06009615384615385 0.10096153846153846
1 0.9591346153846154 0.13221153846153846 0.08173076923076923 0.08173076923076923
1 0.5120192307692307 0.10576923076923077 0.10096153846153846 0.16346153846153846
1 0.41225961538461536 0.09615384615384616 0.06971153846153846 0.10576923076923077
1 0.028846153846153848 0.17067307692307693 0.038461538461538464 0.11538461538461539
2 0.25 0.19951923076923078 0.375 0.23557692307692307
2 0.7596153846153846 0.44471153846153844 0.38461538461538464 0.2548076923076923
