1 0.23317307692307693 0.4831730769230769 0.3269230769230769 0.3173076923076923
1 0.7692307692307693 0.7776442307692307 0.3557692307692308 0.2956730769230769
1 0.640625 0.8137019230769231 0.08413461538461539 0.16105769230769232
1 0.8149038461538461 0.484375 0.125 0.1658653846153846
1 0.5024038461538461 0.46634615384615385 0.23076923076923078 0.14903846153846154
1 0.41225961538461536 0.3701923076923077 0.24759615384615385 0.1346153846153846
1 0.2247596153846154 0.6586538461538461 0.21394230769230768 0.13942307692307693
1 0.7319711538461539 0.5961538461538461 0.17548076923076922 0.08653846153846154
1 0.5709134615384616 0.6081730769230769 0.25240384615384615 0.15384615384615385
1 0.4951923076923077 0.7415865384615384 0.19230769230769232 0.30528846153846156
1 0.37740384615384615 0.6033653846153846 0.09134615384615384 0.125
1 0.3605769230769231 0.7283653846153846 0.30288461538461536 0.1971153846153846
