1 0.8161057692307693 0.2776442307692308 0.20432692307692307 0.2860576923076923
1 0.7019230769230769 0.38221153846153844 0.3317307692307692 0.4230769230769231
1 0.671875 0.45552884615384615 0.24278846153846154 0.2764423076923077
1 0.7163461538461539 0.6850961538461539 0.35096153846153844 0.3317307692307692
1 0.5528846153846154 0.6802884615384616 0.18269230769230768 0.40384615384615385
1 0.4338942307692308 0.671875 0.15144230769230768 0.19951923076923078
1 0.49399038461538464 0.4579326923076923 0.2091346153846154 0.28125
1 0.4338942307692308 0.45072115384615385 0.17067307692307693 0.25721153846153844
1 0.3629807692307692 0.2536057692307692 0.28365384615384615 0.13701923076923078
1 0.2692307692307692 0.41346153846153844 0.34615384615384615 0.34134615384615385
1 0.2800480769230769 0.5841346153846154 0.15625 0.125
1 0.2704326923076923 0.7644230769230769 0.20432692307692307 0.27884615384615385
