1 0.3076923076923077 0.23557692307692307 0.16346153846153846 0.34615384615384615
1 0.20552884615384615 0.5540865384615384 0.31971153846153844 0.7379807692307693
1 0.4963942307692308 0.2283653846153846 0.13701923076923078 0.32211538461538464
1 0.49158653846153844 0.4891826923076923 0.25240384615384615 0.5985576923076923
1 0.6610576923076923 0.18509615384615385 0.11538461538461539 0.23557692307692307
1 0.7091346153846154 0.43509615384615385 0.1971153846153846 0.5240384615384616
1 0.8028846153846154 0.18028846153846154 0.09615384615384616 0.22596153846153846
1 0.8846153846153846 0.3762019230769231 0.16346153846153846 0.35336538461538464
3 0.30528846153846156 0.4387019230769231 0.16826923076923078 0.10336538461538461
3 0.20432692307692307 0.9507211538461539 0.1875 0.07451923076923077
3 0.49278846153846156 0.8221153846153846 0.17307692307692307 0.0625
3 0.5012019230769231 0.41947115384615385 0.13701923076923078 0.07451923076923077
3 0.7139423076923077 0.7247596153846154 0.15384615384615385 0.07451923076923077
3 0.6634615384615384 0.3401442307692308 0.11538461538461539 0.07451923076923077
3 0.8076923076923077 0.328125 0.09615384615384616 0.07451923076923077
3 0.8870192307692307 0.5877403846153846 0.1346153846153846 0.06971153846153846
