1 0.25721153846153844 0.46875 0.375 0.3557692307692308
1 0.4519230769230769 0.27884615384615385 0.47115384615384615 0.4182692307692308
1 0.5204326923076923 0.7163461538461539 0.5024038461538461 0.4567307692307692
3 0.47596153846153844 0.47596153846153844 0.16346153846153846 0.34134615384615385
3 0.7223557692307693 0.28365384615384615 0.15144230769230768 0.40865384615384615
3 0.8125 0.6862980769230769 0.1875 0.49759615384615385
0 0.6153846153846154 0.8149038461538461 0.09615384615384616 0.1201923076923077
0 0.578125 0.6875 0.09375 0.15865384615384615
0 0.6129807692307693 0.5444711538461539 0.07692307692307693 0.15144230769230768
0 0.6538461538461539 0.6177884615384616 0.0673076923076923 0.1201923076923077
0 0.6730769230769231 0.5384615384615384 0.038461538461538464 0.07692307692307693
0 0.6490384615384616 0.7235576923076923 0.057692307692307696 0.09615384615384616
0 0.6586538461538461 0.8545673076923077 0.07692307692307693 0.10336538461538461
0 0.5504807692307693 0.8822115384615384 0.09615384615384616 0.052884615384615384
0 0.5228365384615384 0.7944711538461539 0.0889423076923077 0.14182692307692307
0 0.5240384615384616 0.671875 0.0673076923076923 0.08413461538461539
0 0.4567307692307692 0.7427884615384616 0.08173076923076923 0.13942307692307693
0 0.4230769230769231 0.8040865384615384 0.07692307692307693 0.0889423076923077
0 0.39302884615384615 0.7067307692307693 0.08413461538461539 0.1201923076923077
0 0.45913461538461536 0.6574519230769231 0.057692307692307696 0.026442307692307692
0 0.3317307692307692 0.6850961538461539 0.07211538461538461 0.07692307692307693
0 0.34134615384615385 0.7620192307692307 0.08173076923076923 0.08173076923076923
0 0.375 0.8629807692307693 0.1201923076923077 0.10096153846153846
0 0.47596153846153844 0.8617788461538461 0.07692307692307693 0.0889423076923077
0 0.23798076923076922 0.4723557692307692 0.28365384615384615 0.3245192307692308
