1 0.5072115384615384 0.5 0.2403846153846154 0.9567307692307693
1 0.38822115384615385 0.49399038461538464 0.10817307692307693 0.6225961538461539
1 0.27884615384615385 0.49759615384615385 0.12980769230769232 0.5384615384615384
1 0.21754807692307693 0.4879807692307692 0.06490384615384616 0.47596153846153844
1 0.1466346153846154 0.5048076923076923 0.09134615384615384 0.41346153846153844
1 0.10336538461538461 0.5096153846153846 0.057692307692307696 0.3317307692307692
1 0.042067307692307696 0.5144230769230769 0.06009615384615385 0.25961538461538464
1 0.6862980769230769 0.4879807692307692 0.15144230769230768 0.6778846153846154
1 0.7632211538461539 0.49759615384615385 0.10817307692307693 0.5865384615384616
1 0.8569711538461539 0.49038461538461536 0.10336538461538461 0.47115384615384615
1 0.8942307692307693 0.5024038461538461 0.0673076923076923 0.4182692307692308
1 0.9615384615384616 0.5168269230769231 0.07692307692307693 0.34615384615384615
3 0.2824519230769231 0.22115384615384615 0.06009615384615385 0.02403846153846154
3 0.23557692307692307 0.24278846153846154 0.03365384615384615 0.009615384615384616
3 0.16105769230769232 0.29086538461538464 0.038461538461538464 0.02403846153846154
3 0.12139423076923077 0.3293269230769231 0.021634615384615384 0.019230769230769232
3 0.052884615384615384 0.375 0.028846153846153848 0.014423076923076924
3 0.41346153846153844 0.17067307692307693 0.057692307692307696 0.014423076923076924
3 0.5060096153846154 0.016826923076923076 0.0985576923076923 0.028846153846153848
3 0.6802884615384616 0.1346153846153846 0.0673076923076923 0.02403846153846154
3 0.7439903846153846 0.18990384615384615 0.06009615384615385 0.02403846153846154
3 0.8509615384615384 0.24759615384615385 0.057692307692307696 0.019230769230769232
3 0.8894230769230769 0.2860576923076923 0.028846153846153848 0.014423076923076924
3 0.9615384615384616 0.3293269230769231 0.028846153846153848 0.009615384615384616
