1 0.7788461538461539 0.9411057692307693 0.1778846153846154 0.11298076923076923
1 0.9399038461538461 0.9567307692307693 0.1201923076923077 0.08173076923076923
1 0.9423076923076923 0.8713942307692307 0.11538461538461539 0.18028846153846154
1 0.7836538461538461 0.8425480769230769 0.2548076923076923 0.17548076923076922
1 0.9278846153846154 0.7524038461538461 0.14423076923076922 0.14903846153846154
1 0.8389423076923077 0.75 0.21153846153846154 0.16346153846153846
1 0.6009615384615384 0.9411057692307693 0.19230769230769232 0.11298076923076923
1 0.4891826923076923 0.9122596153846154 0.1466346153846154 0.17067307692307693
1 0.5300480769230769 0.7932692307692307 0.24278846153846154 0.20192307692307693
1 0.7043269230769231 0.8269230769230769 0.10576923076923077 0.09134615384615384
1 0.6586538461538461 0.7572115384615384 0.10096153846153846 0.08653846153846154
1 0.6358173076923077 0.6850961538461539 0.22355769230769232 0.14903846153846154
1 0.7584134615384616 0.6850961538461539 0.12740384615384615 0.09615384615384616
1 0.7307692307692307 0.5865384615384616 0.11057692307692307 0.08173076923076923
1 0.8461538461538461 0.5925480769230769 0.1346153846153846 0.17067307692307693
1 0.8918269230769231 0.5096153846153846 0.21634615384615385 0.22115384615384615
1 0.9495192307692307 0.6298076923076923 0.10096153846153846 0.1201923076923077
1 0.7331730769230769 0.49278846153846156 0.20192307692307693 0.16346153846153846
1 0.8341346153846154 0.3088942307692308 0.10576923076923077 0.10817307692307693
1 0.8774038461538461 0.3545673076923077 0.15865384615384615 0.11298076923076923
1 0.9471153846153846 0.28846153846153844 0.10576923076923077 0.1201923076923077
1 0.9651442307692307 0.3605769230769231 0.06971153846153846 0.0673076923076923
1 0.9170673076923077 0.23076923076923078 0.1466346153846154 0.125
1 0.9519230769230769 0.12379807692307693 0.09134615384615384 0.10817307692307693
1 0.8605769230769231 0.14182692307692307 0.11538461538461539 0.08173076923076923
1 0.9014423076923077 0.0625 0.1971153846153846 0.1201923076923077
1 0.07211538461538461 0.7884615384615384 0.13942307692307693 0.27403846153846156
1 0.20673076923076922 0.8557692307692307 0.17307692307692307 0.28365384615384615
1 0.27524038461538464 0.9435096153846154 0.12740384615384615 0.10817307692307693
1 0.3557692307692308 0.9230769230769231 0.14903846153846154 0.14903846153846154
1 0.3125 0.8293269230769231 0.10096153846153846 0.09615384615384616
1 0.3942307692307692 0.8052884615384616 0.15865384615384615 0.13942307692307693
1 0.07692307692307693 0.9182692307692307 0.13942307692307693 0.15865384615384615
1 0.03365384615384615 0.8425480769230769 0.0625 0.18509615384615385
1 0.34134615384615385 0.6466346153846154 0.07211538461538461 0.16346153846153846
1 0.38221153846153844 0.5829326923076923 0.07692307692307693 0.17067307692307693
1 0.4326923076923077 0.6225961538461539 0.08653846153846154 0.16346153846153846
1 0.49759615384615385 0.5552884615384616 0.125 0.1346153846153846
1 0.578125 0.5985576923076923 0.18509615384615385 0.19230769230769232
1 0.5793269230769231 0.4723557692307692 0.07211538461538461 0.11298076923076923
1 0.6971153846153846 0.4795673076923077 0.13942307692307693 0.18028846153846154
1 0.3557692307692308 0.27163461538461536 0.15865384615384615 0.16346153846153846
1 0.4807692307692308 0.3004807692307692 0.10576923076923077 0.22115384615384615
1 0.5625 0.25600961538461536 0.11538461538461539 0.10336538461538461
1 0.6201923076923077 0.3629807692307692 0.11538461538461539 0.1346153846153846
1 0.6622596153846154 0.2956730769230769 0.06971153846153846 0.14423076923076922
1 0.7451923076923077 0.3004807692307692 0.08653846153846154 0.20192307692307693
1 0.32091346153846156 0.375 0.1658653846153846 0.16346153846153846
1 0.22956730769230768 0.42908653846153844 0.1658653846153846 0.18028846153846154
1 0.12740384615384615 0.5913461538461539 0.15384615384615385 0.14423076923076922
1 0.22716346153846154 0.6286057692307693 0.1466346153846154 0.18028846153846154
1 0.030048076923076924 0.5733173076923077 0.055288461538461536 0.14182692307692307
1 0.03365384615384615 0.4495192307692308 0.0625 0.23076923076923078
1 0.09495192307692307 0.3449519230769231 0.10817307692307693 0.10817307692307693
1 0.5012019230769231 0.5012019230769231 0.9975961538461539 0.9975961538461539
1 0.20673076923076922 0.28365384615384615 0.10576923076923077 0.1201923076923077
1 0.24278846153846154 0.20432692307692307 0.10096153846153846 0.15384615384615385
1 0.32211538461538464 0.07451923076923077 0.1346153846153846 0.07211538461538461
1 0.34615384615384615 0.15264423076923078 0.13942307692307693 0.10336538461538461
1 0.4375 0.08173076923076923 0.09615384615384616 0.08653846153846154
1 0.4519230769230769 0.14182692307692307 0.10096153846153846 0.09134615384615384
1 0.5252403846153846 0.09975961538461539 0.0889423076923077 0.11298076923076923
1 0.6298076923076923 0.1310096153846154 0.1201923076923077 0.17548076923076922
1 0.7307692307692307 0.12139423076923077 0.11057692307692307 0.18509615384615385
1 0.7283653846153846 0.05048076923076923 0.2403846153846154 0.09134615384615384
1 0.5396634615384616 0.04447115384615385 0.18028846153846154 0.08413461538461539
1 0.3581730769230769 0.05048076923076923 0.23076923076923078 0.09134615384615384
1 0.17548076923076922 0.04326923076923077 0.1346153846153846 0.07211538461538461
1 0.14423076923076922 0.14423076923076922 0.14423076923076922 0.15865384615384615
1 0.0889423076923077 0.24759615384615385 0.16346153846153846 0.08653846153846154
1 0.040865384615384616 0.1346153846153846 0.07211538461538461 0.14903846153846154
1 0.06009615384615385 0.03125 0.11538461538461539 0.057692307692307696
