1 0.6754807692307693 0.4951923076923077 0.27403846153846156 0.27884615384615385
1 0.8605769230769231 0.40384615384615385 0.1778846153846154 0.13942307692307693
1 0.8641826923076923 0.5012019230769231 0.08413461538461539 0.0985576923076923
1 0.8605769230769231 0.6057692307692307 0.0625 0.12980769230769232
1 0.7944711538461539 0.5733173076923077 0.0985576923076923 0.10817307692307693
1 0.6658653846153846 0.6286057692307693 0.15865384615384615 0.10336538461538461
1 0.5084134615384616 0.7043269230769231 0.0889423076923077 0.13942307692307693
1 0.41586538461538464 0.7644230769230769 0.15384615384615385 0.14423076923076922
1 0.31490384615384615 0.7259615384615384 0.18269230769230768 0.125
1 0.29086538461538464 0.6141826923076923 0.16826923076923078 0.1466346153846154
1 0.38341346153846156 0.5853365384615384 0.14182692307692307 0.2764423076923077
1 0.5096153846153846 0.49759615384615385 0.0673076923076923 0.11057692307692307
1 0.4891826923076923 0.6213942307692307 0.0889423076923077 0.10817307692307693
1 0.5048076923076923 0.3473557692307692 0.12980769230769232 0.18990384615384615
1 0.6201923076923077 0.26322115384615385 0.10096153846153846 0.10817307692307693
1 0.6598557692307693 0.29927884615384615 0.11778846153846154 0.0985576923076923
1 0.7475961538461539 0.27163461538461536 0.10096153846153846 0.11538461538461539
1 0.7560096153846154 0.22235576923076922 0.14182692307692307 0.0889423076923077
1 0.7992788461538461 0.3004807692307692 0.16105769230769232 0.12980769230769232
1 0.6129807692307693 0.19230769230769232 0.10576923076923077 0.07211538461538461
1 0.5769230769230769 0.17307692307692307 0.11057692307692307 0.125
1 0.4963942307692308 0.18028846153846154 0.13701923076923078 0.12980769230769232
1 0.3317307692307692 0.35216346153846156 0.28846153846153844 0.21394230769230768
1 0.23677884615384615 0.3557692307692308 0.20432692307692307 0.12980769230769232
1 0.20072115384615385 0.4387019230769231 0.13701923076923078 0.23317307692307693
1 0.3125 0.23557692307692307 0.2403846153846154 0.14423076923076922
2 0.10216346153846154 0.5036057692307693 0.10336538461538461 0.10336538461538461
