1 0.7896634615384616 0.5625 0.13221153846153846 0.28365384615384615
1 0.6538461538461539 0.5540865384615384 0.12980769230769232 0.2764423076923077
1 0.5132211538461539 0.5600961538461539 0.14182692307692307 0.27884615384615385
1 0.36899038461538464 0.5552884615384616 0.13701923076923078 0.2548076923076923
1 0.21754807692307693 0.5444711538461539 0.13701923076923078 0.2764423076923077
2 0.21514423076923078 0.3473557692307692 0.15144230769230768 0.1466346153846154
2 0.3581730769230769 0.3581730769230769 0.1346153846153846 0.15865384615384615
2 0.5036057692307693 0.3605769230769231 0.1466346153846154 0.15384615384615385
2 0.6574519230769231 0.3605769230769231 0.13701923076923078 0.15384615384615385
2 0.7980769230769231 0.3641826923076923 0.1346153846153846 0.1466346153846154
