1 0.22115384615384615 0.5709134615384616 0.20673076923076922 0.4639423076923077
1 0.36778846153846156 0.6069711538461539 0.3076923076923077 0.65625
1 0.5588942307692307 0.47836538461538464 0.2283653846153846 0.5480769230769231
1 0.6237980769230769 0.7223557692307693 0.15144230769230768 0.3389423076923077
1 0.8052884615384616 0.7115384615384616 0.14903846153846154 0.2548076923076923
1 0.7331730769230769 0.5769230769230769 0.18269230769230768 0.3894230769230769
2 0.21394230769230768 0.27524038461538464 0.14903846153846154 0.11778846153846154
2 0.37259615384615385 0.22355769230769232 0.14423076923076922 0.11057692307692307
2 0.5673076923076923 0.16105769230769232 0.14903846153846154 0.10096153846153846
2 0.6201923076923077 0.4987980769230769 0.14903846153846154 0.0985576923076923
2 0.7307692307692307 0.328125 0.1346153846153846 0.10817307692307693
2 0.8076923076923077 0.5420673076923077 0.1346153846153846 0.09375
