1 0.21514423076923078 0.4206730769230769 0.18509615384615385 0.5
1 0.3401442307692308 0.25721153846153844 0.18509615384615385 0.2403846153846154
1 0.4987980769230769 0.4098557692307692 0.22355769230769232 0.4639423076923077
1 0.3762019230769231 0.6177884615384616 0.20432692307692307 0.38461538461538464
1 0.6177884615384616 0.6177884615384616 0.16346153846153846 0.2644230769230769
1 0.6862980769230769 0.2776442307692308 0.25721153846153844 0.2956730769230769
1 0.7740384615384616 0.40865384615384615 0.23076923076923078 0.4519230769230769
3 0.3389423076923077 0.40384615384615385 0.14423076923076922 0.0673076923076923
3 0.21514423076923078 0.7043269230769231 0.17548076923076922 0.052884615384615384
3 0.3762019230769231 0.8413461538461539 0.18028846153846154 0.07211538461538461
3 0.5 0.6706730769230769 0.18269230769230768 0.07211538461538461
3 0.6129807692307693 0.7800480769230769 0.16346153846153846 0.06009615384615385
3 0.6875 0.46033653846153844 0.2548076923076923 0.10817307692307693
