1 0.5949519230769231 0.8918269230769231 0.14182692307692307 0.08173076923076923
1 0.6105769230769231 0.796875 0.16346153846153846 0.09375
1 0.6201923076923077 0.6947115384615384 0.1875 0.10096153846153846
1 0.6322115384615384 0.5841346153846154 0.21634615384615385 0.10096153846153846
1 0.6442307692307693 0.46153846153846156 0.23557692307692307 0.11538461538461539
1 0.6730769230769231 0.32211538461538464 0.2980769230769231 0.1346153846153846
1 0.71875 0.16105769230769232 0.375 0.17307692307692307
1 0.10576923076923077 0.8894230769230769 0.1346153846153846 0.07692307692307693
1 0.11778846153846154 0.7980769230769231 0.15865384615384615 0.08173076923076923
1 0.13221153846153846 0.6971153846153846 0.1875 0.09615384615384616
1 0.14182692307692307 0.5817307692307693 0.21153846153846154 0.10576923076923077
1 0.15144230769230768 0.46153846153846156 0.23557692307692307 0.125
1 0.18028846153846154 0.3245192307692308 0.28365384615384615 0.13942307692307693
1 0.2283653846153846 0.17307692307692307 0.3701923076923077 0.16346153846153846
3 0.4495192307692308 0.16826923076923078 0.0673076923076923 0.07211538461538461
3 0.36778846153846156 0.31971153846153844 0.0625 0.07211538461538461
3 0.31009615384615385 0.46153846153846156 0.07211538461538461 0.07211538461538461
3 0.2860576923076923 0.5793269230769231 0.07692307692307693 0.07692307692307693
3 0.2620192307692308 0.6995192307692307 0.0673076923076923 0.07692307692307693
3 0.23076923076923078 0.7956730769230769 0.0625 0.0673076923076923
3 0.20673076923076922 0.8942307692307693 0.07211538461538461 0.0673076923076923
3 0.6995192307692307 0.8942307692307693 0.0673076923076923 0.07692307692307693
3 0.7283653846153846 0.8004807692307693 0.0625 0.07692307692307693
3 0.75 0.7019230769230769 0.07211538461538461 0.07211538461538461
3 0.78125 0.5865384615384616 0.07211538461538461 0.07692307692307693
3 0.8052884615384616 0.46153846153846156 0.07692307692307693 0.07211538461538461
3 0.8581730769230769 0.32211538461538464 0.057692307692307696 0.07211538461538461
3 0.9375 0.15384615384615385 0.0673076923076923 0.07211538461538461
