1 0.46153846153846156 0.7644230769230769 0.5048076923076923 0.15865384615384615
1 0.4326923076923077 0.8629807692307693 0.36538461538461536 0.052884615384615384
1 0.4230769230769231 0.6129807692307693 0.4375 0.15384615384615385
1 0.4206730769230769 0.46274038461538464 0.4423076923076923 0.1466346153846154
1 0.4182692307692308 0.31490384615384615 0.42788461538461536 0.14423076923076922
1 0.41586538461538464 0.16466346153846154 0.4326923076923077 0.1466346153846154
2 0.7475961538461539 0.6033653846153846 0.22115384615384615 0.10576923076923077
2 0.7331730769230769 0.8617788461538461 0.22115384615384615 0.11298076923076923
2 0.7427884615384616 0.4579326923076923 0.21153846153846154 0.10817307692307693
2 0.7403846153846154 0.31490384615384615 0.21634615384615385 0.11057692307692307
2 0.7355769230769231 0.16826923076923078 0.20673076923076922 0.11538461538461539
