1 0.5084134615384616 0.13942307692307693 0.49278846153846156 0.22596153846153846
1 0.44471153846153844 0.46875 0.5288461538461539 0.34615384615384615
1 0.4951923076923077 0.84375 0.5192307692307693 0.3125
0 0.5769230769230769 0.13341346153846154 0.30288461538461536 0.2091346153846154
0 0.5 0.4699519230769231 0.3557692307692308 0.31971153846153844
0 0.5024038461538461 0.9182692307692307 0.07692307692307693 0.10576923076923077
0 0.5396634615384616 0.8269230769230769 0.08413461538461539 0.11057692307692307
0 0.5 0.7668269230769231 0.07211538461538461 0.09615384615384616
0 0.5504807692307693 0.7427884615384616 0.04326923076923077 0.057692307692307696
0 0.6057692307692307 0.7283653846153846 0.07692307692307693 0.052884615384615384
0 0.6826923076923077 0.7596153846153846 0.04326923076923077 0.1201923076923077
0 0.625 0.8028846153846154 0.08173076923076923 0.09615384615384616
0 0.6298076923076923 0.8846153846153846 0.08173076923076923 0.1201923076923077
0 0.6899038461538461 0.90625 0.04807692307692308 0.09615384615384616
0 0.6418269230769231 0.9495192307692307 0.08173076923076923 0.0625
0 0.5721153846153846 0.9302884615384616 0.07211538461538461 0.11057692307692307
