1 0.6490384615384616 0.8341346153846154 0.24519230769230768 0.25
1 0.5096153846153846 0.6971153846153846 0.28365384615384615 0.25
1 0.6802884615384616 0.5072115384615384 0.17307692307692307 0.21634615384615385
1 0.6862980769230769 0.20432692307692307 0.1466346153846154 0.22596153846153846
1 0.5552884615384616 0.15504807692307693 0.18269230769230768 0.20432692307692307
1 0.49038461538461536 0.41947115384615385 0.3173076923076923 0.2091346153846154
3 0.49278846153846156 0.8413461538461539 0.10576923076923077 0.24519230769230768
3 0.34615384615384615 0.7019230769230769 0.07211538461538461 0.24519230769230768
3 0.29927884615384615 0.4170673076923077 0.08413461538461539 0.20432692307692307
3 0.5552884615384616 0.5072115384615384 0.11057692307692307 0.21634615384615385
3 0.5841346153846154 0.19951923076923078 0.11057692307692307 0.22115384615384615
3 0.42427884615384615 0.1502403846153846 0.0889423076923077 0.20432692307692307
