1 0.4230769230769231 0.18509615384615385 0.30288461538461536 0.2644230769230769
1 0.7920673076923077 0.2548076923076923 0.41586538461538464 0.3942307692307692
1 0.5012019230769231 0.7668269230769231 0.3485576923076923 0.2980769230769231
1 0.8173076923076923 0.6971153846153846 0.2644230769230769 0.18269230769230768
3 0.43509615384615385 0.34615384615384615 0.2692307692307692 0.038461538461538464
3 0.8052884615384616 0.4735576923076923 0.32211538461538464 0.04807692307692308
3 0.8197115384615384 0.8028846153846154 0.2403846153846154 0.04807692307692308
3 0.5048076923076923 0.9278846153846154 0.28846153846153844 0.07211538461538461
0 0.4206730769230769 0.13701923076923078 0.28846153846153844 0.13942307692307693
0 0.5 0.6850961538461539 0.3173076923076923 0.11057692307692307
0 0.8173076923076923 0.6658653846153846 0.23557692307692307 0.07692307692307693
0 0.7980769230769231 0.18389423076923078 0.39903846153846156 0.2283653846153846
