1 0.9711538461538461 0.9519230769230769 0.052884615384615384 0.09134615384615384
1 0.9254807692307693 0.8173076923076923 0.04807692307692308 0.0673076923076923
1 0.9026442307692307 0.9326923076923077 0.10817307692307693 0.12980769230769232
1 0.8016826923076923 0.9134615384615384 0.17067307692307693 0.16826923076923078
1 0.609375 0.9483173076923077 0.15625 0.0985576923076923
1 0.7067307692307693 0.9206730769230769 0.08173076923076923 0.15384615384615385
1 0.4567307692307692 0.9375 0.15865384615384615 0.1201923076923077
1 0.5408653846153846 0.8894230769230769 0.09615384615384616 0.16346153846153846
1 0.6346153846153846 0.7992788461538461 0.1346153846153846 0.18028846153846154
1 0.7956730769230769 0.7379807692307693 0.16346153846153846 0.15865384615384615
1 0.9459134615384616 0.7043269230769231 0.10817307692307693 0.125
1 0.8677884615384616 0.6334134615384616 0.08173076923076923 0.09375
1 0.953125 0.5817307692307693 0.09375 0.16346153846153846
1 0.9603365384615384 0.45552884615384615 0.07932692307692307 0.14182692307692307
1 0.8221153846153846 0.4050480769230769 0.14423076923076922 0.12740384615384615
1 0.9423076923076923 0.14182692307692307 0.11538461538461539 0.16826923076923078
1 0.8317307692307693 0.19591346153846154 0.10096153846153846 0.18028846153846154
1 0.7716346153846154 0.08653846153846154 0.10096153846153846 0.15865384615384615
1 0.7283653846153846 0.13942307692307693 0.11057692307692307 0.1971153846153846
1 0.7211538461538461 0.4699519230769231 0.10096153846153846 0.18028846153846154
1 0.7704326923076923 0.5552884615384616 0.09375 0.07692307692307693
1 0.7884615384615384 0.6322115384615384 0.11538461538461539 0.11057692307692307
1 0.6826923076923077 0.6069711538461539 0.0673076923076923 0.10336538461538461
1 0.5985576923076923 0.6658653846153846 0.1201923076923077 0.125
1 0.5120192307692307 0.6370192307692307 0.09615384615384616 0.1201923076923077
1 0.4831730769230769 0.8100961538461539 0.10576923076923077 0.23557692307692307
1 0.4014423076923077 0.6838942307692307 0.10096153846153846 0.18028846153846154
1 0.39903846153846156 0.7764423076923077 0.0625 0.07211538461538461
1 0.3545673076923077 0.9290865384615384 0.09375 0.13701923076923078
1 0.29927884615384615 0.8341346153846154 0.05048076923076923 0.11057692307692307
1 0.3016826923076923 0.7451923076923077 0.055288461538461536 0.1201923076923077
1 0.17548076923076922 0.7764423076923077 0.19230769230769232 0.32211538461538464
1 0.03245192307692308 0.38341346153846156 0.055288461538461536 0.1658653846153846
1 0.19591346153846154 0.2620192307692308 0.25721153846153844 0.4423076923076923
1 0.3713942307692308 0.07211538461538461 0.18990384615384615 0.1346153846153846
1 0.5048076923076923 0.07211538461538461 0.07211538461538461 0.1346153846153846
1 0.06610576923076923 0.04447115384615385 0.07451923076923077 0.07932692307692307
1 0.028846153846153848 0.1814903846153846 0.04807692307692308 0.07932692307692307
1 0.040865384615384616 0.6237980769230769 0.07692307692307693 0.13701923076923078
1 0.14903846153846154 0.5504807692307693 0.1778846153846154 0.15384615384615385
1 0.014423076923076924 0.734375 0.019230769230769232 0.055288461538461536
1 0.25240384615384615 0.5384615384615384 0.028846153846153848 0.0673076923076923
1 0.28365384615384615 0.46634615384615385 0.08173076923076923 0.052884615384615384
1 0.33413461538461536 0.5733173076923077 0.09134615384615384 0.13701923076923078
1 0.39783653846153844 0.47836538461538464 0.07932692307692307 0.12980769230769232
1 0.39903846153846156 0.38221153846153844 0.1201923076923077 0.14903846153846154
1 0.5144230769230769 0.3798076923076923 0.12980769230769232 0.15384615384615385
1 0.5024038461538461 0.45913461538461536 0.13942307692307693 0.16826923076923078
1 0.46875 0.5324519230769231 0.08173076923076923 0.0985576923076923
1 0.6382211538461539 0.47836538461538464 0.15625 0.20673076923076922
1 0.6394230769230769 0.21875 0.1346153846153846 0.09134615384615384
1 0.6502403846153846 0.11298076923076923 0.0985576923076923 0.1201923076923077
