1 0.14423076923076922 0.28966346153846156 0.19230769230769232 0.38221153846153844
1 0.11057692307692307 0.7572115384615384 0.13942307692307693 0.25961538461538464
1 0.28365384615384615 0.7572115384615384 0.13942307692307693 0.25961538461538464
1 0.4651442307692308 0.7307692307692307 0.12740384615384615 0.20673076923076922
1 0.6394230769230769 0.7283653846153846 0.1201923076923077 0.21153846153846154
1 0.7884615384615384 0.6670673076923077 0.11538461538461539 0.07932692307692307
1 0.9411057692307693 0.6694711538461539 0.11778846153846154 0.0889423076923077
1 0.65625 0.24879807692307693 0.14423076923076922 0.29086538461538464
1 0.40865384615384615 0.29086538461538464 0.19230769230769232 0.375
1 0.8846153846153846 0.25240384615384615 0.14423076923076922 0.2980769230769231
3 0.14423076923076922 0.5072115384615384 0.13942307692307693 0.04807692307692308
3 0.109375 0.9182692307692307 0.13701923076923078 0.052884615384615384
3 0.28125 0.9110576923076923 0.13942307692307693 0.0673076923076923
3 0.4639423076923077 0.8629807692307693 0.1346153846153846 0.057692307692307696
3 0.6346153846153846 0.8605769230769231 0.1346153846153846 0.052884615384615384
3 0.7884615384615384 0.7451923076923077 0.12980769230769232 0.09134615384615384
3 0.9375 0.7463942307692307 0.125 0.09375
3 0.8846153846153846 0.4326923076923077 0.1346153846153846 0.052884615384615384
3 0.6538461538461539 0.4254807692307692 0.12980769230769232 0.052884615384615384
3 0.4110576923076923 0.5072115384615384 0.13942307692307693 0.04807692307692308
