1 0.2776442307692308 0.5372596153846154 0.19471153846153846 0.4543269230769231
1 0.3701923076923077 0.7331730769230769 0.3269230769230769 0.2644230769230769
1 0.5348557692307693 0.4423076923076923 0.25721153846153844 0.6442307692307693
1 0.609375 0.6983173076923077 0.12740384615384615 0.29086538461538464
1 0.6706730769230769 0.7836538461538461 0.08653846153846154 0.23557692307692307
1 0.7536057692307693 0.7295673076923077 0.11298076923076923 0.29086538461538464
1 0.7788461538461539 0.5528846153846154 0.19230769230769232 0.5
2 0.6105769230769231 0.5336538461538461 0.09134615384615384 0.09134615384615384
2 0.2800480769230769 0.27884615384615385 0.13701923076923078 0.09134615384615384
2 0.5096153846153846 0.8389423076923077 0.08173076923076923 0.09134615384615384
2 0.5288461538461539 0.8918269230769231 0.15865384615384615 0.10096153846153846
2 0.16826923076923078 0.8701923076923077 0.1201923076923077 0.11057692307692307
