1 0.2512019230769231 0.6358173076923077 0.43990384615384615 0.31971153846153844
1 0.7283653846153846 0.6177884615384616 0.2980769230769231 0.14423076923076922
1 0.8605769230769231 0.4026442307692308 0.19230769230769232 0.08413461538461539
1 0.7211538461538461 0.2932692307692308 0.19230769230769232 0.057692307692307696
1 0.5745192307692307 0.32572115384615385 0.0673076923076923 0.026442307692307692
1 0.7391826923076923 0.4639423076923077 0.14182692307692307 0.09615384615384616
1 0.609375 0.45913461538461536 0.11778846153846154 0.10576923076923077
1 0.5612980769230769 0.39903846153846156 0.12259615384615384 0.057692307692307696
1 0.3918269230769231 0.4951923076923077 0.2932692307692308 0.12980769230769232
1 0.3918269230769231 0.38822115384615385 0.15865384615384615 0.05048076923076923
1 0.39663461538461536 0.2764423076923077 0.09615384615384616 0.09134615384615384
1 0.28846153846153844 0.29927884615384615 0.12980769230769232 0.03125
1 0.20072115384615385 0.3389423076923077 0.11298076923076923 0.07692307692307693
1 0.15504807692307693 0.4098557692307692 0.13701923076923078 0.026442307692307692
