1 0.16346153846153846 0.44471153846153844 0.20192307692307693 0.5721153846153846
1 0.3641826923076923 0.43990384615384615 0.19471153846153846 0.5721153846153846
1 0.5552884615384616 0.3762019230769231 0.18269230769230768 0.44471153846153844
1 0.7307692307692307 0.3473557692307692 0.15865384615384615 0.3870192307692308
1 0.8822115384615384 0.2824519230769231 0.1346153846153846 0.2668269230769231
3 0.36538461538461536 0.7884615384615384 0.125 0.125
2 0.5576923076923077 0.6478365384615384 0.10096153846153846 0.09375
2 0.16346153846153846 0.8100961538461539 0.11057692307692307 0.15865384615384615
2 0.7331730769230769 0.5901442307692307 0.10576923076923077 0.09375
2 0.8846153846153846 0.4699519230769231 0.10096153846153846 0.09375
