1 0.37740384615384615 0.17067307692307693 0.7355769230769231 0.17307692307692307
1 0.5588942307692307 0.09014423076923077 0.8822115384615384 0.13701923076923078
1 0.6790865384615384 0.27524038461538464 0.6418269230769231 0.1466346153846154
1 0.4375 0.3389423076923077 0.8605769230769231 0.16826923076923078
1 0.3004807692307692 0.40865384615384615 0.5865384615384616 0.19230769230769232
1 0.29927884615384615 0.6394230769230769 0.5793269230769231 0.23076923076923078
1 0.4423076923076923 0.5685096153846154 0.8653846153846154 0.20432692307692307
1 0.7584134615384616 0.49399038461538464 0.4831730769230769 0.16105769230769232
1 0.6778846153846154 0.7439903846153846 0.625 0.20432692307692307
1 0.3545673076923077 0.8149038461538461 0.6899038461538461 0.25
