1 0.9302884615384616 0.9086538461538461 0.13942307692307693 0.1778846153846154
1 0.8701923076923077 0.8557692307692307 0.07211538461538461 0.1201923076923077
1 0.9242788461538461 0.7716346153846154 0.07932692307692307 0.11538461538461539
1 0.9459134615384616 0.6826923076923077 0.10336538461538461 0.27403846153846156
1 0.8377403846153846 0.7271634615384616 0.10336538461538461 0.14182692307692307
1 0.8689903846153846 0.6262019230769231 0.11298076923076923 0.07932692307692307
1 0.8557692307692307 0.5120192307692307 0.22596153846153846 0.1875
1 0.9615384615384616 0.43149038461538464 0.07211538461538461 0.1658653846153846
1 0.9543269230769231 0.3076923076923077 0.08653846153846154 0.08653846153846154
1 0.9543269230769231 0.18269230769230768 0.08653846153846154 0.1778846153846154
1 0.8377403846153846 0.3701923076923077 0.2091346153846154 0.14903846153846154
1 0.7692307692307693 0.6682692307692307 0.08653846153846154 0.1778846153846154
1 0.7307692307692307 0.7283653846153846 0.125 0.16346153846153846
1 0.7860576923076923 0.8245192307692307 0.08653846153846154 0.09134615384615384
1 0.7788461538461539 0.9158653846153846 0.08173076923076923 0.10096153846153846
1 0.8004807692307693 0.9134615384615384 0.14423076923076922 0.10576923076923077
1 0.6790865384615384 0.9519230769230769 0.11778846153846154 0.09134615384615384
1 0.6478365384615384 0.8401442307692307 0.17067307692307693 0.20432692307692307
1 0.5721153846153846 0.7632211538461539 0.16346153846153846 0.19471153846153846
1 0.6778846153846154 0.609375 0.13942307692307693 0.11778846153846154
1 0.5997596153846154 0.5060096153846154 0.17067307692307693 0.2283653846153846
1 0.6850961538461539 0.47475961538461536 0.08653846153846154 0.10336538461538461
1 0.6766826923076923 0.4014423076923077 0.13221153846153846 0.18269230769230768
1 0.7475961538461539 0.3293269230769231 0.09134615384615384 0.11538461538461539
1 0.8173076923076923 0.29086538461538464 0.09134615384615384 0.09134615384615384
1 0.8617788461538461 0.22956730769230768 0.11778846153846154 0.14182692307692307
1 0.38341346153846156 0.9723557692307693 0.08413461538461539 0.05048076923076923
1 0.45913461538461536 0.9266826923076923 0.09615384615384616 0.12259615384615384
1 0.5504807692307693 0.9471153846153846 0.09615384615384616 0.10096153846153846
1 0.31490384615384615 0.9519230769230769 0.0625 0.08173076923076923
1 0.25721153846153844 0.9086538461538461 0.09134615384615384 0.125
1 0.24759615384615385 0.9771634615384616 0.08173076923076923 0.040865384615384616
1 0.1935096153846154 0.9543269230769231 0.06009615384615385 0.07692307692307693
1 0.3389423076923077 0.8858173076923077 0.14423076923076922 0.14182692307692307
1 0.3942307692307692 0.7956730769230769 0.17307692307692307 0.1875
1 0.45913461538461536 0.7091346153846154 0.10576923076923077 0.09615384615384616
1 0.052884615384615384 0.9038461538461539 0.10096153846153846 0.14903846153846154
1 0.09014423076923077 0.96875 0.15625 0.057692307692307696
1 0.10697115384615384 0.8569711538461539 0.18990384615384615 0.13701923076923078
1 0.20432692307692307 0.8269230769230769 0.16826923076923078 0.16826923076923078
1 0.15264423076923078 0.7463942307692307 0.10817307692307693 0.07451923076923077
1 0.2668269230769231 0.7620192307692307 0.09134615384615384 0.09134615384615384
1 0.3088942307692308 0.6814903846153846 0.10817307692307693 0.13221153846153846
1 0.35216346153846156 0.6141826923076923 0.08413461538461539 0.13701923076923078
1 0.19591346153846154 0.6189903846153846 0.17067307692307693 0.2283653846153846
1 0.09975961538461539 0.6466346153846154 0.07451923076923077 0.11057692307692307
1 0.0889423076923077 0.7043269230769231 0.07692307692307693 0.09615384615384616
1 0.037259615384615384 0.7115384615384616 0.06971153846153846 0.19230769230769232
1 0.06370192307692307 0.6526442307692307 0.05048076923076923 0.06971153846153846
1 0.04807692307692308 0.6141826923076923 0.04807692307692308 0.055288461538461536
1 0.07091346153846154 0.5384615384615384 0.06490384615384616 0.125
1 0.4411057692307692 0.5408653846153846 0.19951923076923078 0.2548076923076923
1 0.4170673076923077 0.3737980769230769 0.10817307692307693 0.12740384615384615
1 0.5132211538461539 0.375 0.12740384615384615 0.09615384615384616
1 0.5288461538461539 0.31009615384615385 0.1201923076923077 0.057692307692307696
1 0.6213942307692307 0.22235576923076922 0.20432692307692307 0.2283653846153846
1 0.6850961538461539 0.13341346153846154 0.13942307692307693 0.13221153846153846
1 0.7391826923076923 0.07572115384615384 0.14182692307692307 0.1466346153846154
1 0.84375 0.09375 0.1971153846153846 0.17307692307692307
1 0.9002403846153846 0.05048076923076923 0.19471153846153846 0.09615384615384616
1 0.5961538461538461 0.055288461538461536 0.1875 0.10576923076923077
1 0.46033653846153844 0.09615384615384616 0.2091346153846154 0.16826923076923078
1 0.39302884615384615 0.1814903846153846 0.16105769230769232 0.13701923076923078
1 0.4723557692307692 0.23076923076923078 0.12259615384615384 0.08173076923076923
1 0.4098557692307692 0.2644230769230769 0.16105769230769232 0.125
1 0.2932692307692308 0.34134615384615385 0.1346153846153846 0.19230769230769232
1 0.3449519230769231 0.39903846153846156 0.11778846153846154 0.08653846153846154
1 0.2439903846153846 0.4206730769230769 0.06490384615384616 0.057692307692307696
1 0.24639423076923078 0.5024038461538461 0.11298076923076923 0.09615384615384616
1 0.15625 0.4567307692307692 0.15384615384615385 0.14903846153846154
1 0.1141826923076923 0.44471153846153844 0.11778846153846154 0.09615384615384616
1 0.039663461538461536 0.42427884615384615 0.07451923076923077 0.13221153846153846
1 0.042067307692307696 0.30649038461538464 0.07932692307692307 0.13221153846153846
1 0.13942307692307693 0.2824519230769231 0.14423076923076922 0.1466346153846154
1 0.21995192307692307 0.22596153846153846 0.15625 0.09134615384615384
1 0.17908653846153846 0.15504807692307693 0.14182692307692307 0.15144230769230768
1 0.25721153846153844 0.1346153846153846 0.09134615384615384 0.1201923076923077
1 0.3088942307692308 0.08774038461538461 0.10817307692307693 0.13221153846153846
1 0.3581730769230769 0.06370192307692307 0.09134615384615384 0.11298076923076923
1 0.21153846153846154 0.05048076923076923 0.0625 0.07692307692307693
1 0.18269230769230768 0.019230769230769232 0.1201923076923077 0.03365384615384615
1 0.1346153846153846 0.07572115384615384 0.09134615384615384 0.07451923076923077
1 0.06129807692307692 0.15625 0.11778846153846154 0.1875
1 0.03485576923076923 0.15985576923076922 0.06490384615384616 0.13221153846153846
1 0.0625 0.037259615384615384 0.1201923076923077 0.06971153846153846
1 0.5 0.5 0.9951923076923077 0.9951923076923077
