1 0.33774038461538464 0.8762019230769231 0.25721153846153844 0.24759615384615385
1 0.7692307692307693 0.8401442307692307 0.2644230769230769 0.23317307692307693
1 0.34975961538461536 0.5 0.25240384615384615 0.2403846153846154
1 0.7848557692307693 0.5096153846153846 0.24278846153846154 0.21634615384615385
1 0.7776442307692307 0.171875 0.25240384615384615 0.2283653846153846
1 0.35697115384615385 0.12980769230769232 0.25721153846153844 0.25
1 0.31490384615384615 0.8233173076923077 0.40865384615384615 0.30528846153846156
1 0.7139423076923077 0.7932692307692307 0.34134615384615385 0.28365384615384615
1 0.7199519230769231 0.49158653846153844 0.3293269230769231 0.2668269230769231
1 0.328125 0.4855769230769231 0.3918269230769231 0.2932692307692308
1 0.3317307692307692 0.15745192307692307 0.3798076923076923 0.2860576923076923
1 0.7151442307692307 0.19110576923076922 0.3293269230769231 0.2620192307692308
