1 0.75 0.10817307692307693 0.40865384615384615 0.20192307692307693
1 0.9519230769230769 0.052884615384615384 0.09134615384615384 0.09134615384615384
1 0.9423076923076923 0.23317307692307693 0.11057692307692307 0.20192307692307693
1 0.7319711538461539 0.33052884615384615 0.4206730769230769 0.23317307692307693
1 0.9567307692307693 0.4639423076923077 0.08173076923076923 0.18269230769230768
1 0.9519230769230769 0.6959134615384616 0.09134615384615384 0.18509615384615385
1 0.9543269230769231 0.9158653846153846 0.08653846153846154 0.17307692307692307
1 0.7439903846153846 0.5576923076923077 0.4206730769230769 0.22115384615384615
1 0.7644230769230769 0.7944711538461539 0.40865384615384615 0.22355769230769232
1 0.7451923076923077 0.9555288461538461 0.4182692307692308 0.0889423076923077
1 0.45913461538461536 0.04567307692307692 0.3557692307692308 0.08173076923076923
1 0.17067307692307693 0.09975961538461539 0.3317307692307692 0.18509615384615385
1 0.47115384615384615 0.20432692307692307 0.3557692307692308 0.23076923076923078
1 0.48197115384615385 0.43509615384615385 0.34375 0.22596153846153846
1 0.4831730769230769 0.6658653846153846 0.3605769230769231 0.22115384615384615
1 0.4831730769230769 0.8918269230769231 0.35096153846153844 0.21634615384615385
1 0.17908653846153846 0.7692307692307693 0.3485576923076923 0.23076923076923078
1 0.17307692307692307 0.5384615384615384 0.33653846153846156 0.22596153846153846
1 0.16826923076923078 0.3076923076923077 0.3269230769230769 0.22596153846153846
1 0.17908653846153846 0.9399038461538461 0.3485576923076923 0.1201923076923077
