1 0.8341346153846154 0.4423076923076923 0.2932692307692308 0.39903846153846156
1 0.8040865384615384 0.33533653846153844 0.37740384615384615 0.47836538461538464
1 0.6442307692307693 0.7644230769230769 0.23076923076923078 0.28365384615384615
1 0.6346153846153846 0.6899038461538461 0.28846153846153844 0.2692307692307692
1 0.40024038461538464 0.8533653846153846 0.2091346153846154 0.25
1 0.39663461538461536 0.7932692307692307 0.25961538461538464 0.22115384615384615
1 0.42908653846153844 0.4483173076923077 0.29086538461538464 0.3870192307692308
1 0.4170673076923077 0.33413461538461536 0.37740384615384615 0.46634615384615385
1 0.17548076923076922 0.6346153846153846 0.2548076923076923 0.3173076923076923
1 0.17548076923076922 0.5528846153846154 0.3317307692307692 0.35096153846153844
