1 0.8581730769230769 0.7872596153846154 0.21634615384615385 0.1466346153846154
1 0.8533653846153846 0.5288461538461539 0.21634615384615385 0.18269230769230768
1 0.6177884615384616 0.53125 0.21634615384615385 0.1875
1 0.6201923076923077 0.8076923076923077 0.22115384615384615 0.1875
1 0.3786057692307692 0.8028846153846154 0.2091346153846154 0.1875
1 0.14182692307692307 0.8100961538461539 0.21153846153846154 0.18269230769230768
1 0.375 0.5336538461538461 0.21634615384615385 0.18269230769230768
1 0.13822115384615385 0.5336538461538461 0.2091346153846154 0.18269230769230768
1 0.14182692307692307 0.25721153846153844 0.21153846153846154 0.1778846153846154
1 0.3786057692307692 0.25961538461538464 0.2091346153846154 0.18269230769230768
1 0.6213942307692307 0.25961538461538464 0.22355769230769232 0.18269230769230768
1 0.8533653846153846 0.25961538461538464 0.21634615384615385 0.19230769230769232
3 0.8509615384615384 0.41346153846153844 0.1875 0.07692307692307693
3 0.8485576923076923 0.6826923076923077 0.18269230769230768 0.07211538461538461
3 0.8509615384615384 0.13942307692307693 0.1875 0.07692307692307693
3 0.6129807692307693 0.13942307692307693 0.19230769230769232 0.07692307692307693
3 0.6129807692307693 0.4110576923076923 0.18269230769230768 0.07211538461538461
3 0.6081730769230769 0.6875 0.1875 0.07211538461538461
3 0.3713942307692308 0.6899038461538461 0.18509615384615385 0.07692307692307693
3 0.375 0.41346153846153844 0.19230769230769232 0.0673076923076923
3 0.37740384615384615 0.14182692307692307 0.18269230769230768 0.07692307692307693
3 0.13942307692307693 0.14182692307692307 0.18269230769230768 0.07692307692307693
3 0.13942307692307693 0.41586538461538464 0.19230769230769232 0.07211538461538461
3 0.13701923076923078 0.6850961538461539 0.1875 0.0673076923076923
