1 0.06490384615384616 0.5504807692307693 0.07211538461538461 0.1346153846153846
1 0.16947115384615385 0.5408653846153846 0.08413461538461539 0.15865384615384615
1 0.27524038461538464 0.53125 0.09375 0.1778846153846154
1 0.3954326923076923 0.5204326923076923 0.09375 0.2091346153846154
1 0.53125 0.5144230769230769 0.10576923076923077 0.23076923076923078
1 0.6971153846153846 0.4951923076923077 0.125 0.27403846153846156
1 0.8737980769230769 0.4567307692307692 0.15144230769230768 0.3557692307692308
2 0.0673076923076923 0.4170673076923077 0.07692307692307693 0.14182692307692307
2 0.17067307692307693 0.3894230769230769 0.0673076923076923 0.1346153846153846
2 0.27884615384615385 0.36538461538461536 0.0625 0.13942307692307693
2 0.40384615384615385 0.3485576923076923 0.07211538461538461 0.12980769230769232
2 0.5384615384615384 0.3233173076923077 0.0673076923076923 0.15144230769230768
2 0.6995192307692307 0.2800480769230769 0.07692307692307693 0.1466346153846154
2 0.8822115384615384 0.21634615384615385 0.07211538461538461 0.125
