1 0.75 0.8966346153846154 0.3125 0.11538461538461539
1 0.28846153846153844 0.8425480769230769 0.1971153846153846 0.21394230769230768
1 0.29447115384615385 0.5961538461538461 0.19951923076923078 0.21634615384615385
1 0.7512019230769231 0.5228365384615384 0.3245192307692308 0.15144230769230768
1 0.2860576923076923 0.36538461538461536 0.21634615384615385 0.18269230769230768
1 0.25961538461538464 0.140625 0.25 0.15144230769230768
1 0.7067307692307693 0.1346153846153846 0.41346153846153844 0.1201923076923077
1 0.7716346153846154 0.3245192307692308 0.27403846153846156 0.13942307692307693
1 0.7596153846153846 0.7115384615384616 0.30288461538461536 0.12980769230769232
3 0.5769230769230769 0.8930288461538461 0.04326923076923077 0.08413461538461539
3 0.17668269230769232 0.8389423076923077 0.026442307692307692 0.15865384615384615
3 0.17908653846153846 0.5997596153846154 0.03125 0.15144230769230768
3 0.15985576923076922 0.36538461538461536 0.03125 0.16346153846153846
3 0.5817307692307693 0.7115384615384616 0.0625 0.07692307692307693
3 0.5685096153846154 0.5228365384615384 0.03125 0.0889423076923077
2 0.5925480769230769 0.3245192307692308 0.09375 0.13942307692307693
2 0.12379807692307693 0.13822115384615385 0.036057692307692304 0.1466346153846154
