1 0.5240384615384616 0.6742788461538461 0.4807692307692308 0.5024038461538461
1 0.07451923076923077 0.24759615384615385 0.1346153846153846 0.4567307692307692
1 0.37740384615384615 0.24278846153846154 0.3942307692307692 0.40384615384615385
1 0.8629807692307693 0.4423076923076923 0.27884615384615385 0.4182692307692308
1 0.7860576923076923 0.20673076923076922 0.3605769230769231 0.40865384615384615
3 0.4495192307692308 0.37740384615384615 0.3125 0.14423076923076922
3 0.31850961538461536 0.036057692307692304 0.2668269230769231 0.0625
3 0.8725961538461539 0.18509615384615385 0.2548076923076923 0.09615384615384616
0 0.4543269230769231 0.7355769230769231 0.3317307692307692 0.34134615384615385
0 0.07211538461538461 0.3401442307692308 0.12980769230769232 0.24278846153846154
