1 0.6310096153846154 0.8978365384615384 0.34375 0.15625
1 0.6105769230769231 0.7283653846153846 0.375 0.16826923076923078
1 0.5300480769230769 0.5600961538461539 0.2764423076923077 0.17307692307692307
1 0.49278846153846156 0.3605769230769231 0.2644230769230769 0.17307692307692307
1 0.5384615384615384 0.15144230769230768 0.5 0.23557692307692307
1 0.7115384615384616 0.16826923076923078 0.3894230769230769 0.1875
1 0.7331730769230769 0.34134615384615385 0.3605769230769231 0.15865384615384615
1 0.7475961538461539 0.4987980769230769 0.2932692307692308 0.1466346153846154
1 0.8076923076923077 0.6466346153846154 0.20673076923076922 0.1346153846153846
2 0.6490384615384616 0.6418269230769231 0.1201923076923077 0.125
2 0.38461538461538464 0.7295673076923077 0.07692307692307693 0.09375
2 0.41586538461538464 0.8990384615384616 0.07692307692307693 0.10096153846153846
2 0.5408653846153846 0.5024038461538461 0.11057692307692307 0.1201923076923077
2 0.3557692307692308 0.5540865384615384 0.07211538461538461 0.0889423076923077
2 0.32211538461538464 0.3641826923076923 0.07692307692307693 0.09375
2 0.5012019230769231 0.34375 0.09375 0.12980769230769232
2 0.46153846153846156 0.16826923076923078 0.11057692307692307 0.1346153846153846
2 0.24759615384615385 0.15264423076923078 0.08173076923076923 0.09375
