1 0.35096153846153844 0.8293269230769231 0.14903846153846154 0.08653846153846154
1 0.13942307692307693 0.7668269230769231 0.057692307692307696 0.04807692307692308
1 0.04567307692307692 0.8257211538461539 0.08173076923076923 0.05048076923076923
1 0.019230769230769232 0.8677884615384616 0.028846153846153848 0.04807692307692308
1 0.04567307692307692 0.6502403846153846 0.08173076923076923 0.04567307692307692
1 0.13942307692307693 0.5504807692307693 0.04807692307692308 0.11538461538461539
1 0.09735576923076923 0.5072115384615384 0.036057692307692304 0.03365384615384615
1 0.25 0.6430288461538461 0.019230769230769232 0.026442307692307692
1 0.3918269230769231 0.5697115384615384 0.04807692307692308 0.03365384615384615
1 0.44350961538461536 0.5372596153846154 0.036057692307692304 0.0889423076923077
1 0.6153846153846154 0.5360576923076923 0.2692307692307692 0.2932692307692308
1 0.5793269230769231 0.9555288461538461 0.1346153846153846 0.0889423076923077
1 0.8473557692307693 0.22355769230769232 0.040865384615384616 0.0625
1 0.5901442307692307 0.3473557692307692 0.03125 0.03125
1 0.4543269230769231 0.27524038461538464 0.22115384615384615 0.24278846153846154
1 0.4375 0.43990384615384615 0.04807692307692308 0.038461538461538464
1 0.3557692307692308 0.36538461538461536 0.12980769230769232 0.16826923076923078
1 0.1971153846153846 0.28725961538461536 0.09615384615384616 0.026442307692307692
1 0.15144230769230768 0.42788461538461536 0.1346153846153846 0.052884615384615384
1 0.21634615384615385 0.4519230769230769 0.014423076923076924 0.019230769230769232
1 0.09134615384615384 0.3918269230769231 0.17307692307692307 0.07211538461538461
1 0.23197115384615385 0.03485576923076923 0.036057692307692304 0.05048076923076923
1 0.5913461538461539 0.07932692307692307 0.2692307692307692 0.15384615384615385
1 0.9182692307692307 0.04326923076923077 0.12980769230769232 0.08173076923076923
