1 0.5024038461538461 0.5024038461538461 0.9951923076923077 0.9951923076923077
1 0.5697115384615384 0.4675480769230769 0.07211538461538461 0.11298076923076923
1 0.5240384615384616 0.5697115384615384 0.04807692307692308 0.08173076923076923
1 0.5721153846153846 0.6225961538461539 0.057692307692307696 0.052884615384615384
1 0.6682692307692307 0.6105769230769231 0.0625 0.08173076923076923
1 0.7896634615384616 0.6490384615384616 0.06971153846153846 0.07692307692307693
1 0.8040865384615384 0.5949519230769231 0.05048076923076923 0.08413461538461539
1 0.5552884615384616 0.36778846153846156 0.09134615384615384 0.125
1 0.4495192307692308 0.3317307692307692 0.0673076923076923 0.09134615384615384
1 0.46153846153846156 0.2668269230769231 0.07692307692307693 0.0625
1 0.5096153846153846 0.2692307692307692 0.03365384615384615 0.04807692307692308
1 0.5144230769230769 0.15625 0.057692307692307696 0.09615384615384616
1 0.24759615384615385 0.0985576923076923 0.0673076923076923 0.057692307692307696
1 0.23798076923076922 0.20432692307692307 0.04807692307692308 0.07211538461538461
1 0.23557692307692307 0.2608173076923077 0.07211538461538461 0.03125
1 0.19471153846153846 0.3076923076923077 0.0673076923076923 0.052884615384615384
1 0.2980769230769231 0.5721153846153846 0.08173076923076923 0.09615384615384616
1 0.1971153846153846 0.6826923076923077 0.0625 0.08173076923076923
1 0.2548076923076923 0.6850961538461539 0.057692307692307696 0.08653846153846154
1 0.24519230769230768 0.828125 0.08653846153846154 0.10336538461538461
1 0.15144230769230768 0.7920673076923077 0.07211538461538461 0.11298076923076923
1 0.2512019230769231 0.6598557692307693 0.47836538461538464 0.6754807692307693
1 0.4951923076923077 0.78125 0.35096153846153844 0.4326923076923077
1 0.7115384615384616 0.5108173076923077 0.25 0.3245192307692308
1 0.8569711538461539 0.8653846153846154 0.2860576923076923 0.2644230769230769
1 0.8064903846153846 0.30408653846153844 0.24759615384615385 0.43990384615384615
1 0.30649038461538464 0.24278846153846154 0.2668269230769231 0.2932692307692308
1 0.7103365384615384 0.2283653846153846 0.5456730769230769 0.34615384615384615
