1 0.9423076923076923 0.6201923076923077 0.0673076923076923 0.5192307692307693
1 0.9314903846153846 0.15865384615384615 0.0889423076923077 0.23076923076923078
1 0.8161057692307693 0.25 0.10817307692307693 0.40865384615384615
1 0.8100961538461539 0.6875 0.08653846153846154 0.38461538461538464
1 0.6778846153846154 0.6802884615384616 0.0625 0.3894230769230769
1 0.546875 0.671875 0.0889423076923077 0.4254807692307692
1 0.4170673076923077 0.6694711538461539 0.06971153846153846 0.4206730769230769
1 0.27884615384615385 0.6826923076923077 0.15384615384615385 0.3942307692307692
1 0.09134615384615384 0.6947115384615384 0.13942307692307693 0.3798076923076923
1 0.35336538461538464 0.2403846153846154 0.1971153846153846 0.3942307692307692
1 0.5096153846153846 0.22596153846153846 0.07211538461538461 0.38461538461538464
1 0.6526442307692307 0.24639423076923078 0.11298076923076923 0.41586538461538464
1 0.18028846153846154 0.22355769230769232 0.08173076923076923 0.3605769230769231
1 0.0673076923076923 0.2512019230769231 0.0673076923076923 0.41586538461538464
