1 0.47836538461538464 0.15865384615384615 0.7115384615384616 0.30288461538461536
1 0.6826923076923077 0.3329326923076923 0.30288461538461536 0.19951923076923078
1 0.5649038461538461 0.5072115384615384 0.5384615384615384 0.2980769230769231
1 0.7572115384615384 0.6274038461538461 0.16346153846153846 0.17307692307692307
1 0.6346153846153846 0.8149038461538461 0.40865384615384615 0.24519230769230768
1 0.7920673076923077 0.8822115384615384 0.09375 0.1346153846153846
2 0.6310096153846154 0.6298076923076923 0.09375 0.125
2 0.2548076923076923 0.5108173076923077 0.07692307692307693 0.15144230769230768
2 0.08533653846153846 0.1201923076923077 0.08413461538461539 0.15384615384615385
2 0.3942307692307692 0.8197115384615384 0.08173076923076923 0.125
2 0.7019230769230769 0.8834134615384616 0.08173076923076923 0.10817307692307693
