1 0.5048076923076923 0.5096153846153846 0.2644230769230769 0.9326923076923077
1 0.6514423076923077 0.5120192307692307 0.16826923076923078 0.8125
1 0.7596153846153846 0.5132211538461539 0.14903846153846154 0.7283653846153846
1 0.8557692307692307 0.5168269230769231 0.1346153846153846 0.6346153846153846
1 0.36177884615384615 0.5108173076923077 0.15625 0.8004807692307693
1 0.2536057692307692 0.5132211538461539 0.15144230769230768 0.7283653846153846
1 0.15144230769230768 0.5120192307692307 0.10576923076923077 0.6346153846153846
3 0.5 0.03485576923076923 0.1201923076923077 0.036057692307692304
3 0.6141826923076923 0.09375 0.0889423076923077 0.014423076923076924
3 0.7259615384615384 0.13701923076923078 0.07211538461538461 0.009615384615384616
3 0.8269230769230769 0.1875 0.0673076923076923 0.014423076923076924
3 0.3858173076923077 0.09615384615384616 0.0985576923076923 0.019230769230769232
3 0.2764423076923077 0.13942307692307693 0.08173076923076923 0.014423076923076924
3 0.16826923076923078 0.18269230769230768 0.0625 0.014423076923076924
