1 0.5012019230769231 0.45072115384615385 0.9975961538461539 0.8966346153846154
1 0.7824519230769231 0.7319711538461539 0.43028846153846156 0.3245192307692308
1 0.8521634615384616 0.7055288461538461 0.2956730769230769 0.29086538461538464
1 0.9411057692307693 0.6610576923076923 0.11778846153846154 0.2644230769230769
1 0.109375 0.41586538461538464 0.21394230769230768 0.24519230769230768
1 0.32091346153846156 0.3737980769230769 0.3245192307692308 0.21875
1 0.21634615384615385 0.2283653846153846 0.24519230769230768 0.3269230769230769
1 0.5492788461538461 0.2247596153846154 0.6947115384615384 0.3485576923076923
1 0.07572115384615384 0.15985576923076922 0.1466346153846154 0.31490384615384615
1 0.3161057692307692 0.09134615384615384 0.43509615384615385 0.1778846153846154
