1 0.9014423076923077 0.4639423076923077 0.16346153846153846 0.9086538461538461
1 0.7451923076923077 0.40625 0.14903846153846154 0.7980769230769231
1 0.5985576923076923 0.4254807692307692 0.16826923076923078 0.8365384615384616
1 0.44350961538461536 0.4375 0.15625 0.8557692307692307
1 0.2800480769230769 0.4326923076923077 0.16105769230769232 0.8509615384615384
1 0.11057692307692307 0.4855769230769231 0.1875 0.9519230769230769
3 0.9014423076923077 0.9266826923076923 0.07211538461538461 0.026442307692307692
3 0.7475961538461539 0.8149038461538461 0.07211538461538461 0.014423076923076924
3 0.59375 0.8617788461538461 0.0625 0.026442307692307692
3 0.4387019230769231 0.8822115384615384 0.07451923076923077 0.038461538461538464
3 0.2800480769230769 0.8834134615384616 0.07932692307692307 0.026442307692307692
3 0.10817307692307693 0.9795673076923077 0.07692307692307693 0.026442307692307692
