1 0.9122596153846154 0.6911057692307693 0.11298076923076923 0.30528846153846156
1 0.7439903846153846 0.6165865384615384 0.13221153846153846 0.4639423076923077
1 0.5528846153846154 0.6286057692307693 0.16346153846153846 0.39663461538461536
1 0.34375 0.5793269230769231 0.15865384615384615 0.5432692307692307
1 0.12259615384615384 0.5384615384615384 0.1778846153846154 0.6105769230769231
3 0.9122596153846154 0.49158653846153844 0.0985576923076923 0.13701923076923078
3 0.7427884615384616 0.3233173076923077 0.11057692307692307 0.13701923076923078
3 0.5492788461538461 0.3701923076923077 0.13221153846153846 0.16826923076923078
3 0.34375 0.24639423076923078 0.1346153846153846 0.15144230769230768
3 0.12139423076923077 0.17067307692307693 0.15625 0.15384615384615385
