1 0.9134615384615384 0.7199519230769231 0.11538461538461539 0.36778846153846156
1 0.9098557692307693 0.38822115384615385 0.08413461538461539 0.18509615384615385
1 0.8689903846153846 0.14543269230769232 0.18509615384615385 0.23317307692307693
1 0.7836538461538461 0.3942307692307692 0.08653846153846154 0.17307692307692307
1 0.7668269230769231 0.7199519230769231 0.11057692307692307 0.36778846153846156
1 0.5997596153846154 0.7115384615384616 0.15144230769230768 0.38461538461538464
1 0.41225961538461536 0.703125 0.15625 0.4014423076923077
1 0.24519230769230768 0.6959134615384616 0.11538461538461539 0.40625
1 0.0985576923076923 0.6838942307692307 0.10576923076923077 0.43028846153846156
1 0.30649038461538464 0.2091346153846154 0.09375 0.3701923076923077
1 0.47475961538461536 0.19230769230769232 0.13221153846153846 0.33653846153846156
1 0.65625 0.16826923076923078 0.11538461538461539 0.2980769230769231
1 0.11057692307692307 0.21995192307692307 0.14423076923076922 0.3918269230769231
