1 0.5024038461538461 0.5024038461538461 0.9951923076923077 1.0
1 0.23076923076923078 0.8040865384615384 0.4423076923076923 0.38221153846153844
1 0.24759615384615385 0.9278846153846154 0.4807692307692308 0.14423076923076922
1 0.4735576923076923 0.9375 0.07692307692307693 0.11538461538461539
1 0.7536057692307693 0.9350961538461539 0.49278846153846156 0.12980769230769232
1 0.43509615384615385 0.7512019230769231 0.16346153846153846 0.2620192307692308
1 0.7319711538461539 0.8665865384615384 0.53125 0.18990384615384615
1 0.6502403846153846 0.7091346153846154 0.31490384615384615 0.20192307692307693
1 0.5360576923076923 0.6033653846153846 0.20192307692307693 0.18269230769230768
1 0.25240384615384615 0.5132211538461539 0.49038461538461536 0.43990384615384615
1 0.18028846153846154 0.3088942307692308 0.34615384615384615 0.4014423076923077
1 0.4014423076923077 0.1814903846153846 0.23076923076923078 0.10817307692307693
1 0.5805288461538461 0.32211538461538464 0.3918269230769231 0.40384615384615385
1 0.7451923076923077 0.5961538461538461 0.3701923076923077 0.3894230769230769
1 0.8052884615384616 0.2439903846153846 0.3894230769230769 0.37740384615384615
1 0.9230769230769231 0.4495192307692308 0.15384615384615385 0.08653846153846154
