1 0.6574519230769231 0.5516826923076923 0.2620192307692308 0.2620192307692308
1 0.7151442307692307 0.8269230769230769 0.2283653846153846 0.23557692307692307
1 0.5264423076923077 0.8533653846153846 0.22115384615384615 0.22596153846153846
1 0.3954326923076923 0.5516826923076923 0.24278846153846154 0.2620192307692308
1 0.5228365384615384 0.23076923076923078 0.2668269230769231 0.27884615384615385
1 0.30288461538461536 0.8365384615384616 0.21634615384615385 0.23557692307692307
3 0.6274038461538461 0.39302884615384615 0.18269230769230768 0.06971153846153846
3 0.6887019230769231 0.6802884615384616 0.1658653846153846 0.10096153846153846
3 0.5120192307692307 0.6947115384615384 0.18269230769230768 0.11057692307692307
3 0.3701923076923077 0.38461538461538464 0.17307692307692307 0.07211538461538461
3 0.49038461538461536 0.06009615384615385 0.17307692307692307 0.07211538461538461
3 0.28725961538461536 0.6802884615384616 0.17067307692307693 0.11057692307692307
