1 0.6694711538461539 0.8100961538461539 0.2860576923076923 0.1875
1 0.43509615384615385 0.5625 0.4375 0.3125
1 0.7668269230769231 0.5889423076923077 0.14423076923076922 0.13942307692307693
1 0.5576923076923077 0.2620192307692308 0.27403846153846156 0.20673076923076922
1 0.7740384615384616 0.3918269230769231 0.14423076923076922 0.13942307692307693
1 0.7235576923076923 0.16346153846153846 0.21153846153846154 0.15865384615384615
2 0.5108173076923077 0.8100961538461539 0.13701923076923078 0.1875
2 0.1778846153846154 0.5625 0.14903846153846154 0.2548076923076923
2 0.6610576923076923 0.5841346153846154 0.1201923076923077 0.14903846153846154
2 0.6742788461538461 0.3918269230769231 0.12740384615384615 0.14423076923076922
2 0.3894230769230769 0.25721153846153844 0.14903846153846154 0.21153846153846154
2 0.5865384615384616 0.1622596153846154 0.1201923076923077 0.15144230769230768
