1 0.5048076923076923 0.49759615384615385 0.9567307692307693 0.2403846153846154
1 0.5132211538461539 0.6165865384615384 0.6225961538461539 0.10817307692307693
1 0.5072115384615384 0.7259615384615384 0.5384615384615384 0.12980769230769232
1 0.5168269230769231 0.7896634615384616 0.47596153846153844 0.06490384615384616
1 0.5 0.8581730769230769 0.41346153846153844 0.09134615384615384
1 0.4951923076923077 0.9014423076923077 0.3317307692307692 0.057692307692307696
1 0.49038461538461536 0.9651442307692307 0.25961538461538464 0.06009615384615385
1 0.5168269230769231 0.32091346153846156 0.6778846153846154 0.15144230769230768
1 0.5072115384615384 0.24158653846153846 0.5865384615384616 0.10817307692307693
1 0.5144230769230769 0.1502403846153846 0.47115384615384615 0.10336538461538461
1 0.5024038461538461 0.11057692307692307 0.4182692307692308 0.0673076923076923
1 0.4891826923076923 0.042067307692307696 0.34375 0.07932692307692307
3 0.7836538461538461 0.7223557692307693 0.02403846153846154 0.06009615384615385
3 0.7644230769230769 0.7692307692307693 0.009615384615384616 0.03365384615384615
3 0.7139423076923077 0.8461538461538461 0.02403846153846154 0.038461538461538464
3 0.6754807692307693 0.8834134615384616 0.019230769230769232 0.021634615384615384
3 0.6322115384615384 0.9543269230769231 0.014423076923076924 0.028846153846153848
3 0.8341346153846154 0.5913461538461539 0.014423076923076924 0.057692307692307696
3 0.9867788461538461 0.5 0.026442307692307692 0.10096153846153846
3 0.8725961538461539 0.3269230769230769 0.02403846153846154 0.0673076923076923
3 0.8173076923076923 0.2608173076923077 0.02403846153846154 0.06009615384615385
3 0.7596153846153846 0.15625 0.019230769230769232 0.057692307692307696
3 0.71875 0.11778846153846154 0.014423076923076924 0.028846153846153848
3 0.6754807692307693 0.04326923076923077 0.009615384615384616 0.028846153846153848
