1 0.20432692307692307 0.44471153846153844 0.3076923076923077 0.30288461538461536
1 0.24519230769230768 0.3485576923076923 0.39903846153846156 0.3076923076923077
1 0.7872596153846154 0.42908653846153844 0.3245192307692308 0.31490384615384615
1 0.4807692307692308 0.7668269230769231 0.23557692307692307 0.22596153846153846
1 0.4795673076923077 0.5576923076923077 0.20432692307692307 0.13942307692307693
1 0.06490384615384616 0.6706730769230769 0.11538461538461539 0.20192307692307693
1 0.9567307692307693 0.7235576923076923 0.08653846153846154 0.1971153846153846
1 0.9831730769230769 0.5168269230769231 0.03365384615384615 0.14423076923076922
1 0.7463942307692307 0.31971153846153844 0.4206730769230769 0.2932692307692308
1 0.5072115384615384 0.5276442307692307 0.28365384615384615 0.17548076923076922
1 0.5060096153846154 0.6826923076923077 0.3245192307692308 0.1346153846153846
