1 0.5012019230769231 0.5036057692307693 0.9975961538461539 0.9927884615384616
1 0.8665865384615384 0.20432692307692307 0.2668269230769231 0.3942307692307692
1 0.5625 0.21514423076923078 0.34134615384615385 0.4110576923076923
1 0.640625 0.515625 0.3004807692307692 0.4639423076923077
1 0.27884615384615385 0.3389423076923077 0.22115384615384615 0.375
1 0.4495192307692308 0.4651442307692308 0.3269230769230769 0.5649038461538461
1 0.3918269230769231 0.03485576923076923 0.5336538461538461 0.055288461538461536
1 0.2860576923076923 0.20793269230769232 0.20673076923076922 0.30528846153846156
1 0.2548076923076923 0.421875 0.2980769230769231 0.28125
1 0.24158653846153846 0.7560096153846154 0.34375 0.43509615384615385
1 0.5901442307692307 0.7463942307692307 0.3629807692307692 0.2860576923076923
1 0.5853365384615384 0.8461538461538461 0.2764423076923077 0.3076923076923077
1 0.8076923076923077 0.8317307692307693 0.3125 0.33653846153846156
1 0.9278846153846154 0.7355769230769231 0.14423076923076922 0.3942307692307692
1 0.8737980769230769 0.6322115384615384 0.25721153846153844 0.7355769230769231
1 0.09975961538461539 0.5036057692307693 0.18990384615384615 0.9927884615384616
