1 0.5913461538461539 0.15625 0.2548076923076923 0.13942307692307693
1 0.5901442307692307 0.328125 0.25721153846153844 0.14182692307692307
1 0.5913461538461539 0.5012019230769231 0.2548076923076923 0.14182692307692307
1 0.5913461538461539 0.6850961538461539 0.2548076923076923 0.13942307692307693
1 0.5889423076923077 0.8629807692307693 0.25 0.13942307692307693
2 0.36177884615384615 0.16105769230769232 0.19951923076923078 0.11057692307692307
2 0.3581730769230769 0.3269230769230769 0.1971153846153846 0.11538461538461539
2 0.3641826923076923 0.5072115384615384 0.20432692307692307 0.11057692307692307
2 0.3629807692307692 0.6826923076923077 0.1971153846153846 0.11538461538461539
2 0.36177884615384615 0.8653846153846154 0.19951923076923078 0.11538461538461539
