1 0.25961538461538464 0.3557692307692308 0.42788461538461536 0.4326923076923077
1 0.5649038461538461 0.28125 0.5192307692307693 0.5192307692307693
1 0.40865384615384615 0.7548076923076923 0.47596153846153844 0.46153846153846156
3 0.5048076923076923 0.35096153846153844 0.15865384615384615 0.3317307692307692
3 0.6814903846153846 0.7596153846153846 0.1466346153846154 0.35096153846153844
3 0.8653846153846154 0.2764423076923077 0.1346153846153846 0.3317307692307692
0 0.39302884615384615 0.7175480769230769 0.1466346153846154 0.14182692307692307
0 0.42788461538461536 0.6346153846153846 0.13942307692307693 0.052884615384615384
0 0.4326923076923077 0.5697115384615384 0.17307692307692307 0.10096153846153846
0 0.3293269230769231 0.5745192307692307 0.057692307692307696 0.10096153846153846
0 0.29086538461538464 0.578125 0.04807692307692308 0.09375
0 0.25961538461538464 0.6995192307692307 0.09615384615384616 0.10096153846153846
0 0.2692307692307692 0.6346153846153846 0.07211538461538461 0.11538461538461539
0 0.23557692307692307 0.6538461538461539 0.0673076923076923 0.17307692307692307
0 0.265625 0.8413461538461539 0.14182692307692307 0.23557692307692307
0 0.34134615384615385 0.7295673076923077 0.1346153846153846 0.1466346153846154
0 0.46274038461538464 0.7824519230769231 0.1466346153846154 0.1466346153846154
0 0.5456730769230769 0.6610576923076923 0.09615384615384616 0.1346153846153846
0 0.5480769230769231 0.7620192307692307 0.04807692307692308 0.0625
0 0.5576923076923077 0.8269230769230769 0.052884615384615384 0.10096153846153846
0 0.5649038461538461 0.8846153846153846 0.0673076923076923 0.1201923076923077
0 0.5084134615384616 0.9158653846153846 0.09375 0.13942307692307693
0 0.4230769230769231 0.8389423076923077 0.1201923076923077 0.10576923076923077
0 0.43509615384615385 0.9278846153846154 0.07211538461538461 0.08173076923076923
0 0.3557692307692308 0.8918269230769231 0.10096153846153846 0.125
