1 0.9134615384615384 0.6322115384615384 0.15384615384615385 0.6490384615384616
1 0.7451923076923077 0.6310096153846154 0.15384615384615385 0.6370192307692307
1 0.5817307692307693 0.6346153846153846 0.14903846153846154 0.6538461538461539
1 0.4170673076923077 0.6394230769230769 0.15625 0.6490384615384616
1 0.24639423076923078 0.6322115384615384 0.15625 0.6490384615384616
1 0.08052884615384616 0.6358173076923077 0.15144230769230768 0.6418269230769231
3 0.5829326923076923 0.2403846153846154 0.08413461538461539 0.15865384615384615
3 0.7451923076923077 0.234375 0.08173076923076923 0.1466346153846154
3 0.9134615384615384 0.23798076923076922 0.08173076923076923 0.13942307692307693
3 0.41225961538461536 0.2403846153846154 0.07932692307692307 0.14423076923076922
3 0.24759615384615385 0.2403846153846154 0.08173076923076923 0.15865384615384615
3 0.08173076923076923 0.24158653846153846 0.08173076923076923 0.13221153846153846
2 0.9182692307692307 0.0889423076923077 0.04326923076923077 0.15865384615384615
2 0.7475961538461539 0.09615384615384616 0.04807692307692308 0.15865384615384615
2 0.5817307692307693 0.09495192307692307 0.04807692307692308 0.17067307692307693
2 0.41586538461538464 0.09975961538461539 0.04326923076923077 0.1658653846153846
2 0.24879807692307693 0.10336538461538461 0.040865384615384616 0.15865384615384615
2 0.08052884615384616 0.10216346153846154 0.040865384615384616 0.17067307692307693
