1 0.5036057692307693 0.48197115384615385 0.9927884615384616 0.9543269230769231
1 0.22115384615384615 0.5504807692307693 0.4230769230769231 0.3942307692307692
1 0.6262019230769231 0.7475961538461539 0.43028846153846156 0.21153846153846154
1 0.2091346153846154 0.9014423076923077 0.40384615384615385 0.09615384615384616
1 0.8473557692307693 0.3088942307692308 0.30528846153846156 0.29086538461538464
1 0.38221153846153844 0.3269230769230769 0.5913461538461539 0.21634615384615385
1 0.2439903846153846 0.21033653846153846 0.46875 0.22355769230769232
1 0.7764423076923077 0.5288461538461539 0.3076923076923077 0.20673076923076922
1 0.5973557692307693 0.12740384615384615 0.2620192307692308 0.19230769230769232
1 0.20793269230769232 0.078125 0.39663461538461536 0.11298076923076923
1 0.8737980769230769 0.08533653846153846 0.25240384615384615 0.16105769230769232
1 0.5504807692307693 0.08173076923076923 0.4375 0.15384615384615385
1 0.40625 0.48677884615384615 0.7932692307692307 0.5072115384615384
1 0.18629807692307693 0.8461538461538461 0.3581730769230769 0.1971153846153846
1 0.8413461538461539 0.7800480769230769 0.3173076923076923 0.3293269230769231
