1 0.7019230769230769 0.7079326923076923 0.21634615384615385 0.20432692307692307
1 0.33653846153846156 0.7115384615384616 0.21634615384615385 0.21153846153846154
1 0.33774038461538464 0.4735576923076923 0.19951923076923078 0.20673076923076922
1 0.3329326923076923 0.23677884615384615 0.2091346153846154 0.20432692307692307
1 0.6983173076923077 0.22956730769230768 0.2091346153846154 0.20432692307692307
1 0.7019230769230769 0.4651442307692308 0.21634615384615385 0.20432692307692307
3 0.19471153846153846 0.7115384615384616 0.11057692307692307 0.18269230769230768
3 0.5552884615384616 0.7043269230769231 0.11057692307692307 0.17307692307692307
3 0.19110576923076922 0.4735576923076923 0.09375 0.17307692307692307
3 0.546875 0.46634615384615385 0.09375 0.1778846153846154
3 0.18028846153846154 0.23317307692307693 0.10576923076923077 0.18269230769230768
3 0.5516826923076923 0.23317307692307693 0.09375 0.1778846153846154
