1 0.8533653846153846 0.75 0.19230769230769232 0.23076923076923078
1 0.8245192307692307 0.46274038461538464 0.1875 0.2283653846153846
1 0.6117788461538461 0.7848557692307693 0.19471153846153846 0.24759615384615385
1 0.14182692307692307 0.7295673076923077 0.19230769230769232 0.21875
1 0.27283653846153844 0.6983173076923077 0.1466346153846154 0.21875
1 0.42788461538461536 0.7151442307692307 0.18269230769230768 0.2283653846153846
1 0.5180288461538461 0.43990384615384615 0.18509615384615385 0.21634615384615385
1 0.33413461538461536 0.44350961538461536 0.17307692307692307 0.20432692307692307
1 0.15384615384615385 0.4651442307692308 0.1875 0.22355769230769232
1 0.2403846153846154 0.18870192307692307 0.18269230769230768 0.21394230769230768
1 0.7896634615384616 0.7019230769230769 0.18509615384615385 0.22596153846153846
3 0.8269230769230769 0.3269230769230769 0.18269230769230768 0.052884615384615384
3 0.8557692307692307 0.6069711538461539 0.1778846153846154 0.04567307692307692
3 0.7848557692307693 0.5673076923076923 0.20432692307692307 0.052884615384615384
3 0.6129807692307693 0.6358173076923077 0.19230769230769232 0.05048076923076923
3 0.6045673076923077 0.5600961538461539 0.15625 0.04807692307692308
3 0.5168269230769231 0.3112980769230769 0.18269230769230768 0.040865384615384616
3 0.3293269230769231 0.3112980769230769 0.15384615384615385 0.040865384615384616
3 0.23317307692307693 0.057692307692307696 0.1875 0.038461538461538464
3 0.1466346153846154 0.3269230769230769 0.18269230769230768 0.04326923076923077
3 0.1346153846153846 0.5949519230769231 0.17307692307692307 0.036057692307692304
3 0.28725961538461536 0.5685096153846154 0.13221153846153846 0.03125
3 0.43028846153846156 0.5757211538461539 0.1778846153846154 0.04567307692307692
