1 0.8942307692307693 0.49759615384615385 0.1346153846153846 0.8942307692307693
1 0.6850961538461539 0.36177884615384615 0.14903846153846154 0.6370192307692307
1 0.4735576923076923 0.5120192307692307 0.125 0.9134615384615384
1 0.27524038461538464 0.43028846153846156 0.11298076923076923 0.75
1 0.09134615384615384 0.5048076923076923 0.12980769230769232 0.8990384615384616
3 0.6802884615384616 0.7043269230769231 0.057692307692307696 0.02403846153846154
3 0.8954326923076923 0.9627403846153846 0.05048076923076923 0.01201923076923077
3 0.46634615384615385 0.9759615384615384 0.04807692307692308 0.019230769230769232
3 0.2800480769230769 0.8221153846153846 0.05048076923076923 0.02403846153846154
3 0.09014423076923077 0.96875 0.04567307692307692 0.02403846153846154
