1 0.15865384615384615 0.6466346153846154 0.21153846153846154 0.3701923076923077
1 0.38461538461538464 0.609375 0.1875 0.41586538461538464
1 0.6021634615384616 0.5492788461538461 0.21875 0.5360576923076923
1 0.8329326923076923 0.47115384615384615 0.19951923076923078 0.6923076923076923
0 0.9555288461538461 0.21875 0.05048076923076923 0.04807692307692308
0 0.9206730769230769 0.21394230769230768 0.03365384615384615 0.04807692307692308
0 0.9603365384615384 0.25961538461538464 0.05048076923076923 0.052884615384615384
0 0.8293269230769231 0.31490384615384615 0.03365384615384615 0.04326923076923077
0 0.8125 0.3545673076923077 0.0625 0.10336538461538461
0 0.9699519230769231 0.32091346153846156 0.06009615384615385 0.19951923076923078
