1 0.4495192307692308 0.8353365384615384 0.8798076923076923 0.2668269230769231
1 0.35096153846153844 0.6466346153846154 0.6875 0.20192307692307693
1 0.40384615384615385 0.5204326923076923 0.7884615384615384 0.16105769230769232
1 0.35336538461538464 0.3557692307692308 0.6923076923076923 0.21153846153846154
1 0.42908653846153844 0.15504807692307693 0.84375 0.25240384615384615
3 0.7163461538461539 0.6730769230769231 0.03365384615384615 0.11057692307692307
3 0.9110576923076923 0.8353365384615384 0.04326923076923077 0.0985576923076923
3 0.8197115384615384 0.5180288461538461 0.03365384615384615 0.0985576923076923
3 0.7211538461538461 0.33413461538461536 0.03365384615384615 0.10576923076923077
3 0.8677884615384616 0.15384615384615385 0.03365384615384615 0.11057692307692307
