1 0.796875 0.6370192307692307 0.22355769230769232 0.32211538461538464
1 0.5769230769230769 0.6610576923076923 0.21153846153846154 0.35096153846153844
1 0.3605769230769231 0.6586538461538461 0.22115384615384615 0.34615384615384615
1 0.14423076923076922 0.6514423076923077 0.22115384615384615 0.34134615384615385
1 0.3557692307692308 0.2668269230769231 0.22115384615384615 0.35096153846153844
1 0.578125 0.2692307692307692 0.21394230769230768 0.34615384615384615
3 0.5745192307692307 0.0733173076923077 0.20673076923076922 0.04567307692307692
3 0.7908653846153846 0.453125 0.20192307692307693 0.06490384615384616
3 0.3557692307692308 0.0733173076923077 0.20192307692307693 0.04567307692307692
3 0.3641826923076923 0.4579326923076923 0.20432692307692307 0.055288461538461536
3 0.15264423076923078 0.4411057692307692 0.19471153846153846 0.06009615384615385
3 0.7487980769230769 0.8653846153846154 0.04567307692307692 0.04807692307692308
3 0.7536057692307693 0.9038461538461539 0.036057692307692304 0.02403846153846154
3 0.7584134615384616 0.9375 0.03125 0.02403846153846154
3 0.8076923076923077 0.9495192307692307 0.03365384615384615 0.028846153846153848
3 0.8016826923076923 0.9146634615384616 0.04567307692307692 0.05048076923076923
3 0.8257211538461539 0.8966346153846154 0.036057692307692304 0.038461538461538464
3 0.8521634615384616 0.9122596153846154 0.040865384615384616 0.055288461538461536
3 0.8677884615384616 0.953125 0.028846153846153848 0.05048076923076923
3 0.9350961538461539 0.9122596153846154 0.04326923076923077 0.055288461538461536
3 0.9338942307692307 0.9447115384615384 0.03125 0.028846153846153848
3 0.9819711538461539 0.9026442307692307 0.03125 0.06490384615384616
3 0.9795673076923077 0.9519230769230769 0.040865384615384616 0.02403846153846154
3 0.8930288461538461 0.8701923076923077 0.040865384615384616 0.038461538461538464
3 0.8966346153846154 0.9086538461538461 0.03365384615384615 0.02403846153846154
3 0.9495192307692307 0.8701923076923077 0.03365384615384615 0.028846153846153848
3 0.9855769230769231 0.8509615384615384 0.02403846153846154 0.028846153846153848
3 0.9519230769230769 0.8269230769230769 0.04326923076923077 0.04807692307692308
3 0.9795673076923077 0.7776442307692307 0.040865384615384616 0.0985576923076923
3 0.9290865384615384 0.7512019230769231 0.055288461538461536 0.055288461538461536
3 0.9735576923076923 0.6995192307692307 0.052884615384615384 0.04807692307692308
3 0.9819711538461539 0.6538461538461539 0.03125 0.03365384615384615
3 0.9855769230769231 0.6201923076923077 0.028846153846153848 0.02403846153846154
3 0.9495192307692307 0.6418269230769231 0.03365384615384615 0.038461538461538464
3 0.9170673076923077 0.6117788461538461 0.05048076923076923 0.05048076923076923
3 0.8786057692307693 0.6177884615384616 0.04567307692307692 0.038461538461538464
3 0.8473557692307693 0.6009615384615384 0.03125 0.03365384615384615
3 0.8353365384615384 0.6490384615384616 0.036057692307692304 0.04326923076923077
3 0.7992788461538461 0.6346153846153846 0.03125 0.03365384615384615
3 0.875 0.6586538461538461 0.028846153846153848 0.03365384615384615
3 0.8978365384615384 0.6658653846153846 0.040865384615384616 0.038461538461538464
3 0.9146634615384616 0.7043269230769231 0.06009615384615385 0.04807692307692308
3 0.8882211538461539 0.7295673076923077 0.03125 0.06009615384615385
3 0.8377403846153846 0.6995192307692307 0.036057692307692304 0.028846153846153848
3 0.8497596153846154 0.7319711538461539 0.04567307692307692 0.04567307692307692
3 0.828125 0.7728365384615384 0.040865384615384616 0.05048076923076923
3 0.8617788461538461 0.8269230769230769 0.036057692307692304 0.04807692307692308
3 0.9050480769230769 0.8197115384615384 0.03125 0.04326923076923077
3 0.9266826923076923 0.7632211538461539 0.04567307692307692 0.06009615384615385
3 0.828125 0.8317307692307693 0.03125 0.04807692307692308
3 0.7824519230769231 0.8269230769230769 0.040865384615384616 0.04807692307692308
3 0.796875 0.8653846153846154 0.040865384615384616 0.038461538461538464
3 0.7487980769230769 0.8245192307692307 0.036057692307692304 0.04326923076923077
3 0.7139423076923077 0.8221153846153846 0.03365384615384615 0.04807692307692308
3 0.7235576923076923 0.8701923076923077 0.02403846153846154 0.038461538461538464
3 0.7043269230769231 0.8581730769230769 0.028846153846153848 0.02403846153846154
3 0.6983173076923077 0.8197115384615384 0.016826923076923076 0.03365384615384615
3 0.7043269230769231 0.7896634615384616 0.028846153846153848 0.04567307692307692
3 0.7115384615384616 0.7487980769230769 0.019230769230769232 0.05048076923076923
3 0.7463942307692307 0.7788461538461539 0.05048076923076923 0.038461538461538464
3 0.7632211538461539 0.7427884615384616 0.040865384615384616 0.03365384615384615
3 0.7932692307692307 0.7788461538461539 0.04326923076923077 0.038461538461538464
3 0.796875 0.7247596153846154 0.040865384615384616 0.05048076923076923
3 0.7572115384615384 0.7139423076923077 0.028846153846153848 0.03365384615384615
