1 0.5 0.4699519230769231 0.9951923076923077 0.9350961538461539
1 0.8413461538461539 0.4795673076923077 0.3125 0.45913461538461536
1 0.5961538461538461 0.6322115384615384 0.38461538461538464 0.25
1 0.38822115384615385 0.5036057692307693 0.37259615384615385 0.23798076923076922
1 0.21995192307692307 0.71875 0.43509615384615385 0.25961538461538464
1 0.6670673076923077 0.7475961538461539 0.6610576923076923 0.34615384615384615
1 0.4230769230769231 0.2548076923076923 0.6057692307692307 0.24519230769230768
1 0.7800480769230769 0.19591346153846154 0.43509615384615385 0.16105769230769232
1 0.4387019230769231 0.109375 0.8245192307692307 0.18028846153846154
1 0.859375 0.125 0.2764423076923077 0.22596153846153846
1 0.19471153846153846 0.5372596153846154 0.35096153846153844 0.3485576923076923
