1 0.11057692307692307 0.75 0.11538461538461539 0.3125
1 0.16346153846153846 0.28846153846153844 0.21153846153846154 0.1971153846153846
1 0.40865384615384615 0.29447115384615385 0.21634615384615385 0.19951923076923078
1 0.48197115384615385 0.7512019230769231 0.15144230769230768 0.3245192307692308
1 0.6418269230769231 0.2860576923076923 0.18269230769230768 0.21634615384615385
1 0.8641826923076923 0.25961538461538464 0.15144230769230768 0.25
1 0.8725961538461539 0.7067307692307693 0.1201923076923077 0.41346153846153844
1 0.6802884615384616 0.7716346153846154 0.13942307692307693 0.27403846153846156
1 0.2932692307692308 0.7596153846153846 0.12980769230769232 0.30288461538461536
3 0.11177884615384616 0.5769230769230769 0.08413461538461539 0.04326923076923077
3 0.16826923076923078 0.17668269230769232 0.15865384615384615 0.026442307692307692
3 0.4074519230769231 0.17908653846153846 0.15144230769230768 0.03125
3 0.6418269230769231 0.15985576923076922 0.16346153846153846 0.03125
3 0.2932692307692308 0.5817307692307693 0.07692307692307693 0.0625
3 0.48197115384615385 0.5685096153846154 0.0889423076923077 0.03125
2 0.6802884615384616 0.5925480769230769 0.13942307692307693 0.09375
2 0.8665865384615384 0.12379807692307693 0.1466346153846154 0.036057692307692304
