1 0.8810096153846154 0.5348557692307693 0.1466346153846154 0.37740384615384615
1 0.7091346153846154 0.578125 0.11538461538461539 0.34375
1 0.5625 0.6370192307692307 0.10576923076923077 0.28365384615384615
1 0.39903846153846156 0.6802884615384616 0.10096153846153846 0.2692307692307692
1 0.2512019230769231 0.71875 0.0985576923076923 0.25
1 0.09975961538461539 0.7740384615384616 0.08413461538461539 0.16826923076923078
3 0.7091346153846154 0.3641826923076923 0.0673076923076923 0.08413461538461539
3 0.5685096153846154 0.44711538461538464 0.06490384615384616 0.09615384615384616
3 0.40384615384615385 0.5012019230769231 0.0673076923076923 0.07932692307692307
3 0.2512019230769231 0.5444711538461539 0.07451923076923077 0.0985576923076923
3 0.0985576923076923 0.6346153846153846 0.07211538461538461 0.09134615384615384
3 0.8894230769230769 0.24158653846153846 0.07692307692307693 0.19951923076923078
2 0.40024038461538464 0.43028846153846156 0.040865384615384616 0.09134615384615384
