1 0.34375 0.2800480769230769 0.15384615384615385 0.3004807692307692
1 0.5745192307692307 0.14182692307692307 0.09615384615384616 0.19230769230769232
1 0.6899038461538461 0.2860576923076923 0.057692307692307696 0.1971153846153846
1 0.32211538461538464 0.7548076923076923 0.34615384615384615 0.4423076923076923
1 0.47475961538461536 0.6129807692307693 0.14182692307692307 0.28846153846153844
1 0.5144230769230769 0.38461538461538464 0.10576923076923077 0.12980769230769232
1 0.5036057692307693 0.2608173076923077 0.0985576923076923 0.14182692307692307
1 0.5769230769230769 0.4375 0.057692307692307696 0.125
1 0.6586538461538461 0.43028846153846156 0.03365384615384615 0.0673076923076923
1 0.7103365384615384 0.6117788461538461 0.0985576923076923 0.10336538461538461
1 0.6875 0.7163461538461539 0.038461538461538464 0.125
1 0.6454326923076923 0.8088942307692307 0.08413461538461539 0.12740384615384615
1 0.5649038461538461 0.8473557692307693 0.038461538461538464 0.13701923076923078
1 0.5913461538461539 0.6153846153846154 0.0625 0.16346153846153846
