1 0.8425480769230769 0.2980769230769231 0.1658653846153846 0.27884615384615385
1 0.7788461538461539 0.7932692307692307 0.13942307692307693 0.21634615384615385
1 0.5889423076923077 0.7944711538461539 0.1346153846153846 0.20432692307692307
1 0.39903846153846156 0.7524038461538461 0.12980769230769232 0.1346153846153846
1 0.21634615384615385 0.7548076923076923 0.12980769230769232 0.13942307692307693
1 0.6129807692307693 0.2980769230769231 0.16826923076923078 0.27884615384615385
1 0.38221153846153844 0.27884615384615385 0.14903846153846154 0.2403846153846154
1 0.15144230769230768 0.2860576923076923 0.14423076923076922 0.2403846153846154
3 0.6057692307692307 0.4723557692307692 0.17307692307692307 0.06971153846153846
3 0.8365384615384616 0.46634615384615385 0.16346153846153846 0.08653846153846154
3 0.7788461538461539 0.9158653846153846 0.1346153846153846 0.08653846153846154
3 0.5877403846153846 0.9278846153846154 0.13701923076923078 0.07692307692307693
3 0.4014423076923077 0.8569711538461539 0.1346153846153846 0.06490384615384616
3 0.3798076923076923 0.43028846153846156 0.14903846153846154 0.09134615384615384
3 0.15144230769230768 0.43149038461538464 0.14903846153846154 0.06971153846153846
3 0.21394230769230768 0.8545673076923077 0.1346153846153846 0.06971153846153846
