1 0.6213942307692307 0.140625 0.18990384615384615 0.15144230769230768
1 0.6586538461538461 0.25961538461538464 0.17307692307692307 0.052884615384615384
1 0.8413461538461539 0.32572115384615385 0.3125 0.12740384615384615
1 0.5480769230769231 0.30528846153846156 0.13942307692307693 0.052884615384615384
1 0.49759615384615385 0.3449519230769231 0.08653846153846154 0.0889423076923077
1 0.4375 0.37740384615384615 0.16826923076923078 0.057692307692307696
1 0.43990384615384615 0.2403846153846154 0.07211538461538461 0.11538461538461539
1 0.25 0.25 0.1346153846153846 0.0625
1 0.1971153846153846 0.3088942307692308 0.1346153846153846 0.10817307692307693
1 0.0829326923076923 0.25600961538461536 0.15625 0.08413461538461539
1 0.21394230769230768 0.43990384615384615 0.3173076923076923 0.14903846153846154
1 0.3762019230769231 0.5036057692307693 0.12259615384615384 0.13221153846153846
1 0.7908653846153846 0.47115384615384615 0.21153846153846154 0.14423076923076922
1 0.9543269230769231 0.5276442307692307 0.08653846153846154 0.12740384615384615
1 0.9362980769230769 0.6550480769230769 0.12259615384615384 0.0889423076923077
1 0.9471153846153846 0.7115384615384616 0.10096153846153846 0.057692307692307696
1 0.9471153846153846 0.8125 0.10096153846153846 0.15384615384615385
1 0.8449519230769231 0.9627403846153846 0.19471153846153846 0.05048076923076923
1 0.7463942307692307 0.9206730769230769 0.11298076923076923 0.052884615384615384
1 0.7451923076923077 0.8173076923076923 0.2403846153846154 0.09134615384615384
1 0.5697115384615384 0.8004807692307693 0.14903846153846154 0.0673076923076923
1 0.5108173076923077 0.7548076923076923 0.11298076923076923 0.04807692307692308
1 0.6778846153846154 0.7163461538461539 0.2403846153846154 0.07692307692307693
1 0.765625 0.6586538461538461 0.10817307692307693 0.0625
1 0.6165865384615384 0.6887019230769231 0.2620192307692308 0.10817307692307693
1 0.5168269230769231 0.6646634615384616 0.1346153846153846 0.0889423076923077
1 0.6502403846153846 0.5949519230769231 0.2764423076923077 0.12740384615384615
1 0.7992788461538461 0.578125 0.11778846153846154 0.11298076923076923
1 0.38822115384615385 0.7307692307692307 0.040865384615384616 0.052884615384615384
1 0.4543269230769231 0.7127403846153846 0.07211538461538461 0.06971153846153846
1 0.5348557692307693 0.9074519230769231 0.2091346153846154 0.11298076923076923
1 0.3713942307692308 0.8653846153846154 0.25721153846153844 0.15865384615384615
1 0.15504807692307693 0.7247596153846154 0.11778846153846154 0.06971153846153846
1 0.12379807692307693 0.6286057692307693 0.18990384615384615 0.0889423076923077
1 0.2980769230769231 0.6009615384615384 0.12980769230769232 0.08173076923076923
1 0.057692307692307696 0.6634615384615384 0.0673076923076923 0.028846153846153848
1 0.027644230769230768 0.5096153846153846 0.03125 0.04807692307692308
1 0.09975961538461539 0.4807692307692308 0.040865384615384616 0.02403846153846154
1 0.0985576923076923 0.8365384615384616 0.1875 0.12980769230769232
1 0.2091346153846154 0.8569711538461539 0.1346153846153846 0.12740384615384615
1 0.3088942307692308 0.9819711538461539 0.0889423076923077 0.036057692307692304
1 0.09254807692307693 0.9723557692307693 0.18028846153846154 0.055288461538461536
1 0.02403846153846154 0.9555288461538461 0.038461538461538464 0.05048076923076923
