1 0.20673076923076922 0.28725961538461536 0.2548076923076923 0.24278846153846154
1 0.19831730769230768 0.2608173076923077 0.3581730769230769 0.2956730769230769
1 0.21153846153846154 0.6009615384615384 0.3317307692307692 0.42788461538461536
1 0.49158653846153844 0.6129807692307693 0.2668269230769231 0.4519230769230769
1 0.4879807692307692 0.6995192307692307 0.34134615384615385 0.5576923076923077
1 0.515625 0.3629807692307692 0.11778846153846154 0.2932692307692308
1 0.4639423076923077 0.17067307692307693 0.22596153846153846 0.2644230769230769
1 0.7403846153846154 0.21153846153846154 0.1875 0.2644230769230769
1 0.7295673076923077 0.13942307692307693 0.24278846153846154 0.21153846153846154
1 0.8221153846153846 0.44711538461538464 0.34134615384615385 0.4182692307692308
