1 0.17067307692307693 0.24278846153846154 0.2932692307692308 0.2548076923076923
1 0.4170673076923077 0.14423076923076922 0.2091346153846154 0.24519230769230768
1 0.2764423076923077 0.1658653846153846 0.19230769230769232 0.19230769230769232
1 0.5432692307692307 0.11057692307692307 0.20192307692307693 0.20673076923076922
1 0.38461538461538464 0.4567307692307692 0.25 0.2692307692307692
1 0.25 0.44591346153846156 0.20192307692307693 0.24759615384615385
1 0.20432692307692307 0.6778846153846154 0.3173076923076923 0.2692307692307692
1 0.46274038461538464 0.7668269230769231 0.21394230769230768 0.2403846153846154
1 0.33653846153846156 0.7788461538461539 0.15384615384615385 0.2403846153846154
1 0.5769230769230769 0.8798076923076923 0.1778846153846154 0.22115384615384615
1 0.4543269230769231 0.8918269230769231 0.1875 0.19230769230769232
1 0.6346153846153846 0.47475961538461536 0.6105769230769231 0.5600961538461539
