1 0.3605769230769231 0.9350961538461539 0.7019230769230769 0.11538461538461539
1 0.4375 0.8088942307692307 0.8461538461538461 0.12259615384615384
1 0.4495192307692308 0.6862980769230769 0.8557692307692307 0.11778846153846154
1 0.44471153846153844 0.5516826923076923 0.8317307692307693 0.13701923076923078
1 0.42788461538461536 0.4206730769230769 0.8125 0.11057692307692307
1 0.33413461538461536 0.3016826923076923 0.6153846153846154 0.10817307692307693
1 0.49158653846153844 0.17908653846153846 0.9254807692307693 0.12740384615384615
1 0.41346153846153844 0.055288461538461536 0.8076923076923077 0.10576923076923077
3 0.8942307692307693 0.6838942307692307 0.019230769230769232 0.05048076923076923
3 0.84375 0.41947115384615385 0.019230769230769232 0.05048076923076923
3 0.8329326923076923 0.05048076923076923 0.03125 0.04326923076923077
