1 0.16346153846153846 0.42788461538461536 0.21153846153846154 0.6730769230769231
1 0.3786057692307692 0.3701923076923077 0.17548076923076922 0.5480769230769231
1 0.5625 0.3293269230769231 0.14423076923076922 0.4519230769230769
1 0.7115384615384616 0.2956730769230769 0.11057692307692307 0.375
1 0.8329326923076923 0.24879807692307693 0.08413461538461539 0.28125
1 0.9290865384615384 0.23317307692307693 0.06490384615384616 0.2403846153846154
2 0.15384615384615385 0.8629807692307693 0.11057692307692307 0.20673076923076922
2 0.3798076923076923 0.7475961538461539 0.10576923076923077 0.1971153846153846
2 0.5600961538461539 0.6538461538461539 0.10096153846153846 0.20673076923076922
2 0.7163461538461539 0.5841346153846154 0.09615384615384616 0.20192307692307693
2 0.8317307692307693 0.4831730769230769 0.09134615384615384 0.1971153846153846
2 0.9326923076923077 0.43028846153846156 0.07211538461538461 0.14423076923076922
