1 0.9266826923076923 0.7319711538461539 0.14182692307692307 0.46875
1 0.7319711538461539 0.7211538461538461 0.2091346153846154 0.4807692307692308
1 0.9014423076923077 0.5204326923076923 0.19230769230769232 0.5120192307692307
1 0.9074519230769231 0.1935096153846154 0.18509615384615385 0.23798076923076922
1 0.6826923076923077 0.1778846153846154 0.2548076923076923 0.21634615384615385
1 0.6670673076923077 0.515625 0.2764423076923077 0.5216346153846154
1 0.5132211538461539 0.7055288461538461 0.22355769230769232 0.47836538461538464
1 0.2800480769230769 0.7007211538461539 0.23317307692307693 0.46875
1 0.3858173076923077 0.5673076923076923 0.2860576923076923 0.40865384615384615
1 0.4230769230769231 0.2764423076923077 0.2692307692307692 0.21634615384615385
1 0.14302884615384615 0.25961538461538464 0.2668269230769231 0.21634615384615385
1 0.12259615384615384 0.5516826923076923 0.2403846153846154 0.41586538461538464
