1 0.8401442307692307 0.6129807692307693 0.24278846153846154 0.7692307692307693
1 0.9579326923076923 0.5853365384615384 0.08413461538461539 0.8197115384615384
1 0.7175480769230769 0.5805288461538461 0.11778846153846154 0.6899038461538461
1 0.5961538461538461 0.6165865384615384 0.24519230769230768 0.7620192307692307
1 0.4110576923076923 0.6923076923076923 0.20192307692307693 0.6057692307692307
1 0.1935096153846154 0.7379807692307693 0.25721153846153844 0.5192307692307693
1 0.07211538461538461 0.5841346153846154 0.13942307692307693 0.8269230769230769
1 0.32211538461538464 0.5 0.11057692307692307 0.8269230769230769
1 0.6430288461538461 0.25240384615384615 0.06009615384615385 0.40384615384615385
1 0.5060096153846154 0.29086538461538464 0.06009615384615385 0.47115384615384615
3 0.5853365384615384 0.20432692307692307 0.10817307692307693 0.07211538461538461
3 0.84375 0.18990384615384615 0.1201923076923077 0.07692307692307693
3 0.9759615384615384 0.14783653846153846 0.04807692307692308 0.040865384615384616
3 0.40865384615384615 0.359375 0.10096153846153846 0.06009615384615385
3 0.17307692307692307 0.4423076923076923 0.1201923076923077 0.07211538461538461
3 0.05048076923076923 0.13341346153846154 0.08653846153846154 0.06009615384615385
3 0.3161057692307692 0.05889423076923077 0.06009615384615385 0.055288461538461536
3 0.49278846153846156 0.03485576923076923 0.052884615384615384 0.040865384615384616
3 0.7175480769230769 0.21153846153846154 0.0889423076923077 0.04807692307692308
