1 0.8137019230769231 0.7572115384615384 0.28125 0.32211538461538464
1 0.8112980769230769 0.30528846153846156 0.2860576923076923 0.3173076923076923
1 0.4951923076923077 0.3076923076923077 0.2932692307692308 0.32211538461538464
1 0.17307692307692307 0.3125 0.28365384615384615 0.32211538461538464
1 0.17067307692307693 0.7548076923076923 0.28846153846153844 0.3173076923076923
1 0.49399038461538464 0.7572115384615384 0.2860576923076923 0.3125
3 0.8137019230769231 0.546875 0.25721153846153844 0.10817307692307693
3 0.8125 0.09615384615384616 0.2692307692307692 0.11057692307692307
3 0.49278846153846156 0.10096153846153846 0.2644230769230769 0.11057692307692307
3 0.4963942307692308 0.5492788461538461 0.25721153846153844 0.10336538461538461
3 0.17307692307692307 0.5492788461538461 0.25961538461538464 0.10336538461538461
3 0.171875 0.10096153846153846 0.25721153846153844 0.11057692307692307
