1 0.8485576923076923 0.47836538461538464 0.30288461538461536 0.7115384615384616
1 0.671875 0.6826923076923077 0.19951923076923078 0.30288461538461536
1 0.49759615384615385 0.5649038461538461 0.2980769230769231 0.5384615384615384
1 0.37740384615384615 0.7572115384615384 0.17307692307692307 0.16346153846153846
1 0.19230769230769232 0.6346153846153846 0.24519230769230768 0.40865384615384615
1 0.12259615384615384 0.7920673076923077 0.1346153846153846 0.09375
2 0.37740384615384615 0.6310096153846154 0.125 0.09375
2 0.4963942307692308 0.2548076923076923 0.15144230769230768 0.07692307692307693
2 0.8846153846153846 0.08533653846153846 0.15384615384615385 0.08413461538461539
2 0.18509615384615385 0.3942307692307692 0.125 0.08173076923076923
2 0.12379807692307693 0.7019230769230769 0.10817307692307693 0.08173076923076923
