1 0.7067307692307693 0.16466346153846154 0.27884615384615385 0.1658653846153846
1 0.21153846153846154 0.2283653846153846 0.21634615384615385 0.13942307692307693
1 0.2127403846153846 0.41586538461538464 0.20432692307692307 0.1346153846153846
1 0.25240384615384615 0.6057692307692307 0.1346153846153846 0.12980769230769232
1 0.25 0.7908653846153846 0.13942307692307693 0.12980769230769232
1 0.7067307692307693 0.3942307692307692 0.27884615384615385 0.16826923076923078
1 0.7259615384615384 0.6225961538461539 0.2403846153846154 0.14903846153846154
1 0.7211538461538461 0.8533653846153846 0.2403846153846154 0.14423076923076922
3 0.5324519230769231 0.39903846153846156 0.06971153846153846 0.17307692307692307
3 0.5408653846153846 0.16826923076923078 0.08653846153846154 0.16346153846153846
3 0.0889423076923077 0.2283653846153846 0.08653846153846154 0.1346153846153846
3 0.07932692307692307 0.4170673076923077 0.07692307692307693 0.13701923076923078
3 0.14783653846153846 0.6033653846153846 0.06490384615384616 0.1346153846153846
3 0.5745192307692307 0.6274038461538461 0.09134615384615384 0.14903846153846154
3 0.5757211538461539 0.8557692307692307 0.06971153846153846 0.14903846153846154
3 0.1502403846153846 0.7932692307692307 0.06971153846153846 0.1346153846153846
