1 0.18028846153846154 0.7884615384615384 0.28365384615384615 0.3605769230769231
1 0.1778846153846154 0.2980769230769231 0.28846153846153844 0.3701923076923077
1 0.4879807692307692 0.2980769230769231 0.2932692307692308 0.3605769230769231
1 0.8004807692307693 0.3004807692307692 0.28846153846153844 0.375
1 0.8028846153846154 0.7908653846153846 0.2932692307692308 0.36538461538461536
1 0.49038461538461536 0.7908653846153846 0.2980769230769231 0.3701923076923077
3 0.18028846153846154 0.5721153846153846 0.25 0.08173076923076923
3 0.1814903846153846 0.08774038461538461 0.25721153846153844 0.0889423076923077
3 0.4879807692307692 0.08533653846153846 0.25 0.08413461538461539
3 0.4879807692307692 0.5709134615384616 0.25 0.0889423076923077
3 0.7980769230769231 0.5757211538461539 0.25 0.0889423076923077
3 0.7980769230769231 0.08533653846153846 0.25 0.09375
