1 0.7872596153846154 0.1466346153846154 0.1466346153846154 0.21634615384615385
1 0.5288461538461539 0.15144230769230768 0.18269230769230768 0.21634615384615385
1 0.53125 0.3870192307692308 0.1875 0.21634615384615385
1 0.8076923076923077 0.38461538461538464 0.1875 0.22115384615384615
1 0.8028846153846154 0.6286057692307693 0.1875 0.2091346153846154
1 0.8100961538461539 0.8641826923076923 0.18269230769230768 0.21394230769230768
1 0.5336538461538461 0.6322115384615384 0.18269230769230768 0.21634615384615385
1 0.5336538461538461 0.8665865384615384 0.18269230769230768 0.2091346153846154
1 0.25721153846153844 0.8641826923076923 0.1778846153846154 0.21394230769230768
1 0.25961538461538464 0.6286057692307693 0.18269230769230768 0.2091346153846154
1 0.25961538461538464 0.38461538461538464 0.18269230769230768 0.22115384615384615
1 0.25961538461538464 0.15144230769230768 0.19230769230769232 0.21634615384615385
3 0.41346153846153844 0.15384615384615385 0.07692307692307693 0.1875
3 0.6826923076923077 0.15625 0.07211538461538461 0.18269230769230768
3 0.13942307692307693 0.15384615384615385 0.07692307692307693 0.1875
3 0.13942307692307693 0.3918269230769231 0.07692307692307693 0.19230769230769232
3 0.4110576923076923 0.3918269230769231 0.07211538461538461 0.18269230769230768
3 0.6875 0.39903846153846156 0.07211538461538461 0.1875
3 0.6899038461538461 0.6346153846153846 0.07692307692307693 0.1875
3 0.41346153846153844 0.6322115384615384 0.0673076923076923 0.19230769230769232
3 0.14182692307692307 0.6274038461538461 0.07692307692307693 0.18269230769230768
3 0.14182692307692307 0.8677884615384616 0.07692307692307693 0.18269230769230768
3 0.41586538461538464 0.8677884615384616 0.07211538461538461 0.19230769230769232
3 0.6850961538461539 0.8701923076923077 0.0673076923076923 0.1875
