1 0.8557692307692307 0.5024038461538461 0.1875 0.7403846153846154
1 0.6646634615384616 0.5288461538461539 0.15144230769230768 0.6971153846153846
1 0.5060096153846154 0.5432692307692307 0.1466346153846154 0.6682692307692307
1 0.35697115384615385 0.5564903846153846 0.13221153846153846 0.65625
1 0.2091346153846154 0.5649038461538461 0.14423076923076922 0.6394230769230769
1 0.07572115384615384 0.5853365384615384 0.0889423076923077 0.5841346153846154
3 0.07572115384615384 0.26322115384615385 0.05048076923076923 0.06009615384615385
3 0.21033653846153846 0.22115384615384615 0.08413461538461539 0.07211538461538461
3 0.3605769230769231 0.1971153846153846 0.07692307692307693 0.057692307692307696
3 0.5060096153846154 0.18028846153846154 0.0889423076923077 0.057692307692307696
3 0.6658653846153846 0.15865384615384615 0.11057692307692307 0.052884615384615384
3 0.8569711538461539 0.10096153846153846 0.13221153846153846 0.052884615384615384
