1 0.4987980769230769 0.16105769230769232 0.5841346153846154 0.1201923076923077
1 0.5072115384615384 0.29927884615384615 0.5625 0.15625
1 0.47115384615384615 0.44591346153846156 0.6394230769230769 0.13701923076923078
1 0.4807692307692308 0.5841346153846154 0.6201923076923077 0.14423076923076922
1 0.4807692307692308 0.7307692307692307 0.6105769230769231 0.14423076923076922
1 0.5048076923076923 0.8665865384615384 0.5769230769230769 0.11778846153846154
3 0.22596153846153846 0.2920673076923077 0.028846153846153848 0.055288461538461536
3 0.13701923076923078 0.44350961538461536 0.02403846153846154 0.05048076923076923
3 0.14903846153846154 0.5901442307692307 0.019230769230769232 0.055288461538461536
3 0.16826923076923078 0.7295673076923077 0.014423076923076924 0.055288461538461536
3 0.19230769230769232 0.8737980769230769 0.014423076923076924 0.055288461538461536
