1 0.7716346153846154 0.9242788461538461 0.2932692307692308 0.07932692307692307
1 0.7584134615384616 0.8221153846153846 0.30528846153846156 0.0625
1 0.8341346153846154 0.7259615384615384 0.16826923076923078 0.08173076923076923
1 0.2764423076923077 0.9242788461538461 0.33653846153846156 0.08413461538461539
1 0.3112980769230769 0.8112980769230769 0.2668269230769231 0.07932692307692307
1 0.27884615384615385 0.7055288461538461 0.3317307692307692 0.06490384615384616
1 0.2620192307692308 0.6045673076923077 0.36538461538461536 0.07932692307692307
1 0.3173076923076923 0.49038461538461536 0.2403846153846154 0.08173076923076923
1 0.2620192307692308 0.38461538461538464 0.35096153846153844 0.08173076923076923
1 0.33413461538461536 0.2824519230769231 0.20673076923076922 0.07932692307692307
1 0.2956730769230769 0.18269230769230768 0.2980769230769231 0.057692307692307696
1 0.3016826923076923 0.07932692307692307 0.2860576923076923 0.09134615384615384
1 0.7524038461538461 0.07211538461538461 0.3173076923076923 0.08173076923076923
1 0.8052884615384616 0.16826923076923078 0.20192307692307693 0.0673076923076923
1 0.7668269230769231 0.27884615384615385 0.2932692307692308 0.11057692307692307
1 0.8365384615384616 0.3870192307692308 0.16346153846153846 0.07211538461538461
1 0.7692307692307693 0.4951923076923077 0.2980769230769231 0.11057692307692307
1 0.7800480769230769 0.6153846153846154 0.2668269230769231 0.09134615384615384
3 0.6141826923076923 0.9254807692307693 0.026442307692307692 0.07692307692307693
3 0.5961538461538461 0.8233173076923077 0.03365384615384615 0.055288461538461536
3 0.08774038461538461 0.9230769230769231 0.026442307692307692 0.0625
3 0.09495192307692307 0.7019230769230769 0.026442307692307692 0.028846153846153848
3 0.7355769230769231 0.7259615384615384 0.014423076923076924 0.08173076923076923
3 0.6237980769230769 0.6129807692307693 0.04567307692307692 0.07211538461538461
3 0.6033653846153846 0.49158653846153844 0.03365384615384615 0.07932692307692307
3 0.18509615384615385 0.49278846153846156 0.038461538461538464 0.07692307692307693
3 0.06850961538461539 0.6057692307692307 0.026442307692307692 0.04326923076923077
3 0.0733173076923077 0.38461538461538464 0.026442307692307692 0.038461538461538464
3 0.7331730769230769 0.3894230769230769 0.019230769230769232 0.07211538461538461
3 0.5997596153846154 0.2764423076923077 0.026442307692307692 0.0625
3 0.21754807692307693 0.27884615384615385 0.026442307692307692 0.057692307692307696
3 0.12620192307692307 0.18269230769230768 0.026442307692307692 0.04326923076923077
3 0.6875 0.17067307692307693 0.03365384615384615 0.057692307692307696
3 0.5673076923076923 0.0733173076923077 0.052884615384615384 0.055288461538461536
3 0.14182692307692307 0.08052884615384616 0.03365384615384615 0.07932692307692307
2 0.15865384615384615 0.8125 0.052884615384615384 0.07692307692307693
