1 0.07572115384615384 0.028846153846153848 0.13701923076923078 0.04326923076923077
1 0.16706730769230768 0.04567307692307692 0.14182692307692307 0.07692307692307693
1 0.039663461538461536 0.09134615384615384 0.06009615384615385 0.09615384615384616
1 0.17668269230769232 0.18509615384615385 0.21875 0.125
1 0.21394230769230768 0.0673076923076923 0.15865384615384615 0.1201923076923077
1 0.29086538461538464 0.04927884615384615 0.07211538461538461 0.08413461538461539
1 0.04326923076923077 0.11057692307692307 0.07211538461538461 0.1201923076923077
1 0.04326923076923077 0.23557692307692307 0.07211538461538461 0.11538461538461539
1 0.06971153846153846 0.3329326923076923 0.1201923076923077 0.15625
1 0.13221153846153846 0.2704326923076923 0.125 0.14182692307692307
1 0.0625 0.4495192307692308 0.11057692307692307 0.10576923076923077
1 0.10096153846153846 0.49759615384615385 0.16346153846153846 0.125
1 0.03125 0.5324519230769231 0.04326923076923077 0.08413461538461539
1 0.10336538461538461 0.5697115384615384 0.11538461538461539 0.09615384615384616
1 0.06490384615384616 0.6514423076923077 0.11538461538461539 0.1346153846153846
1 0.08413461538461539 0.7608173076923077 0.15384615384615385 0.12740384615384615
1 0.1814903846153846 0.640625 0.18028846153846154 0.15625
1 0.25961538461538464 0.5769230769230769 0.1201923076923077 0.13942307692307693
1 0.19951923076923078 0.5108173076923077 0.11057692307692307 0.08413461538461539
1 0.23317307692307693 0.7740384615384616 0.12980769230769232 0.125
1 0.31971153846153844 0.7295673076923077 0.16346153846153846 0.15625
1 0.4206730769230769 0.7692307692307693 0.08173076923076923 0.1346153846153846
1 0.4110576923076923 0.6875 0.08173076923076923 0.0673076923076923
1 0.22956730769230768 0.9459134615384616 0.18509615384615385 0.10817307692307693
1 0.1141826923076923 0.9627403846153846 0.19471153846153846 0.07451923076923077
1 0.07211538461538461 0.9086538461538461 0.125 0.13942307692307693
1 0.14543269230769232 0.8521634615384616 0.14182692307692307 0.11298076923076923
1 0.27403846153846156 0.8425480769230769 0.15865384615384615 0.10336538461538461
1 0.43509615384615385 0.8617788461538461 0.2403846153846154 0.10336538461538461
1 0.38341346153846156 0.9350961538461539 0.13701923076923078 0.11057692307692307
1 0.4326923076923077 0.9591346153846154 0.22596153846153846 0.08173076923076923
1 0.22115384615384615 0.41586538461538464 0.1875 0.1346153846153846
1 0.27403846153846156 0.30288461538461536 0.14903846153846154 0.10576923076923077
1 0.24278846153846154 0.2704326923076923 0.16346153846153846 0.08413461538461539
1 0.35096153846153844 0.18028846153846154 0.125 0.09134615384615384
1 0.36177884615384615 0.09134615384615384 0.18028846153846154 0.11538461538461539
1 0.4338942307692308 0.056490384615384616 0.21875 0.0985576923076923
1 0.5456730769230769 0.11298076923076923 0.20192307692307693 0.14423076923076922
1 0.7163461538461539 0.0673076923076923 0.21153846153846154 0.125
1 0.8197115384615384 0.028846153846153848 0.11538461538461539 0.04326923076923077
1 0.5600961538461539 0.026442307692307692 0.1201923076923077 0.038461538461538464
1 0.45552884615384615 0.2091346153846154 0.14182692307692307 0.11057692307692307
1 0.4050480769230769 0.2644230769230769 0.13701923076923078 0.08173076923076923
1 0.3942307692307692 0.35096153846153844 0.19230769230769232 0.1346153846153846
1 0.53125 0.35697115384615385 0.125 0.11298076923076923
1 0.625 0.35697115384615385 0.15384615384615385 0.08413461538461539
1 0.6346153846153846 0.28365384615384615 0.15865384615384615 0.1346153846153846
1 0.49759615384615385 0.24759615384615385 0.14903846153846154 0.08653846153846154
1 0.6754807692307693 0.2091346153846154 0.17307692307692307 0.14423076923076922
1 0.7163461538461539 0.14423076923076922 0.21153846153846154 0.125
1 0.8521634615384616 0.1502403846153846 0.13701923076923078 0.12740384615384615
1 0.8810096153846154 0.08533653846153846 0.10336538461538461 0.11298076923076923
1 0.7764423076923077 0.21754807692307693 0.44711538461538464 0.43028846153846156
1 0.41947115384615385 0.5456730769230769 0.21875 0.1201923076923077
1 0.37259615384615385 0.46274038461538464 0.23557692307692307 0.0985576923076923
1 0.5865384615384616 0.5432692307692307 0.12980769230769232 0.0625
1 0.5817307692307693 0.47115384615384615 0.11057692307692307 0.08173076923076923
1 0.4326923076923077 0.6610576923076923 0.27884615384615385 0.18269230769230768
1 0.5625 0.7896634615384616 0.21153846153846154 0.11298076923076923
1 0.6574519230769231 0.6971153846153846 0.6899038461538461 0.6057692307692307
1 0.5048076923076923 0.5012019230769231 0.9951923076923077 0.9975961538461539
