1 0.921875 0.3173076923076923 0.15625 0.32211538461538464
1 0.8762019230769231 0.21153846153846154 0.24759615384615385 0.35096153846153844
1 0.47475961538461536 0.3557692307692308 0.21875 0.3125
1 0.45913461538461536 0.27403846153846156 0.28846153846153844 0.23557692307692307
1 0.8870192307692307 0.23798076923076922 0.22596153846153846 0.25
1 0.4639423076923077 0.23557692307692307 0.40865384615384615 0.3125
1 0.0985576923076923 0.33413461538461536 0.19230769230769232 0.36538461538461536
1 0.12620192307692307 0.25721153846153844 0.24759615384615385 0.39903846153846156
1 0.33653846153846156 0.6177884615384616 0.19230769230769232 0.24519230769230768
1 0.5456730769230769 0.8257211538461539 0.15865384615384615 0.22355769230769232
1 0.8617788461538461 0.8365384615384616 0.2764423076923077 0.24519230769230768
1 0.8509615384615384 0.7572115384615384 0.2980769230769231 0.1971153846153846
1 0.7620192307692307 0.5841346153846154 0.3701923076923077 0.28846153846153844
1 0.7439903846153846 0.5 0.4543269230769231 0.28365384615384615
1 0.32211538461538464 0.5516826923076923 0.25961538461538464 0.18028846153846154
1 0.3269230769230769 0.53125 0.3557692307692308 0.2692307692307692
1 0.53125 0.7632211538461539 0.23076923076923078 0.14182692307692307
1 0.5372596153846154 0.734375 0.31971153846153844 0.21875
1 0.11899038461538461 0.8125 0.23317307692307693 0.25
1 0.13581730769230768 0.7259615384615384 0.2668269230769231 0.22596153846153846
