1 0.052884615384615384 0.9435096153846154 0.08653846153846154 0.11298076923076923
1 0.16346153846153846 0.8870192307692307 0.11538461538461539 0.11057692307692307
1 0.20673076923076922 0.9567307692307693 0.11538461538461539 0.08653846153846154
1 0.08173076923076923 0.734375 0.14903846153846154 0.1466346153846154
1 0.05048076923076923 0.6514423076923077 0.08173076923076923 0.07692307692307693
1 0.1658653846153846 0.5841346153846154 0.1201923076923077 0.14423076923076922
1 0.5456730769230769 0.49158653846153844 0.24519230769230768 0.12740384615384615
1 0.7451923076923077 0.7019230769230769 0.1201923076923077 0.10096153846153846
1 0.7512019230769231 0.8293269230769231 0.0985576923076923 0.11057692307692307
1 0.6586538461538461 0.9338942307692307 0.17307692307692307 0.13221153846153846
1 0.7908653846153846 0.5096153846153846 0.17307692307692307 0.23076923076923078
1 0.7608173076923077 0.6153846153846154 0.13701923076923078 0.1201923076923077
1 0.7355769230769231 0.3762019230769231 0.1875 0.15625
1 0.6935096153846154 0.2932692307692308 0.22355769230769232 0.14903846153846154
1 0.6129807692307693 0.18028846153846154 0.27884615384615385 0.16826923076923078
1 0.4206730769230769 0.38221153846153844 0.28846153846153844 0.2644230769230769
1 0.47475961538461536 0.5721153846153846 0.22355769230769232 0.27403846153846156
1 0.5384615384615384 0.7355769230769231 0.23076923076923078 0.32211538461538464
1 0.32572115384615385 0.8725961538461539 0.21875 0.2548076923076923
1 0.5024038461538461 0.9254807692307693 0.19230769230769232 0.14423076923076922
1 0.6514423076923077 0.65625 0.16826923076923078 0.25
1 0.6586538461538461 0.71875 0.17307692307692307 0.22596153846153846
1 0.4338942307692308 0.5600961538461539 0.21875 0.18269230769230768
1 0.22355769230769232 0.6622596153846154 0.24519230769230768 0.24759615384615385
1 0.26322115384615385 0.8774038461538461 0.3004807692307692 0.24519230769230768
1 0.24158653846153846 0.4254807692307692 0.22355769230769232 0.23557692307692307
1 0.21875 0.24278846153846154 0.20192307692307693 0.1875
1 0.15144230769230768 0.16466346153846154 0.15384615384615385 0.11298076923076923
1 0.055288461538461536 0.2620192307692308 0.09134615384615384 0.0673076923076923
1 0.2644230769230769 0.1466346153846154 0.2403846153846154 0.23076923076923078
1 0.41947115384615385 0.17427884615384615 0.2620192307692308 0.24759615384615385
1 0.45072115384615385 0.06370192307692307 0.2860576923076923 0.11778846153846154
1 0.671875 0.15985576923076922 0.34375 0.2764423076923077
