1 0.16947115384615385 0.4495192307692308 0.2668269230769231 0.8798076923076923
1 0.3605769230769231 0.35096153846153844 0.20192307692307693 0.6875
1 0.48677884615384615 0.40384615384615385 0.16105769230769232 0.7884615384615384
1 0.6502403846153846 0.35336538461538464 0.21394230769230768 0.6923076923076923
1 0.8521634615384616 0.42908653846153844 0.25240384615384615 0.84375
3 0.3329326923076923 0.7163461538461539 0.10817307692307693 0.03365384615384615
3 0.16947115384615385 0.9110576923076923 0.0985576923076923 0.04326923076923077
3 0.4891826923076923 0.8197115384615384 0.0985576923076923 0.03365384615384615
3 0.6706730769230769 0.7211538461538461 0.10576923076923077 0.03365384615384615
3 0.8533653846153846 0.8677884615384616 0.11057692307692307 0.03365384615384615
