1 0.8112980769230769 0.7920673076923077 0.06009615384615385 0.18028846153846154
1 0.7079326923076923 0.8004807692307693 0.07932692307692307 0.17307692307692307
1 0.6586538461538461 0.7079326923076923 0.0625 0.2956730769230769
1 0.6021634615384616 0.7211538461538461 0.07932692307692307 0.3125
1 0.4963942307692308 0.7007211538461539 0.12740384615384615 0.3004807692307692
1 0.4074519230769231 0.7980769230769231 0.06009615384615385 0.16826923076923078
1 0.31490384615384615 0.6201923076923077 0.1778846153846154 0.47115384615384615
1 0.19591346153846154 0.7944711538461539 0.06490384615384616 0.17548076923076922
3 0.4963942307692308 0.5384615384615384 0.09375 0.052884615384615384
3 0.6009615384615384 0.5456730769230769 0.038461538461538464 0.04807692307692308
3 0.6442307692307693 0.5204326923076923 0.04807692307692308 0.06009615384615385
3 0.7079326923076923 0.6742788461538461 0.0889423076923077 0.06490384615384616
3 0.8100961538461539 0.6742788461538461 0.057692307692307696 0.055288461538461536
3 0.4110576923076923 0.6766826923076923 0.057692307692307696 0.06009615384615385
3 0.3137019230769231 0.36538461538461536 0.11298076923076923 0.038461538461538464
3 0.19831730769230768 0.6802884615384616 0.05048076923076923 0.052884615384615384
