1 0.5853365384615384 0.6694711538461539 0.8245192307692307 0.2091346153846154
1 0.3954326923076923 0.8221153846153846 0.78125 0.1875
1 0.3894230769230769 0.5060096153846154 0.7740384615384616 0.19951923076923078
1 0.59375 0.34975961538461536 0.8076923076923077 0.19951923076923078
1 0.40865384615384615 0.20072115384615385 0.8076923076923077 0.18028846153846154
3 0.15504807692307693 0.6682692307692307 0.036057692307692304 0.09134615384615384
3 0.7932692307692307 0.5060096153846154 0.04807692307692308 0.0889423076923077
3 0.8016826923076923 0.8257211538461539 0.040865384615384616 0.08413461538461539
3 0.16947115384615385 0.3473557692307692 0.036057692307692304 0.0889423076923077
3 0.8209134615384616 0.1814903846153846 0.036057692307692304 0.0889423076923077
