1 0.6105769230769231 0.7019230769230769 0.6201923076923077 0.20192307692307693
1 0.7211538461538461 0.5985576923076923 0.4951923076923077 0.1201923076923077
1 0.8461538461538461 0.515625 0.30288461538461536 0.15625
1 0.7956730769230769 0.36538461538461536 0.40384615384615385 0.15384615384615385
1 0.6971153846153846 0.36538461538461536 0.4807692307692308 0.1875
1 0.5264423076923077 0.5048076923076923 0.34615384615384615 0.16346153846153846
1 0.6730769230769231 0.22355769230769232 0.375 0.11057692307692307
1 0.8846153846153846 0.25240384615384615 0.08173076923076923 0.09615384615384616
1 0.25961538461538464 0.4026442307692308 0.3942307692307692 0.09375
1 0.18269230769230768 0.5072115384615384 0.34615384615384615 0.08173076923076923
1 0.2608173076923077 0.5901442307692307 0.43509615384615385 0.06009615384615385
