1 0.9483173076923077 0.6310096153846154 0.10336538461538461 0.0889423076923077
1 0.8834134615384616 0.6995192307692307 0.23317307692307693 0.16826923076923078
1 0.9399038461538461 0.8221153846153846 0.1201923076923077 0.07692307692307693
1 0.921875 0.8737980769230769 0.15625 0.10336538461538461
1 0.9819711538461539 0.9807692307692307 0.036057692307692304 0.03365384615384615
1 0.8004807692307693 0.9399038461538461 0.2403846153846154 0.11538461538461539
1 0.8173076923076923 0.9723557692307693 0.1875 0.05048076923076923
1 0.5661057692307693 0.9591346153846154 0.23317307692307693 0.07692307692307693
1 0.18269230769230768 0.9567307692307693 0.30288461538461536 0.08173076923076923
1 0.5348557692307693 0.8605769230769231 0.5889423076923077 0.1971153846153846
1 0.5276442307692307 0.78125 0.2668269230769231 0.14903846153846154
1 0.6442307692307693 0.7403846153846154 0.3173076923076923 0.17307692307692307
1 0.7319711538461539 0.7127403846153846 0.27163461538461536 0.17548076923076922
1 0.7019230769230769 0.5745192307692307 0.23557692307692307 0.08173076923076923
1 0.515625 0.5817307692307693 0.2091346153846154 0.08653846153846154
1 0.5060096153846154 0.6466346153846154 0.2860576923076923 0.07692307692307693
1 0.4026442307692308 0.7367788461538461 0.21875 0.06971153846153846
1 0.12139423076923077 0.5913461538461539 0.23798076923076922 0.10576923076923077
1 0.19831730769230768 0.5300480769230769 0.19951923076923078 0.06971153846153846
1 0.18269230769230768 0.6838942307692307 0.3605769230769231 0.18028846153846154
1 0.12620192307692307 0.8197115384615384 0.24759615384615385 0.09134615384615384
1 0.0985576923076923 0.8942307692307693 0.19230769230769232 0.1201923076923077
