1 0.18990384615384615 0.6514423076923077 0.33653846153846156 0.6394230769230769
1 0.8245192307692307 0.22355769230769232 0.1971153846153846 0.4423076923076923
1 0.8677884615384616 0.8088942307692307 0.18269230769230768 0.37740384615384615
1 0.7043269230769231 0.6706730769230769 0.2692307692307692 0.47115384615384615
1 0.71875 0.7932692307692307 0.15865384615384615 0.40865384615384615
1 0.5841346153846154 0.7331730769230769 0.21153846153846154 0.5096153846153846
1 0.5144230769230769 0.6237980769230769 0.25 0.4206730769230769
1 0.39903846153846156 0.6706730769230769 0.1971153846153846 0.4807692307692308
1 0.3173076923076923 0.2704326923076923 0.25961538461538464 0.5360576923076923
1 0.43509615384615385 0.23076923076923078 0.27403846153846156 0.4519230769230769
1 0.5144230769230769 0.3317307692307692 0.2644230769230769 0.5576923076923077
1 0.6237980769230769 0.27283653846153844 0.23317307692307693 0.49759615384615385
1 0.7620192307692307 0.33052884615384615 0.23557692307692307 0.45913461538461536
