1 0.47596153846153844 0.5144230769230769 0.6298076923076923 0.5673076923076923
1 0.6947115384615384 0.0673076923076923 0.20673076923076922 0.1201923076923077
1 0.7055288461538461 0.15144230769230768 0.21875 0.07211538461538461
1 0.7019230769230769 0.21153846153846154 0.1875 0.07692307692307693
1 0.9519230769230769 0.4855769230769231 0.07692307692307693 0.07692307692307693
1 0.9663461538461539 0.4170673076923077 0.0673076923076923 0.0985576923076923
1 0.9759615384615384 0.33052884615384615 0.04807692307692308 0.07451923076923077
1 0.9819711538461539 0.265625 0.036057692307692304 0.07451923076923077
1 0.9206730769230769 0.28365384615384615 0.15865384615384615 0.5528846153846154
1 0.265625 0.5036057692307693 0.5168269230769231 0.9927884615384616
3 0.8076923076923077 0.5048076923076923 0.08173076923076923 0.4182692307692308
