1 0.6298076923076923 0.4014423076923077 0.2980769230769231 0.4423076923076923
1 0.4879807692307692 0.5576923076923077 0.3125 0.5288461538461539
1 0.44471153846153844 0.8918269230769231 0.3173076923076923 0.21153846153846154
1 0.8269230769230769 0.8016826923076923 0.23557692307692307 0.3918269230769231
1 0.6754807692307693 0.7956730769230769 0.1875 0.32211538461538464
1 0.32572115384615385 0.27884615384615385 0.31490384615384615 0.46153846153846156
1 0.19951923076923078 0.6129807692307693 0.28365384615384615 0.5625
1 0.1875 0.9519230769230769 0.24519230769230768 0.09134615384615384
1 0.0829326923076923 0.48677884615384615 0.15625 0.37259615384615385
1 0.06490384615384616 0.8317307692307693 0.1201923076923077 0.3317307692307692
