1 0.8149038461538461 0.3557692307692308 0.33653846153846156 0.6394230769230769
1 0.1814903846153846 0.7800480769230769 0.19951923076923078 0.43990384615384615
1 0.13701923076923078 0.19591346153846154 0.18269230769230768 0.37740384615384615
1 0.3004807692307692 0.33653846153846156 0.2692307692307692 0.47115384615384615
1 0.2860576923076923 0.21394230769230768 0.15865384615384615 0.40865384615384615
1 0.4206730769230769 0.27403846153846156 0.21153846153846154 0.5096153846153846
1 0.49278846153846156 0.38341346153846156 0.25 0.4206730769230769
1 0.6057692307692307 0.33653846153846156 0.1971153846153846 0.4807692307692308
1 0.6887019230769231 0.7331730769230769 0.2620192307692308 0.5336538461538461
1 0.5721153846153846 0.7764423076923077 0.27403846153846156 0.4519230769230769
1 0.49278846153846156 0.6754807692307693 0.2644230769230769 0.5576923076923077
1 0.38100961538461536 0.7319711538461539 0.23317307692307693 0.49759615384615385
1 0.24519230769230768 0.6742788461538461 0.23557692307692307 0.45913461538461536
