1 0.9170673076923077 0.5240384615384616 0.1466346153846154 0.5240384615384616
1 0.7487980769230769 0.5240384615384616 0.15144230769230768 0.5192307692307693
1 0.5853365384615384 0.5240384615384616 0.15144230769230768 0.5192307692307693
1 0.41947115384615385 0.5264423076923077 0.1466346153846154 0.5240384615384616
1 0.2512019230769231 0.5216346153846154 0.15144230769230768 0.5192307692307693
1 0.0829326923076923 0.5240384615384616 0.15144230769230768 0.5192307692307693
3 0.9110576923076923 0.7992788461538461 0.0673076923076923 0.026442307692307692
3 0.75 0.7992788461538461 0.0625 0.026442307692307692
3 0.5841346153846154 0.796875 0.0673076923076923 0.021634615384615384
3 0.40865384615384615 0.8016826923076923 0.0673076923076923 0.021634615384615384
3 0.24759615384615385 0.7992788461538461 0.0625 0.026442307692307692
3 0.08173076923076923 0.8016826923076923 0.0673076923076923 0.021634615384615384
