1 0.3269230769230769 0.6983173076923077 0.21634615384615385 0.3245192307692308
1 0.1875 0.4206730769230769 0.15865384615384615 0.30288461538461536
1 0.2956730769230769 0.3425480769230769 0.08653846153846154 0.3245192307692308
1 0.39663461538461536 0.5264423076923077 0.14423076923076922 0.2403846153846154
1 0.4495192307692308 0.2980769230769231 0.1201923076923077 0.19230769230769232
1 0.5264423076923077 0.46875 0.11057692307692307 0.15865384615384615
1 0.5216346153846154 0.7403846153846154 0.16826923076923078 0.2403846153846154
1 0.6274038461538461 0.8329326923076923 0.1971153846153846 0.14182692307692307
1 0.7307692307692307 0.6658653846153846 0.22115384615384615 0.17307692307692307
1 0.8149038461538461 0.5024038461538461 0.13942307692307693 0.12980769230769232
1 0.6730769230769231 0.49399038461538464 0.12980769230769232 0.2091346153846154
1 0.7824519230769231 0.3581730769230769 0.07932692307692307 0.125
1 0.6442307692307693 0.3004807692307692 0.18269230769230768 0.15865384615384615
