1 0.8701923076923077 0.28125 0.125 0.16826923076923078
1 0.7475961538461539 0.2644230769230769 0.08653846153846154 0.13942307692307693
1 0.6069711538461539 0.3245192307692308 0.15144230769230768 0.28365384615384615
1 0.4230769230769231 0.2860576923076923 0.14423076923076922 0.19230769230769232
1 0.19230769230769232 0.3112980769230769 0.25961538461538464 0.2668269230769231
3 0.8701923076923077 0.3918269230769231 0.125 0.0673076923076923
3 0.7451923076923077 0.36778846153846156 0.09134615384615384 0.0673076923076923
3 0.6069711538461539 0.49038461538461536 0.15144230769230768 0.07211538461538461
3 0.4230769230769231 0.4206730769230769 0.14423076923076922 0.07692307692307693
3 0.19230769230769232 0.4795673076923077 0.24519230769230768 0.10817307692307693
