1 0.46634615384615385 0.765625 0.375 0.16105769230769232
1 0.4326923076923077 0.6129807692307693 0.28846153846153844 0.12980769230769232
1 0.4170673076923077 0.4879807692307692 0.22355769230769232 0.1201923076923077
1 0.4182692307692308 0.3737980769230769 0.20673076923076922 0.0985576923076923
1 0.40625 0.27524038461538464 0.18269230769230768 0.0985576923076923
1 0.4026442307692308 0.1778846153846154 0.15625 0.08173076923076923
2 0.5144230769230769 0.1778846153846154 0.0673076923076923 0.07211538461538461
2 0.5360576923076923 0.27403846153846156 0.0673076923076923 0.0673076923076923
2 0.5576923076923077 0.37259615384615385 0.07211538461538461 0.07211538461538461
2 0.5600961538461539 0.4879807692307692 0.07211538461538461 0.07692307692307693
2 0.6201923076923077 0.6153846153846154 0.0673076923076923 0.07211538461538461
2 0.6850961538461539 0.7692307692307693 0.07211538461538461 0.07692307692307693
