1 0.6911057692307693 0.1466346153846154 0.2620192307692308 0.27884615384615385
1 0.9254807692307693 0.13581730769230768 0.14423076923076922 0.25721153846153844
1 0.9254807692307693 0.3954326923076923 0.14903846153846154 0.7764423076923077
1 0.7091346153846154 0.3581730769230769 0.21634615384615385 0.28365384615384615
1 0.5168269230769231 0.3245192307692308 0.23557692307692307 0.6346153846153846
1 0.25721153846153844 0.20432692307692307 0.21153846153846154 0.3942307692307692
1 0.12379807692307693 0.3401442307692308 0.19951923076923078 0.6610576923076923
1 0.32211538461538464 0.38461538461538464 0.16346153846153846 0.7307692307692307
1 0.4639423076923077 0.6730769230769231 0.1201923076923077 0.47596153846153844
1 0.12259615384615384 0.7572115384615384 0.15865384615384615 0.1971153846153846
1 0.6201923076923077 0.6538461538461539 0.13942307692307693 0.35096153846153844
1 0.7620192307692307 0.6057692307692307 0.15865384615384615 0.21153846153846154
