1 0.5913461538461539 0.8485576923076923 0.2548076923076923 0.13942307692307693
1 0.5901442307692307 0.6790865384615384 0.25721153846153844 0.14182692307692307
1 0.5913461538461539 0.5060096153846154 0.2548076923076923 0.14182692307692307
1 0.5913461538461539 0.31971153846153844 0.2548076923076923 0.13942307692307693
1 0.5889423076923077 0.14182692307692307 0.25 0.13942307692307693
2 0.36177884615384615 0.8461538461538461 0.19951923076923078 0.11057692307692307
2 0.3581730769230769 0.6778846153846154 0.1971153846153846 0.11538461538461539
2 0.3641826923076923 0.49759615384615385 0.20432692307692307 0.11057692307692307
2 0.3629807692307692 0.32211538461538464 0.1971153846153846 0.11538461538461539
2 0.36177884615384615 0.14182692307692307 0.19951923076923078 0.11538461538461539
