1 0.42788461538461536 0.7728365384615384 0.5721153846153846 0.14182692307692307
1 0.46634615384615385 0.6574519230769231 0.6009615384615384 0.1466346153846154
1 0.2283653846153846 0.6706730769230769 0.24519230769230768 0.125
1 0.26802884615384615 0.5829326923076923 0.27163461538461536 0.09375
1 0.20192307692307693 0.6081730769230769 0.24519230769230768 0.0625
1 0.21875 0.46634615384615385 0.24519230769230768 0.057692307692307696
1 0.5072115384615384 0.5180288461538461 0.625 0.15144230769230768
1 0.5504807692307693 0.37259615384615385 0.6586538461538461 0.1778846153846154
1 0.3076923076923077 0.4411057692307692 0.28846153846153844 0.09375
1 0.48677884615384615 0.27163461538461536 0.6129807692307693 0.12980769230769232
1 0.1778846153846154 0.3485576923076923 0.1201923076923077 0.052884615384615384
1 0.43028846153846156 0.21394230769230768 0.5673076923076923 0.12980769230769232
