1 0.6153846153846154 0.2764423076923077 0.7019230769230769 0.12980769230769232
1 0.5721153846153846 0.3858173076923077 0.6586538461538461 0.0985576923076923
1 0.6225961538461539 0.4879807692307692 0.6971153846153846 0.12980769230769232
1 0.5745192307692307 0.5396634615384616 0.5336538461538461 0.055288461538461536
1 0.5721153846153846 0.6153846153846154 0.6586538461538461 0.11057692307692307
1 0.5985576923076923 0.7091346153846154 0.7451923076923077 0.13942307692307693
3 0.2644230769230769 0.27403846153846156 0.03365384615384615 0.057692307692307696
3 0.23317307692307693 0.3942307692307692 0.028846153846153848 0.052884615384615384
3 0.2668269230769231 0.49038461538461536 0.038461538461538464 0.052884615384615384
3 0.2932692307692308 0.5348557692307693 0.028846153846153848 0.036057692307692304
3 0.23076923076923078 0.6322115384615384 0.03365384615384615 0.052884615384615384
3 0.21514423076923078 0.7211538461538461 0.021634615384615384 0.057692307692307696
