1 0.6274038461538461 0.8341346153846154 0.3605769230769231 0.2548076923076923
1 0.27283653846153844 0.7992788461538461 0.3245192307692308 0.24759615384615385
1 0.26802884615384615 0.5384615384615384 0.31490384615384615 0.25961538461538464
1 0.26322115384615385 0.26802884615384615 0.3245192307692308 0.2668269230769231
1 0.6346153846153846 0.2668269230769231 0.375 0.28365384615384615
1 0.6322115384615384 0.5552884615384616 0.3605769230769231 0.2692307692307692
4 0.9074519230769231 0.5540865384615384 0.18028846153846154 0.8918269230769231
4 0.4411057692307692 0.9615384615384616 0.7524038461538461 0.07692307692307693
4 0.05048076923076923 0.5288461538461539 0.09134615384615384 0.75
4 0.4411057692307692 0.06370192307692307 0.7331730769230769 0.11778846153846154
