1 0.8894230769230769 0.5997596153846154 0.18269230769230768 0.39663461538461536
1 0.7151442307692307 0.640625 0.15625 0.3245192307692308
1 0.5576923076923077 0.6742788461538461 0.1346153846153846 0.25721153846153844
1 0.4182692307692308 0.6850961538461539 0.1201923076923077 0.22596153846153846
1 0.2932692307692308 0.703125 0.11057692307692307 0.19951923076923078
1 0.171875 0.7139423076923077 0.0985576923076923 0.16826923076923078
1 0.06370192307692307 0.7295673076923077 0.08413461538461539 0.13701923076923078
2 0.8870192307692307 0.3112980769230769 0.08173076923076923 0.19951923076923078
2 0.7127403846153846 0.3918269230769231 0.09375 0.18269230769230768
2 0.5588942307692307 0.44711538461538464 0.0889423076923077 0.1971153846153846
2 0.41947115384615385 0.4807692307692308 0.08413461538461539 0.19230769230769232
2 0.28725961538461536 0.5072115384615384 0.07932692307692307 0.19230769230769232
2 0.16947115384615385 0.5336538461538461 0.08413461538461539 0.19230769230769232
2 0.05889423076923077 0.5673076923076923 0.09375 0.1875
