1 0.2860576923076923 0.21634615384615385 0.11538461538461539 0.30288461538461536
1 0.41346153846153844 0.21634615384615385 0.11538461538461539 0.2932692307692308
1 0.5372596153846154 0.21875 0.11298076923076923 0.28846153846153844
1 0.6682692307692307 0.21634615384615385 0.1201923076923077 0.2932692307692308
1 0.6165865384615384 0.24278846153846154 0.03125 0.2644230769230769
1 0.8149038461538461 0.21394230769230768 0.1201923076923077 0.28846153846153844
1 0.75 0.24759615384615385 0.04326923076923077 0.23076923076923078
1 0.22716346153846154 0.5384615384615384 0.06971153846153846 0.14423076923076922
1 0.29927884615384615 0.5408653846153846 0.06971153846153846 0.15865384615384615
1 0.38461538461538464 0.546875 0.07692307692307693 0.17067307692307693
1 0.4651442307692308 0.5516826923076923 0.0889423076923077 0.17067307692307693
1 0.5096153846153846 0.5528846153846154 0.014423076923076924 0.14903846153846154
1 0.5528846153846154 0.5408653846153846 0.08173076923076923 0.13942307692307693
1 0.6334134615384616 0.5552884615384616 0.06971153846153846 0.15384615384615385
1 0.7103365384615384 0.5528846153846154 0.06971153846153846 0.14903846153846154
1 0.7908653846153846 0.5540865384615384 0.08653846153846154 0.15625
1 0.875 0.5432692307692307 0.08653846153846154 0.14423076923076922
1 0.23557692307692307 0.7884615384615384 0.08173076923076923 0.1201923076923077
1 0.30408653846153844 0.7872596153846154 0.055288461538461536 0.11298076923076923
1 0.375 0.8076923076923077 0.08173076923076923 0.15384615384615385
1 0.45552884615384615 0.8353365384615384 0.0889423076923077 0.18028846153846154
1 0.5540865384615384 0.8401442307692307 0.0889423076923077 0.18028846153846154
1 0.6466346153846154 0.8389423076923077 0.09134615384615384 0.1971153846153846
1 0.7451923076923077 0.8461538461538461 0.09615384615384616 0.20192307692307693
1 0.8449519230769231 0.8557692307692307 0.10817307692307693 0.21153846153846154
3 0.41346153846153844 0.38221153846153844 0.07692307692307693 0.04807692307692308
3 0.28125 0.390625 0.09134615384615384 0.040865384615384616
3 0.23076923076923078 0.6310096153846154 0.07692307692307693 0.040865384615384616
3 0.5360576923076923 0.38822115384615385 0.08653846153846154 0.036057692307692304
3 0.6754807692307693 0.3786057692307692 0.07692307692307693 0.03125
3 0.6538461538461539 0.390625 0.07211538461538461 0.03125
3 0.7740384615384616 0.39302884615384615 0.07211538461538461 0.036057692307692304
3 0.8100961538461539 0.38100961538461536 0.08653846153846154 0.026442307692307692
3 0.7908653846153846 0.6442307692307693 0.08653846153846154 0.014423076923076924
3 0.7115384615384616 0.6382211538461539 0.0673076923076923 0.03125
3 0.6322115384615384 0.6418269230769231 0.0625 0.019230769230769232
3 0.5588942307692307 0.6274038461538461 0.06971153846153846 0.019230769230769232
3 0.46875 0.6442307692307693 0.0673076923076923 0.014423076923076924
3 0.3870192307692308 0.6466346153846154 0.07211538461538461 0.019230769230769232
3 0.30528846153846156 0.6394230769230769 0.0673076923076923 0.02403846153846154
3 0.875 0.6286057692307693 0.07692307692307693 0.026442307692307692
3 0.8413461538461539 0.9723557692307693 0.09134615384615384 0.03125
3 0.7451923076923077 0.9591346153846154 0.09134615384615384 0.02403846153846154
3 0.6454326923076923 0.9519230769230769 0.0889423076923077 0.019230769230769232
3 0.5528846153846154 0.9411057692307693 0.07211538461538461 0.03125
3 0.4567307692307692 0.9483173076923077 0.08173076923076923 0.036057692307692304
3 0.30528846153846156 0.8581730769230769 0.0625 0.019230769230769232
3 0.23918269230769232 0.8653846153846154 0.06971153846153846 0.014423076923076924
0 0.6730769230769231 0.12620192307692307 0.10576923076923077 0.10336538461538461
0 0.6658653846153846 0.25240384615384615 0.07211538461538461 0.14903846153846154
0 0.5348557692307693 0.21153846153846154 0.0889423076923077 0.27403846153846156
0 0.28725961538461536 0.14543269230769232 0.0889423076923077 0.10817307692307693
0 0.8221153846153846 0.1971153846153846 0.11538461538461539 0.22115384615384615
0 0.7451923076923077 0.18028846153846154 0.02403846153846154 0.07692307692307693
0 0.875 0.5024038461538461 0.07692307692307693 0.0625
0 0.7896634615384616 0.5096153846153846 0.06971153846153846 0.057692307692307696
0 0.7067307692307693 0.5372596153846154 0.0625 0.10817307692307693
0 0.6274038461538461 0.5408653846153846 0.0625 0.1201923076923077
0 0.5528846153846154 0.5324519230769231 0.07211538461538461 0.10817307692307693
0 0.4651442307692308 0.5324519230769231 0.06971153846153846 0.10817307692307693
0 0.38461538461538464 0.5144230769230769 0.0625 0.08173076923076923
0 0.30528846153846156 0.4951923076923077 0.0625 0.057692307692307696
0 0.2283653846153846 0.5228365384615384 0.0673076923076923 0.11298076923076923
0 0.23317307692307693 0.7764423076923077 0.07211538461538461 0.07211538461538461
0 0.30408653846153844 0.7536057692307693 0.04567307692307692 0.036057692307692304
0 0.45552884615384615 0.7884615384615384 0.07451923076923077 0.09615384615384616
0 0.5492788461538461 0.8197115384615384 0.0889423076923077 0.15865384615384615
0 0.6466346153846154 0.8173076923076923 0.08653846153846154 0.15384615384615385
0 0.7451923076923077 0.8293269230769231 0.08653846153846154 0.15865384615384615
0 0.84375 0.8557692307692307 0.09615384615384616 0.20192307692307693
