1 0.8870192307692307 0.7800480769230769 0.11538461538461539 0.21394230769230768
1 0.7451923076923077 0.7596153846153846 0.1346153846153846 0.2548076923076923
1 0.5721153846153846 0.7115384615384616 0.17307692307692307 0.3701923076923077
1 0.38221153846153844 0.6754807692307693 0.1875 0.4423076923076923
1 0.15144230769230768 0.6201923076923077 0.2403846153846154 0.5625
2 0.8846153846153846 0.5637019230769231 0.13942307692307693 0.21875
2 0.7451923076923077 0.5228365384615384 0.12980769230769232 0.21875
2 0.5697115384615384 0.41466346153846156 0.1346153846153846 0.21394230769230768
2 0.3798076923076923 0.3389423076923077 0.12980769230769232 0.21153846153846154
2 0.1466346153846154 0.23076923076923078 0.1346153846153846 0.20673076923076922
