1 0.9038461538461539 0.5661057692307693 0.07692307692307693 0.6754807692307693
1 0.7800480769230769 0.5456730769230769 0.0985576923076923 0.7019230769230769
1 0.6478365384615384 0.4987980769230769 0.10336538461538461 0.7956730769230769
1 0.5132211538461539 0.5396634615384616 0.0985576923076923 0.7283653846153846
1 0.3762019230769231 0.515625 0.10817307692307693 0.7475961538461539
1 0.24519230769230768 0.5492788461538461 0.10096153846153846 0.7235576923076923
1 0.11538461538461539 0.5264423076923077 0.08653846153846154 0.7548076923076923
3 0.5096153846153846 0.14182692307692307 0.04807692307692308 0.0673076923076923
3 0.3786057692307692 0.10817307692307693 0.04567307692307692 0.052884615384615384
3 0.24639423076923078 0.15745192307692307 0.04567307692307692 0.06009615384615385
3 0.11298076923076923 0.14423076923076922 0.04326923076923077 0.03365384615384615
3 0.6442307692307693 0.07572115384615384 0.038461538461538464 0.040865384615384616
3 0.7764423076923077 0.16105769230769232 0.038461538461538464 0.052884615384615384
3 0.8978365384615384 0.20192307692307693 0.040865384615384616 0.052884615384615384
