1 0.9086538461538461 0.6081730769230769 0.1201923076923077 0.7740384615384616
1 0.8293269230769231 0.5853365384615384 0.15384615384615385 0.8245192307692307
1 0.7127403846153846 0.5612980769230769 0.19951923076923078 0.8677884615384616
1 0.5084134615384616 0.5144230769230769 0.24759615384615385 0.9615384615384616
1 0.3389423076923077 0.5552884615384616 0.1971153846153846 0.8798076923076923
1 0.1935096153846154 0.5817307692307693 0.18990384615384615 0.8317307692307693
1 0.10697115384615384 0.6009615384615384 0.13701923076923078 0.7932692307692307
3 0.5108173076923077 0.078125 0.1466346153846154 0.07451923076923077
3 0.6923076923076923 0.1622596153846154 0.125 0.055288461538461536
3 0.8052884615384616 0.21033653846153846 0.10096153846153846 0.05048076923076923
3 0.8834134615384616 0.24278846153846154 0.06490384615384616 0.04326923076923077
3 0.3713942307692308 0.14783653846153846 0.12740384615384615 0.07451923076923077
3 0.2247596153846154 0.19951923076923078 0.11778846153846154 0.0673076923076923
3 0.1346153846153846 0.22716346153846154 0.07211538461538461 0.036057692307692304
