1 0.625 0.16346153846153846 0.052884615384615384 0.04326923076923077
1 0.33653846153846156 0.20432692307692307 0.07211538461538461 0.038461538461538464
1 0.19471153846153846 0.23076923076923078 0.07211538461538461 0.038461538461538464
1 0.8533653846153846 0.3329326923076923 0.0673076923076923 0.03125
1 0.8485576923076923 0.4375 0.04807692307692308 0.038461538461538464
1 0.9375 0.47115384615384615 0.0625 0.0673076923076923
1 0.9591346153846154 0.5673076923076923 0.052884615384615384 0.052884615384615384
1 0.9182692307692307 0.5348557692307693 0.07211538461538461 0.03125
1 0.9110576923076923 0.5721153846153846 0.038461538461538464 0.052884615384615384
1 0.9086538461538461 0.6153846153846154 0.052884615384615384 0.04326923076923077
1 0.8653846153846154 0.6153846153846154 0.052884615384615384 0.052884615384615384
1 0.8413461538461539 0.6574519230769231 0.04807692307692308 0.021634615384615384
1 0.8317307692307693 0.6754807692307693 0.0673076923076923 0.0673076923076923
1 0.7548076923076923 0.7235576923076923 0.08173076923076923 0.052884615384615384
1 0.7716346153846154 0.7596153846153846 0.07211538461538461 0.07692307692307693
1 0.7908653846153846 0.7788461538461539 0.04326923076923077 0.038461538461538464
1 0.7451923076923077 0.8052884615384616 0.052884615384615384 0.057692307692307696
1 0.7283653846153846 0.7740384615384616 0.0625 0.038461538461538464
1 0.7259615384615384 0.8485576923076923 0.0673076923076923 0.052884615384615384
1 0.6706730769230769 0.8149038461538461 0.08173076923076923 0.057692307692307696
1 0.6274038461538461 0.7668269230769231 0.10096153846153846 0.08173076923076923
1 0.59375 0.7908653846153846 0.0625 0.04807692307692308
1 0.5528846153846154 0.7908653846153846 0.0673076923076923 0.07692307692307693
1 0.4951923076923077 0.7956730769230769 0.0673076923076923 0.0673076923076923
1 0.45913461538461536 0.8461538461538461 0.038461538461538464 0.04807692307692308
1 0.4639423076923077 0.8870192307692307 0.04807692307692308 0.04326923076923077
1 0.4110576923076923 0.8317307692307693 0.0625 0.0673076923076923
1 0.3701923076923077 0.7980769230769231 0.0673076923076923 0.08173076923076923
1 0.33413461538461536 0.8605769230769231 0.0673076923076923 0.052884615384615384
1 0.31009615384615385 0.8293269230769231 0.0625 0.07211538461538461
1 0.3076923076923077 0.7740384615384616 0.0673076923076923 0.04807692307692308
1 0.25 0.7884615384615384 0.057692307692307696 0.0673076923076923
1 0.21875 0.7668269230769231 0.0673076923076923 0.0625
1 0.17548076923076922 0.7427884615384616 0.04326923076923077 0.057692307692307696
1 0.16105769230769232 0.7355769230769231 0.0673076923076923 0.04326923076923077
1 0.04807692307692308 0.6899038461538461 0.0625 0.04807692307692308
1 0.028846153846153848 0.6442307692307693 0.04326923076923077 0.038461538461538464
1 0.06490384615384616 0.6418269230769231 0.0625 0.0673076923076923
1 0.11057692307692307 0.65625 0.07211538461538461 0.07211538461538461
1 0.04326923076923077 0.5865384615384616 0.07211538461538461 0.057692307692307696
1 0.04326923076923077 0.5300480769230769 0.04326923076923077 0.03125
1 0.036057692307692304 0.4423076923076923 0.057692307692307696 0.08173076923076923
1 0.03125 0.36778846153846156 0.04807692307692308 0.052884615384615384
1 0.07211538461538461 0.3449519230769231 0.0673076923076923 0.036057692307692304
1 0.6009615384615384 0.2091346153846154 0.057692307692307696 0.057692307692307696
1 0.3269230769230769 0.32211538461538464 0.40865384615384615 0.1971153846153846
1 0.15865384615384615 0.4735576923076923 0.1971153846153846 0.28365384615384615
1 0.19951923076923078 0.6117788461538461 0.2403846153846154 0.14182692307692307
1 0.30408653846153844 0.6790865384615384 0.2668269230769231 0.14182692307692307
1 0.45552884615384615 0.6610576923076923 0.31971153846153844 0.23076923076923078
1 0.43990384615384615 0.48197115384615385 0.15384615384615385 0.37740384615384615
1 0.3076923076923077 0.49278846153846156 0.11057692307692307 0.28365384615384615
1 0.5625 0.5060096153846154 0.11538461538461539 0.5072115384615384
1 0.6706730769230769 0.5240384615384616 0.125 0.42788461538461536
1 0.7572115384615384 0.5625 0.10096153846153846 0.2932692307692308
1 0.7704326923076923 0.5757211538461539 0.19951923076923078 0.14182692307692307
1 0.7019230769230769 0.5288461538461539 0.23557692307692307 0.11057692307692307
1 0.6862980769230769 0.4230769230769231 0.1466346153846154 0.13942307692307693
