1 0.19471153846153846 0.6286057692307693 0.375 0.27163461538461536
1 0.6826923076923077 0.8064903846153846 0.3557692307692308 0.25721153846153844
1 0.6754807692307693 0.3737980769230769 0.35096153846153844 0.2620192307692308
1 0.1875 0.171875 0.3317307692307692 0.2668269230769231
3 0.42788461538461536 0.6286057692307693 0.17307692307692307 0.27163461538461536
3 0.9158653846153846 0.8161057692307693 0.16826923076923078 0.2764423076923077
3 0.90625 0.3762019230769231 0.16346153846153846 0.2668269230769231
3 0.4254807692307692 0.16947115384615385 0.1778846153846154 0.2620192307692308
0 0.8004807692307693 0.27884615384615385 0.04807692307692308 0.04326923076923077
0 0.7752403846153846 0.31971153846153844 0.026442307692307692 0.04807692307692308
0 0.7620192307692307 0.3701923076923077 0.052884615384615384 0.038461538461538464
0 0.8004807692307693 0.37740384615384615 0.038461538461538464 0.04807692307692308
0 0.7632211538461539 0.4206730769230769 0.036057692307692304 0.0625
0 0.7752403846153846 0.46634615384615385 0.036057692307692304 0.038461538461538464
0 0.8233173076923077 0.4495192307692308 0.03125 0.0673076923076923
0 0.8197115384615384 0.32211538461538464 0.038461538461538464 0.04326923076923077
0 0.7487980769230769 0.29086538461538464 0.026442307692307692 0.04807692307692308
0 0.7463942307692307 0.3269230769230769 0.036057692307692304 0.04326923076923077
0 0.7223557692307693 0.3605769230769231 0.026442307692307692 0.038461538461538464
0 0.7271634615384616 0.4014423076923077 0.026442307692307692 0.04807692307692308
0 0.7079326923076923 0.4230769230769231 0.03125 0.04807692307692308
0 0.7319711538461539 0.4543269230769231 0.036057692307692304 0.057692307692307696
0 0.6959134615384616 0.46033653846153844 0.036057692307692304 0.036057692307692304
0 0.6442307692307693 0.4639423076923077 0.057692307692307696 0.04807692307692308
0 0.671875 0.4375 0.021634615384615384 0.04807692307692308
0 0.6862980769230769 0.39302884615384615 0.021634615384615384 0.036057692307692304
0 0.7175480769230769 0.3605769230769231 0.036057692307692304 0.0673076923076923
0 0.6802884615384616 0.3269230769230769 0.0673076923076923 0.052884615384615384
0 0.6418269230769231 0.3605769230769231 0.0673076923076923 0.04807692307692308
0 0.7151442307692307 0.2920673076923077 0.036057692307692304 0.036057692307692304
0 0.6706730769230769 0.30288461538461536 0.04326923076923077 0.04807692307692308
0 0.6394230769230769 0.3245192307692308 0.052884615384615384 0.057692307692307696
0 0.6382211538461539 0.28966346153846156 0.026442307692307692 0.03125
0 0.6045673076923077 0.3076923076923077 0.03125 0.057692307692307696
0 0.5829326923076923 0.3293269230769231 0.03125 0.04807692307692308
0 0.5793269230769231 0.38341346153846156 0.038461538461538464 0.08413461538461539
0 0.609375 0.37740384615384615 0.021634615384615384 0.057692307692307696
0 0.6081730769230769 0.4423076923076923 0.04326923076923077 0.04326923076923077
0 0.5721153846153846 0.4567307692307692 0.052884615384615384 0.0625
0 0.5540865384615384 0.40625 0.036057692307692304 0.057692307692307696
0 0.5384615384615384 0.4567307692307692 0.038461538461538464 0.0625
0 0.5420673076923077 0.34375 0.03125 0.0673076923076923
0 0.578125 0.34134615384615385 0.03125 0.0625
0 0.5697115384615384 0.29086538461538464 0.038461538461538464 0.052884615384615384
0 0.5396634615384616 0.29086538461538464 0.036057692307692304 0.038461538461538464
0 0.28125 0.11538461538461539 0.0673076923076923 0.1201923076923077
0 0.3076923076923077 0.21875 0.0673076923076923 0.12980769230769232
0 0.21153846153846154 0.1971153846153846 0.125 0.1201923076923077
0 0.15625 0.2091346153846154 0.0673076923076923 0.1201923076923077
0 0.19230769230769232 0.11538461538461539 0.1201923076923077 0.11057692307692307
0 0.09975961538461539 0.10336538461538461 0.09375 0.10096153846153846
0 0.09615384615384616 0.1971153846153846 0.10576923076923077 0.13942307692307693
2 0.32211538461538464 0.5697115384615384 0.0625 0.07692307692307693
2 0.2860576923076923 0.6430288461538461 0.1201923076923077 0.0889423076923077
2 0.2956730769230769 0.6983173076923077 0.07211538461538461 0.09375
2 0.25721153846153844 0.7235576923076923 0.0625 0.052884615384615384
2 0.25961538461538464 0.5673076923076923 0.07692307692307693 0.07211538461538461
2 0.20192307692307693 0.5552884615384616 0.0625 0.0625
2 0.20793269230769232 0.6538461538461539 0.0889423076923077 0.15384615384615385
2 0.16346153846153846 0.6838942307692307 0.0625 0.0889423076923077
2 0.16346153846153846 0.5997596153846154 0.052884615384615384 0.08413461538461539
2 0.12379807692307693 0.5745192307692307 0.0889423076923077 0.10096153846153846
2 0.13341346153846154 0.6814903846153846 0.08413461538461539 0.09375
2 0.07451923076923077 0.6466346153846154 0.052884615384615384 0.09615384615384616
