1 0.7644230769230769 0.25721153846153844 0.25961538461538464 0.5048076923076923
1 0.453125 0.4495192307692308 0.49278846153846156 0.8798076923076923
1 0.9266826923076923 0.22956730769230768 0.1466346153846154 0.4543269230769231
1 0.8894230769230769 0.040865384615384616 0.08653846153846154 0.07692307692307693
1 0.4807692307692308 0.22355769230769232 0.22596153846153846 0.2980769230769231
1 0.1935096153846154 0.41225961538461536 0.37740384615384615 0.6033653846153846
1 0.11298076923076923 0.2091346153846154 0.21153846153846154 0.3701923076923077
1 0.0985576923076923 0.08173076923076923 0.1875 0.15865384615384615
1 0.35697115384615385 0.08774038461538461 0.27163461538461536 0.1658653846153846
1 0.078125 0.8810096153846154 0.14182692307692307 0.23317307692307693
1 0.04927884615384615 0.7980769230769231 0.0889423076923077 0.21153846153846154
1 0.3605769230769231 0.8185096153846154 0.5336538461538461 0.3581730769230769
1 0.8461538461538461 0.8076923076923077 0.3125 0.3269230769230769
1 0.8870192307692307 0.9567307692307693 0.18269230769230768 0.08173076923076923
1 0.7103365384615384 0.7908653846153846 0.2668269230769231 0.25961538461538464
1 0.8197115384615384 0.5745192307692307 0.3605769230769231 0.28846153846153844
1 0.5012019230769231 0.5024038461538461 0.9975961538461539 0.9951923076923077
