1 0.11538461538461539 0.29447115384615385 0.21153846153846154 0.31971153846153844
1 0.055288461538461536 0.6394230769230769 0.09134615384615384 0.2692307692307692
1 0.22596153846153846 0.7620192307692307 0.16346153846153846 0.3076923076923077
1 0.22115384615384615 0.42788461538461536 0.052884615384615384 0.04326923076923077
1 0.8401442307692307 0.4170673076923077 0.0985576923076923 0.2764423076923077
1 0.6129807692307693 0.13701923076923078 0.125 0.2692307692307692
1 0.45913461538461536 0.31490384615384615 0.28846153846153844 0.3798076923076923
1 0.5817307692307693 0.42788461538461536 0.23076923076923078 0.11538461538461539
1 0.6959134615384616 0.2692307692307692 0.21875 0.19230769230769232
1 0.7307692307692307 0.6814903846153846 0.5384615384615384 0.4639423076923077
