1 0.20552884615384615 0.4495192307692308 0.24759615384615385 0.4230769230769231
1 0.25600961538461536 0.7427884615384616 0.19471153846153846 0.2980769230769231
1 0.43028846153846156 0.4879807692307692 0.2692307692307692 0.25961538461538464
1 0.4206730769230769 0.29086538461538464 0.20673076923076922 0.28846153846153844
1 0.65625 0.18028846153846154 0.14903846153846154 0.25961538461538464
1 0.6634615384615384 0.4519230769230769 0.1971153846153846 0.3605769230769231
1 0.8052884615384616 0.5841346153846154 0.2548076923076923 0.40384615384615385
1 0.5697115384615384 0.7139423076923077 0.18269230769230768 0.2692307692307692
3 0.4254807692307692 0.6177884615384616 0.125 0.07692307692307693
3 0.5661057692307693 0.8533653846153846 0.18990384615384615 0.08653846153846154
