1 0.5360576923076923 0.1466346153846154 0.6490384615384616 0.18269230769230768
1 0.6057692307692307 0.3581730769230769 0.5144230769230769 0.14423076923076922
1 0.6538461538461539 0.5336538461538461 0.4182692307692308 0.11538461538461539
1 0.6947115384615384 0.6875 0.3317307692307692 0.09134615384615384
1 0.7235576923076923 0.8197115384615384 0.2644230769230769 0.08173076923076923
1 0.7451923076923077 0.9290865384615384 0.23076923076923078 0.06490384615384616
3 0.1778846153846154 0.14903846153846154 0.057692307692307696 0.0673076923076923
3 0.31971153846153844 0.36177884615384615 0.0673076923076923 0.06971153846153846
3 0.41586538461538464 0.5408653846153846 0.0673076923076923 0.0625
3 0.5036057692307693 0.6899038461538461 0.05048076923076923 0.04807692307692308
3 0.5625 0.8197115384615384 0.0673076923076923 0.04807692307692308
3 0.6021634615384616 0.9387019230769231 0.04567307692307692 0.04567307692307692
