1 0.9362980769230769 0.8870192307692307 0.0889423076923077 0.16826923076923078
1 0.8677884615384616 0.6117788461538461 0.15384615384615385 0.25721153846153844
1 0.8954326923076923 0.3858173076923077 0.0889423076923077 0.0889423076923077
1 0.9050480769230769 0.19230769230769232 0.15144230769230768 0.18269230769230768
1 0.7319711538461539 0.12259615384615384 0.15144230769230768 0.16826923076923078
1 0.5685096153846154 0.12379807692307693 0.0889423076923077 0.14182692307692307
1 0.40865384615384615 0.09615384615384616 0.10096153846153846 0.08173076923076923
1 0.5769230769230769 0.36177884615384615 0.052884615384615384 0.2091346153846154
1 0.71875 0.3245192307692308 0.125 0.11057692307692307
1 0.6862980769230769 0.5841346153846154 0.15144230769230768 0.21634615384615385
1 0.7548076923076923 0.8557692307692307 0.07211538461538461 0.1971153846153846
1 0.6009615384615384 0.8581730769230769 0.15384615384615385 0.19230769230769232
1 0.47115384615384615 0.7115384615384616 0.11057692307692307 0.21634615384615385
1 0.5168269230769231 0.5913461538461539 0.13942307692307693 0.17307692307692307
1 0.39663461538461536 0.8689903846153846 0.15384615384615385 0.14182692307692307
1 0.31009615384615385 0.6153846153846154 0.10576923076923077 0.16826923076923078
1 0.3076923076923077 0.44711538461538464 0.04807692307692308 0.10576923076923077
1 0.3798076923076923 0.4411057692307692 0.07211538461538461 0.08413461538461539
1 0.45552884615384615 0.39302884615384615 0.036057692307692304 0.021634615384615384
1 0.43028846153846156 0.3389423076923077 0.019230769230769232 0.014423076923076924
1 0.4254807692307692 0.27403846153846156 0.10576923076923077 0.052884615384615384
1 0.38822115384615385 0.22115384615384615 0.03125 0.019230769230769232
1 0.375 0.19110576923076922 0.038461538461538464 0.021634615384615384
1 0.21875 0.08173076923076923 0.16346153846153846 0.057692307692307696
1 0.06009615384615385 0.0733173076923077 0.04326923076923077 0.0889423076923077
1 0.09975961538461539 0.18509615384615385 0.09375 0.04326923076923077
1 0.19471153846153846 0.19591346153846154 0.125 0.09375
1 0.29086538461538464 0.21153846153846154 0.04326923076923077 0.10576923076923077
1 0.31009615384615385 0.28846153846153844 0.0625 0.04326923076923077
1 0.23197115384615385 0.25961538461538464 0.021634615384615384 0.019230769230769232
1 0.19471153846153846 0.27283653846153844 0.052884615384615384 0.03125
1 0.24278846153846154 0.3173076923076923 0.019230769230769232 0.014423076923076924
1 0.296875 0.34975961538461536 0.026442307692307692 0.026442307692307692
1 0.3293269230769231 0.33533653846153844 0.004807692307692308 0.026442307692307692
1 0.2608173076923077 0.4014423076923077 0.026442307692307692 0.04807692307692308
1 0.21394230769230768 0.34375 0.014423076923076924 0.014423076923076924
1 0.18629807692307693 0.3701923076923077 0.08413461538461539 0.13942307692307693
1 0.08653846153846154 0.28365384615384615 0.11538461538461539 0.04326923076923077
1 0.07692307692307693 0.4230769230769231 0.0673076923076923 0.10096153846153846
1 0.1466346153846154 0.46634615384615385 0.04807692307692308 0.04326923076923077
1 0.23317307692307693 0.5240384615384616 0.08173076923076923 0.125
1 0.08533653846153846 0.5144230769230769 0.08413461538461539 0.07211538461538461
1 0.1875 0.7055288461538461 0.12980769230769232 0.14182692307692307
1 0.22355769230769232 0.8774038461538461 0.12980769230769232 0.1778846153846154
1 0.07932692307692307 0.7872596153846154 0.11538461538461539 0.1466346153846154
