1 0.5408653846153846 0.7836538461538461 0.2692307692307692 0.40384615384615385
1 0.5168269230769231 0.1346153846153846 0.3269230769230769 0.11057692307692307
1 0.5216346153846154 0.17067307692307693 0.28365384615384615 0.27403846153846156
1 0.4951923076923077 0.44471153846153844 0.11057692307692307 0.23076923076923078
1 0.5817307692307693 0.3942307692307692 0.16346153846153846 0.41346153846153844
1 0.4963942307692308 0.30288461538461536 0.06009615384615385 0.13942307692307693
1 0.6201923076923077 0.5240384615384616 0.15384615384615385 0.1971153846153846
1 0.7019230769230769 0.25600961538461536 0.15384615384615385 0.25721153846153844
1 0.640625 0.19230769230769232 0.13701923076923078 0.16346153846153846
1 0.6995192307692307 0.4110576923076923 0.14903846153846154 0.27884615384615385
