1 0.6622596153846154 0.19471153846153846 0.08413461538461539 0.27403846153846156
1 0.5805288461538461 0.24639423076923078 0.15144230769230768 0.15144230769230768
1 0.5240384615384616 0.3137019230769231 0.052884615384615384 0.14182692307692307
1 0.5721153846153846 0.27403846153846156 0.07211538461538461 0.1778846153846154
1 0.4254807692307692 0.34375 0.22115384615384615 0.18269230769230768
1 0.3161057692307692 0.5745192307692307 0.1466346153846154 0.34134615384615385
1 0.28125 0.8798076923076923 0.057692307692307696 0.18269230769230768
1 0.2932692307692308 0.7836538461538461 0.07692307692307693 0.16346153846153846
1 0.3581730769230769 0.8930288461538461 0.08173076923076923 0.2091346153846154
1 0.38822115384615385 0.6826923076923077 0.08413461538461539 0.25
1 0.41947115384615385 0.609375 0.09375 0.19951923076923078
1 0.46274038461538464 0.4879807692307692 0.08413461538461539 0.2932692307692308
1 0.5108173076923077 0.6862980769230769 0.08413461538461539 0.1466346153846154
1 0.53125 0.5949519230769231 0.07211538461538461 0.15144230769230768
1 0.5528846153846154 0.4543269230769231 0.10096153846153846 0.16346153846153846
1 0.6394230769230769 0.45072115384615385 0.15865384615384615 0.25721153846153844
1 0.6947115384615384 0.4254807692307692 0.1201923076923077 0.22115384615384615
1 0.6394230769230769 0.6694711538461539 0.10576923076923077 0.25721153846153844
1 0.7427884615384616 0.6574519230769231 0.13942307692307693 0.2764423076923077
1 0.6754807692307693 0.7548076923076923 0.13942307692307693 0.1778846153846154
1 0.5793269230769231 0.7307692307692307 0.0673076923076923 0.25
1 0.5120192307692307 0.7451923076923077 0.0673076923076923 0.27403846153846156
1 0.43990384615384615 0.875 0.038461538461538464 0.15865384615384615
1 0.4567307692307692 0.7824519230769231 0.04326923076923077 0.2091346153846154
1 0.49399038461538464 0.921875 0.19951923076923078 0.15144230769230768
1 0.5997596153846154 0.9146634615384616 0.15625 0.17067307692307693
1 0.6298076923076923 0.8413461538461539 0.04326923076923077 0.0673076923076923
