1 0.6995192307692307 0.6129807692307693 0.3557692307692308 0.11057692307692307
1 0.6802884615384616 0.4735576923076923 0.35096153846153844 0.11057692307692307
1 0.6586538461538461 0.33413461538461536 0.3557692307692308 0.11538461538461539
1 0.43028846153846156 0.7548076923076923 0.04807692307692308 0.057692307692307696
1 0.38461538461538464 0.7596153846153846 0.038461538461538464 0.038461538461538464
1 0.34975961538461536 0.7644230769230769 0.03125 0.038461538461538464
1 0.41586538461538464 0.6586538461538461 0.04807692307692308 0.04326923076923077
1 0.3737980769230769 0.6670673076923077 0.036057692307692304 0.036057692307692304
1 0.34375 0.6682692307692307 0.02403846153846154 0.019230769230769232
1 0.39903846153846156 0.5625 0.04807692307692308 0.038461538461538464
1 0.36778846153846156 0.5829326923076923 0.038461538461538464 0.026442307692307692
1 0.3389423076923077 0.5901442307692307 0.038461538461538464 0.03125
1 0.3329326923076923 0.48197115384615385 0.026442307692307692 0.03125
1 0.3629807692307692 0.4651442307692308 0.038461538461538464 0.03125
1 0.40024038461538464 0.4495192307692308 0.036057692307692304 0.04326923076923077
1 0.3858173076923077 0.34975961538461536 0.036057692307692304 0.03125
1 0.3641826923076923 0.3786057692307692 0.036057692307692304 0.036057692307692304
1 0.34615384615384615 0.4050480769230769 0.0625 0.036057692307692304
1 0.3557692307692308 0.3161057692307692 0.08173076923076923 0.036057692307692304
1 0.3701923076923077 0.29447115384615385 0.0625 0.03125
1 0.3858173076923077 0.25841346153846156 0.03125 0.036057692307692304
4 0.24759615384615385 0.6754807692307693 0.1346153846153846 0.2548076923076923
4 0.23076923076923078 0.4182692307692308 0.14423076923076922 0.25
4 0.3389423076923077 0.14423076923076922 0.1201923076923077 0.27403846153846156
4 0.4951923076923077 0.30288461538461536 0.19230769230769232 0.3125
4 0.5264423076923077 0.6490384615384616 0.21153846153846154 0.3269230769230769
4 0.3701923076923077 0.5120192307692307 0.11538461538461539 0.07211538461538461
4 0.3629807692307692 0.21394230769230768 0.10096153846153846 0.1201923076923077
4 0.6586538461538461 0.22596153846153846 0.14423076923076922 0.10576923076923077
4 0.6682692307692307 0.4050480769230769 0.1346153846153846 0.036057692307692304
4 0.6778846153846154 0.5420673076923077 0.125 0.036057692307692304
4 0.6502403846153846 0.7283653846153846 0.036057692307692304 0.12980769230769232
4 0.3954326923076923 0.8942307692307693 0.15144230769230768 0.18269230769230768
