1 0.7091346153846154 0.59375 0.23076923076923078 0.16346153846153846
1 0.6947115384615384 0.4483173076923077 0.14903846153846154 0.18990384615384615
1 0.7319711538461539 0.4675480769230769 0.06009615384615385 0.0985576923076923
1 0.6165865384615384 0.4182692307692308 0.0889423076923077 0.07692307692307693
1 0.6622596153846154 0.36899038461538464 0.06971153846153846 0.06490384615384616
1 0.6346153846153846 0.28365384615384615 0.15384615384615385 0.15865384615384615
1 0.6165865384615384 0.20793269230769232 0.11778846153846154 0.13701923076923078
1 0.5985576923076923 0.09014423076923077 0.10576923076923077 0.0889423076923077
1 0.5336538461538461 0.0625 0.11538461538461539 0.1201923076923077
1 0.4206730769230769 0.2764423076923077 0.38461538461538464 0.16346153846153846
1 0.27283653846153844 0.6622596153846154 0.29086538461538464 0.25721153846153844
1 0.48197115384615385 0.5396634615384616 0.2764423076923077 0.21875
1 0.46033653846153844 0.5925480769230769 0.12259615384615384 0.2283653846153846
1 0.21634615384615385 0.5552884615384616 0.1346153846153846 0.2403846153846154
1 0.05889423076923077 0.4651442307692308 0.11298076923076923 0.13701923076923078
1 0.13581730769230768 0.4483173076923077 0.08413461538461539 0.10336538461538461
1 0.26802884615384615 0.4723557692307692 0.2620192307692308 0.25240384615384615
1 0.2956730769230769 0.38221153846153844 0.14903846153846154 0.09134615384615384
1 0.44591346153846156 0.4026442307692308 0.19951923076923078 0.14182692307692307
1 0.2860576923076923 0.328125 0.11538461538461539 0.11298076923076923
1 0.1622596153846154 0.27524038461538464 0.14182692307692307 0.14182692307692307
1 0.3473557692307692 0.14302884615384615 0.17548076923076922 0.13701923076923078
1 0.4543269230769231 0.15625 0.22596153846153846 0.16346153846153846
1 0.3894230769230769 0.06610576923076923 0.17307692307692307 0.12740384615384615
1 0.21875 0.13942307692307693 0.23076923076923078 0.1875
1 0.12620192307692307 0.19110576923076922 0.24759615384615385 0.23317307692307693
1 0.08052884615384616 0.34134615384615385 0.15625 0.17307692307692307
1 0.17548076923076922 0.046875 0.28846153846153844 0.0889423076923077
