1 0.9519230769230769 0.8533653846153846 0.08173076923076923 0.1201923076923077
1 0.9471153846153846 0.7139423076923077 0.10096153846153846 0.11057692307692307
1 0.9651442307692307 0.6237980769230769 0.06490384615384616 0.05048076923076923
1 0.9651442307692307 0.5709134615384616 0.055288461538461536 0.07451923076923077
1 0.8665865384615384 0.2247596153846154 0.07451923076923077 0.07451923076923077
1 0.84375 0.15745192307692307 0.08173076923076923 0.06971153846153846
1 0.7920673076923077 0.10096153846153846 0.05048076923076923 0.04326923076923077
1 0.7716346153846154 0.027644230769230768 0.08653846153846154 0.05048076923076923
1 0.2536057692307692 0.027644230769230768 0.06009615384615385 0.05048076923076923
1 0.11658653846153846 0.2548076923076923 0.07451923076923077 0.08653846153846154
1 0.07091346153846154 0.10817307692307693 0.07451923076923077 0.1201923076923077
1 0.18028846153846154 0.9074519230769231 0.04326923076923077 0.06009615384615385
1 0.10336538461538461 0.7427884615384616 0.10096153846153846 0.08173076923076923
1 0.2668269230769231 0.9579326923076923 0.08173076923076923 0.06971153846153846
1 0.3269230769230769 0.9266826923076923 0.08173076923076923 0.07451923076923077
1 0.36778846153846156 0.9759615384615384 0.08173076923076923 0.04326923076923077
1 0.42788461538461536 0.9591346153846154 0.11057692307692307 0.08173076923076923
1 0.5504807692307693 0.9723557692307693 0.14423076923076922 0.05048076923076923
1 0.6298076923076923 0.9759615384615384 0.09615384615384616 0.04326923076923077
1 0.7331730769230769 0.9627403846153846 0.1201923076923077 0.06971153846153846
1 0.7836538461538461 0.9375 0.11057692307692307 0.11057692307692307
1 0.84375 0.8990384615384616 0.10096153846153846 0.10096153846153846
1 0.8677884615384616 0.8161057692307693 0.08173076923076923 0.06490384615384616
1 0.8990384615384616 0.4110576923076923 0.08173076923076923 0.09615384615384616
1 0.9170673076923077 0.46274038461538464 0.05048076923076923 0.06971153846153846
1 0.8449519230769231 0.34375 0.055288461538461536 0.09134615384615384
1 0.1045673076923077 0.3581730769230769 0.07451923076923077 0.11057692307692307
1 0.0733173076923077 0.44350961538461536 0.06009615384615385 0.06009615384615385
1 0.11057692307692307 0.46274038461538464 0.09615384615384616 0.06971153846153846
1 0.12259615384615384 0.5408653846153846 0.10096153846153846 0.09615384615384616
1 0.10576923076923077 0.625 0.09615384615384616 0.08653846153846154
1 0.2439903846153846 0.18028846153846154 0.06009615384615385 0.125
1 0.3125 0.09014423076923077 0.10096153846153846 0.07451923076923077
1 0.34375 0.04567307692307692 0.07211538461538461 0.08653846153846154
1 0.33413461538461536 0.1502403846153846 0.08173076923076923 0.07451923076923077
1 0.33653846153846156 0.20793269230769232 0.09615384615384616 0.06009615384615385
1 0.41346153846153844 0.08413461538461539 0.08173076923076923 0.14903846153846154
1 0.4675480769230769 0.0889423076923077 0.06009615384615385 0.10096153846153846
1 0.5 0.05048076923076923 0.08653846153846154 0.09615384615384616
1 0.5721153846153846 0.026442307692307692 0.08173076923076923 0.04326923076923077
1 0.6346153846153846 0.018028846153846152 0.04807692307692308 0.03125
1 0.6911057692307693 0.037259615384615384 0.06490384615384616 0.06971153846153846
1 0.6634615384615384 0.09254807692307693 0.09134615384615384 0.06009615384615385
1 0.6081730769230769 0.08533653846153846 0.09134615384615384 0.06490384615384616
1 0.6346153846153846 0.140625 0.14423076923076922 0.055288461538461536
1 0.7608173076923077 0.13701923076923078 0.06490384615384616 0.08173076923076923
1 0.7163461538461539 0.18629807692307693 0.08653846153846154 0.07451923076923077
1 0.46634615384615385 0.16706730769230768 0.10576923076923077 0.05048076923076923
1 0.4074519230769231 0.20793269230769232 0.06971153846153846 0.06971153846153846
1 0.47475961538461536 0.21754807692307693 0.07451923076923077 0.06009615384615385
1 0.5408653846153846 0.20192307692307693 0.08653846153846154 0.08173076923076923
1 0.6298076923076923 0.20432692307692307 0.11538461538461539 0.08653846153846154
1 0.3293269230769231 0.2608173076923077 0.08653846153846154 0.055288461538461536
1 0.18389423076923078 0.32091346153846156 0.06009615384615385 0.07451923076923077
1 0.24158653846153846 0.2932692307692308 0.07451923076923077 0.08173076923076923
1 0.36538461538461536 0.3894230769230769 0.16346153846153846 0.23557692307692307
1 0.5120192307692307 0.3629807692307692 0.2403846153846154 0.23076923076923078
1 0.6971153846153846 0.3918269230769231 0.15865384615384615 0.2403846153846154
1 0.7355769230769231 0.28966346153846156 0.1346153846153846 0.17548076923076922
1 0.7896634615384616 0.4831730769230769 0.18509615384615385 0.22115384615384615
1 0.8737980769230769 0.4651442307692308 0.05048076923076923 0.055288461538461536
1 0.8581730769230769 0.6153846153846154 0.12980769230769232 0.14423076923076922
1 0.8040865384615384 0.7115384615384616 0.19951923076923078 0.20673076923076922
1 0.6033653846153846 0.6057692307692307 0.2403846153846154 0.2932692307692308
1 0.6201923076923077 0.8173076923076923 0.33653846153846156 0.25
1 0.41586538461538464 0.7872596153846154 0.22596153846153846 0.3004807692307692
1 0.39663461538461536 0.5456730769230769 0.2548076923076923 0.28365384615384615
1 0.19951923076923078 0.39903846153846156 0.11538461538461539 0.11057692307692307
1 0.21394230769230768 0.5096153846153846 0.10096153846153846 0.11538461538461539
1 0.21153846153846154 0.6201923076923077 0.10576923076923077 0.11538461538461539
1 0.24278846153846154 0.7331730769230769 0.1201923076923077 0.12980769230769232
1 0.2283653846153846 0.8245192307692307 0.1201923076923077 0.10576923076923077
1 0.2403846153846154 0.9086538461538461 0.08653846153846154 0.08173076923076923
