1 0.44711538461538464 0.7283653846153846 0.4519230769230769 0.23076923076923078
1 0.546875 0.7980769230769231 0.37740384615384615 0.1875
1 0.6213942307692307 0.8629807692307693 0.3293269230769231 0.16346153846153846
1 0.44711538461538464 0.47836538461538464 0.4519230769230769 0.23076923076923078
1 0.4579326923076923 0.23076923076923078 0.43990384615384615 0.24519230769230768
1 0.6213942307692307 0.6790865384615384 0.3293269230769231 0.15144230769230768
1 0.5552884615384616 0.5841346153846154 0.36538461538461536 0.16826923076923078
1 0.5552884615384616 0.38221153846153844 0.3701923076923077 0.18269230769230768
1 0.5600961538461539 0.17307692307692307 0.3701923076923077 0.18269230769230768
1 0.6262019230769231 0.31850961538461536 0.31971153846153844 0.15144230769230768
1 0.6923076923076923 0.5036057692307693 0.1875 0.1466346153846154
1 0.6875 0.12980769230769232 0.1971153846153846 0.15384615384615385
