1 0.4723557692307692 0.7884615384615384 0.5600961538461539 0.3798076923076923
1 0.4423076923076923 0.27884615384615385 0.6394230769230769 0.49038461538461536
3 0.7884615384615384 0.7884615384615384 0.10096153846153846 0.3605769230769231
3 0.7932692307692307 0.27403846153846156 0.1201923076923077 0.40865384615384615
0 0.5793269230769231 0.17668269230769232 0.21634615384615385 0.18509615384615385
0 0.6057692307692307 0.4074519230769231 0.16346153846153846 0.18990384615384615
0 0.49038461538461536 0.3425480769230769 0.08653846153846154 0.19951923076923078
0 0.38221153846153844 0.40865384615384615 0.15865384615384615 0.16826923076923078
0 0.296875 0.4495192307692308 0.18028846153846154 0.125
0 0.2644230769230769 0.29086538461538464 0.20673076923076922 0.20673076923076922
0 0.29086538461538464 0.13701923076923078 0.22596153846153846 0.15865384615384615
0 0.43990384615384615 0.10576923076923077 0.1346153846153846 0.10576923076923077
0 0.43509615384615385 0.23798076923076922 0.09615384615384616 0.15865384615384615
0 0.6165865384615384 0.08052884615384616 0.17548076923076922 0.06490384615384616
