1 0.40384615384615385 0.2127403846153846 0.7932692307692307 0.25721153846153844
1 0.3894230769230769 0.36177884615384615 0.7596153846153846 0.12740384615384615
1 0.46153846153846156 0.5 0.9038461538461539 0.25961538461538464
1 0.3918269230769231 0.6430288461538461 0.7644230769230769 0.13221153846153846
1 0.4014423076923077 0.8028846153846154 0.7884615384615384 0.2644230769230769
3 0.9375 0.5072115384615384 0.04807692307692308 0.11057692307692307
3 0.7908653846153846 0.36778846153846156 0.03365384615384615 0.09615384615384616
3 0.8221153846153846 0.2091346153846154 0.03365384615384615 0.11538461538461539
3 0.7932692307692307 0.6358173076923077 0.038461538461538464 0.10817307692307693
3 0.8149038461538461 0.8004807692307693 0.038461538461538464 0.1201923076923077
