1 0.23918269230769232 0.25600961538461536 0.25721153846153844 0.5072115384615384
1 0.5516826923076923 0.4495192307692308 0.49278846153846156 0.8798076923076923
1 0.07692307692307693 0.2283653846153846 0.14903846153846154 0.4519230769230769
1 0.11538461538461539 0.040865384615384616 0.08653846153846154 0.07692307692307693
1 0.5240384615384616 0.22355769230769232 0.22596153846153846 0.2980769230769231
1 0.8125 0.41225961538461536 0.375 0.6033653846153846
1 0.8942307692307693 0.2091346153846154 0.21153846153846154 0.3701923076923077
1 0.90625 0.08173076923076923 0.1875 0.15865384615384615
1 0.6490384615384616 0.08653846153846154 0.2692307692307692 0.16826923076923078
1 0.9290865384615384 0.8810096153846154 0.14182692307692307 0.23317307692307693
1 0.9567307692307693 0.7980769230769231 0.08653846153846154 0.21153846153846154
1 0.6442307692307693 0.8185096153846154 0.5336538461538461 0.3581730769230769
1 0.16105769230769232 0.8076923076923077 0.3125 0.3269230769230769
1 0.1201923076923077 0.9567307692307693 0.18269230769230768 0.08173076923076923
1 0.296875 0.7908653846153846 0.2668269230769231 0.25961538461538464
1 0.18389423076923078 0.5733173076923077 0.3629807692307692 0.2860576923076923
1 0.5012019230769231 0.5 0.9975961538461539 0.9951923076923077
