1 0.30288461538461536 0.29927884615384615 0.21634615384615385 0.20432692307692307
1 0.6706730769230769 0.2956730769230769 0.21634615384615385 0.21153846153846154
1 0.6670673076923077 0.53125 0.19951923076923078 0.20673076923076922
1 0.6742788461538461 0.7680288461538461 0.2091346153846154 0.20432692307692307
1 0.30649038461538464 0.7752403846153846 0.2091346153846154 0.20432692307692307
1 0.30288461538461536 0.5420673076923077 0.21634615384615385 0.20432692307692307
3 0.8125 0.2956730769230769 0.11057692307692307 0.18269230769230768
3 0.4495192307692308 0.30288461538461536 0.11057692307692307 0.17307692307692307
3 0.8137019230769231 0.5336538461538461 0.09375 0.17307692307692307
3 0.4579326923076923 0.5384615384615384 0.09375 0.1778846153846154
3 0.8245192307692307 0.7716346153846154 0.10576923076923077 0.18269230769230768
3 0.453125 0.7740384615384616 0.09375 0.1778846153846154
