1 0.8966346153846154 0.25721153846153844 0.20192307692307693 0.40865384615384615
1 0.9543269230769231 0.055288461538461536 0.09134615384615384 0.09134615384615384
1 0.7740384615384616 0.0625 0.20192307692307693 0.11057692307692307
1 0.6766826923076923 0.27283653846153844 0.23317307692307693 0.4206730769230769
1 0.5408653846153846 0.05048076923076923 0.18269230769230768 0.08173076923076923
1 0.3112980769230769 0.054086538461538464 0.18509615384615385 0.09375
1 0.09014423076923077 0.052884615384615384 0.17548076923076922 0.08653846153846154
1 0.4483173076923077 0.26322115384615385 0.22355769230769232 0.4206730769230769
1 0.2127403846153846 0.24158653846153846 0.22355769230769232 0.4110576923076923
1 0.04927884615384615 0.25961538461538464 0.0889423076923077 0.4182692307692308
1 0.9591346153846154 0.5456730769230769 0.08173076923076923 0.3557692307692308
1 0.9074519230769231 0.8365384615384616 0.18509615384615385 0.3317307692307692
1 0.8004807692307693 0.5360576923076923 0.23076923076923078 0.3557692307692308
1 0.5697115384615384 0.5252403846153846 0.22596153846153846 0.34375
1 0.3401442307692308 0.5216346153846154 0.22355769230769232 0.3605769230769231
1 0.11298076923076923 0.5216346153846154 0.21634615384615385 0.35096153846153844
1 0.23798076923076922 0.8257211538461539 0.23076923076923078 0.3485576923076923
1 0.46634615384615385 0.8317307692307693 0.22596153846153846 0.33653846153846156
1 0.6995192307692307 0.8365384615384616 0.22596153846153846 0.3269230769230769
1 0.06610576923076923 0.8245192307692307 0.12259615384615384 0.35096153846153844
