1 0.6610576923076923 0.8617788461538461 0.625 0.25721153846153844
1 0.5817307692307693 0.6899038461538461 0.5721153846153846 0.20673076923076922
1 0.6442307692307693 0.5072115384615384 0.6105769230769231 0.2403846153846154
1 0.3317307692307692 0.49759615384615385 0.13942307692307693 0.21153846153846154
1 0.5865384615384616 0.30408653846153844 0.5817307692307693 0.20432692307692307
1 0.6730769230769231 0.13701923076923078 0.6298076923076923 0.2548076923076923
2 0.17307692307692307 0.5096153846153846 0.18269230769230768 0.10576923076923077
2 0.14182692307692307 0.6911057692307693 0.15865384615384615 0.09375
2 0.18269230769230768 0.8581730769230769 0.17307692307692307 0.11057692307692307
2 0.0889423076923077 0.49759615384615385 0.12980769230769232 0.09134615384615384
2 0.14182692307692307 0.30528846153846156 0.16826923076923078 0.09134615384615384
2 0.20192307692307693 0.12980769230769232 0.16346153846153846 0.10576923076923077
