1 0.8533653846153846 0.5733173076923077 0.21634615384615385 0.5120192307692307
1 0.7127403846153846 0.515625 0.19951923076923078 0.45913461538461536
1 0.5096153846153846 0.5288461538461539 0.22115384615384615 0.5721153846153846
1 0.5108173076923077 0.31971153846153844 0.18990384615384615 0.11538461538461539
1 0.3317307692307692 0.5264423076923077 0.2403846153846154 0.4807692307692308
1 0.16346153846153846 0.578125 0.2403846153846154 0.5216346153846154
2 0.41225961538461536 0.7860576923076923 0.7283653846153846 0.11538461538461539
2 0.8629807692307693 0.2247596153846154 0.1201923076923077 0.20432692307692307
2 0.7007211538461539 0.19230769230769232 0.10817307692307693 0.18269230769230768
2 0.5096153846153846 0.16466346153846154 0.10576923076923077 0.1658653846153846
2 0.32211538461538464 0.19591346153846154 0.11538461538461539 0.19951923076923078
2 0.14903846153846154 0.21995192307692307 0.125 0.19471153846153846
