1 0.3641826923076923 0.40625 0.08413461538461539 0.1346153846153846
1 0.32211538461538464 0.4699519230769231 0.08173076923076923 0.0889423076923077
1 0.35336538461538464 0.5528846153846154 0.052884615384615384 0.07692307692307693
1 0.3317307692307692 0.6009615384615384 0.08173076923076923 0.0673076923076923
1 0.3629807692307692 0.6730769230769231 0.08173076923076923 0.08173076923076923
1 0.4567307692307692 0.7019230769230769 0.08173076923076923 0.057692307692307696
1 0.44350961538461536 0.6466346153846154 0.14182692307692307 0.125
1 0.4182692307692308 0.5576923076923077 0.057692307692307696 0.10576923076923077
1 0.5120192307692307 0.4951923076923077 0.1201923076923077 0.12980769230769232
1 0.43149038461538464 0.43509615384615385 0.09375 0.125
1 0.46153846153846156 0.38822115384615385 0.10576923076923077 0.09375
1 0.5060096153846154 0.3581730769230769 0.14182692307692307 0.07211538461538461
1 0.5889423076923077 0.3641826923076923 0.08173076923076923 0.09375
1 0.6634615384615384 0.3942307692307692 0.0673076923076923 0.09615384615384616
1 0.6045673076923077 0.4423076923076923 0.09375 0.09615384615384616
1 0.6766826923076923 0.44591346153846156 0.09375 0.08413461538461539
1 0.6995192307692307 0.5072115384615384 0.11057692307692307 0.07692307692307693
1 0.6225961538461539 0.515625 0.11057692307692307 0.1466346153846154
1 0.7163461538461539 0.5625 0.10096153846153846 0.07211538461538461
1 0.6706730769230769 0.6418269230769231 0.07211538461538461 0.125
1 0.5853365384615384 0.6706730769230769 0.0889423076923077 0.16826923076923078
1 0.5576923076923077 0.6298076923076923 0.11538461538461539 0.08173076923076923
1 0.5120192307692307 0.7127403846153846 0.07692307692307693 0.09375
