1 0.9399038461538461 0.38341346153846156 0.10096153846153846 0.5697115384615384
1 0.875 0.46634615384615385 0.13942307692307693 0.5913461538461539
1 0.75 0.5673076923076923 0.14423076923076922 0.6201923076923077
1 0.6213942307692307 0.65625 0.17548076923076922 0.6394230769230769
1 0.6153846153846154 0.27163461538461536 0.10096153846153846 0.36538461538461536
1 0.7091346153846154 0.35336538461538464 0.09615384615384616 0.3557692307692308
1 0.78125 0.29086538461538464 0.09134615384615384 0.38461538461538464
1 0.5024038461538461 0.5649038461538461 0.14903846153846154 0.625
1 0.5444711538461539 0.21514423076923078 0.07451923076923077 0.0985576923076923
1 0.4387019230769231 0.26802884615384615 0.08413461538461539 0.3485576923076923
1 0.37259615384615385 0.45913461538461536 0.16346153846153846 0.5961538461538461
1 0.27283653846153844 0.390625 0.12740384615384615 0.5841346153846154
3 0.39302884615384615 0.84375 0.06971153846153846 0.052884615384615384
3 0.43990384615384615 0.8689903846153846 0.04807692307692308 0.06009615384615385
3 0.4987980769230769 0.8942307692307693 0.07932692307692307 0.07211538461538461
3 0.39903846153846156 0.9254807692307693 0.08173076923076923 0.052884615384615384
3 0.3545673076923077 0.8894230769230769 0.07932692307692307 0.052884615384615384
3 0.3245192307692308 0.8966346153846154 0.0673076923076923 0.04807692307692308
3 0.2800480769230769 0.8413461538461539 0.07932692307692307 0.07692307692307693
3 0.31971153846153844 0.8377403846153846 0.04326923076923077 0.05048076923076923
3 0.3329326923076923 0.7872596153846154 0.07932692307692307 0.06009615384615385
3 0.24158653846153846 0.7872596153846154 0.08413461538461539 0.05048076923076923
3 0.203125 0.8413461538461539 0.07451923076923077 0.057692307692307696
3 0.23918269230769232 0.9050480769230769 0.0889423076923077 0.06009615384615385
