1 0.9519230769230769 0.515625 0.09134615384615384 0.7572115384615384
1 0.9134615384615384 0.5336538461538461 0.07692307692307693 0.7019230769230769
1 0.875 0.578125 0.07692307692307693 0.6033653846153846
1 0.7307692307692307 0.6213942307692307 0.21153846153846154 0.5360576923076923
1 0.7860576923076923 0.4483173076923077 0.10096153846153846 0.46875
1 0.6586538461538461 0.3870192307692308 0.07692307692307693 0.4182692307692308
1 0.578125 0.5204326923076923 0.13221153846153846 0.7283653846153846
1 0.4987980769230769 0.6574519230769231 0.12740384615384615 0.4639423076923077
1 0.37740384615384615 0.6778846153846154 0.11538461538461539 0.4230769230769231
1 0.37740384615384615 0.4483173076923077 0.11538461538461539 0.3870192307692308
1 0.4735576923076923 0.4170673076923077 0.08653846153846154 0.43990384615384615
1 0.2764423076923077 0.6033653846153846 0.08653846153846154 0.5528846153846154
1 0.21394230769230768 0.6622596153846154 0.1346153846153846 0.44471153846153844
1 0.1778846153846154 0.3581730769230769 0.11538461538461539 0.3701923076923077
1 0.06850961538461539 0.6141826923076923 0.13221153846153846 0.5408653846153846
1 0.078125 0.30528846153846156 0.0889423076923077 0.2932692307692308
1 0.018028846153846152 0.29086538461538464 0.03125 0.15384615384615385
