1 0.3317307692307692 0.6322115384615384 0.5336538461538461 0.4326923076923077
1 0.5324519230769231 0.7524038461538461 0.5072115384615384 0.3701923076923077
1 0.6490384615384616 0.3485576923076923 0.625 0.40865384615384615
1 0.4483173076923077 0.2091346153846154 0.44471153846153844 0.3076923076923077
0 0.38221153846153844 0.22596153846153846 0.0673076923076923 0.09615384615384616
0 0.4831730769230769 0.29927884615384615 0.0625 0.08413461538461539
0 0.4182692307692308 0.3076923076923077 0.057692307692307696 0.07692307692307693
0 0.4495192307692308 0.21875 0.04807692307692308 0.0673076923076923
0 0.33052884615384615 0.3076923076923077 0.09375 0.0673076923076923
0 0.2980769230769231 0.28365384615384615 0.0673076923076923 0.07211538461538461
0 0.2764423076923077 0.22115384615384615 0.0673076923076923 0.10576923076923077
0 0.34134615384615385 0.18990384615384615 0.08173076923076923 0.09615384615384616
0 0.421875 0.17067307692307693 0.08413461538461539 0.07692307692307693
0 0.40625 0.10576923076923077 0.1201923076923077 0.08173076923076923
0 0.47596153846153844 0.0985576923076923 0.038461538461538464 0.0673076923076923
0 0.30408653846153844 0.10817307692307693 0.09375 0.0673076923076923
0 0.296875 0.15865384615384615 0.0889423076923077 0.08173076923076923
0 0.46634615384615385 0.875 0.11057692307692307 0.08173076923076923
0 0.44471153846153844 0.8341346153846154 0.11057692307692307 0.11538461538461539
0 0.3581730769230769 0.8870192307692307 0.052884615384615384 0.0625
0 0.33653846153846156 0.8557692307692307 0.052884615384615384 0.0625
0 0.34375 0.7752403846153846 0.07692307692307693 0.08413461538461539
0 0.34615384615384615 0.671875 0.0625 0.09375
0 0.53125 0.78125 0.052884615384615384 0.10576923076923077
0 0.5528846153846154 0.75 0.057692307692307696 0.10576923076923077
