1 0.17067307692307693 0.37740384615384615 0.17307692307692307 0.7355769230769231
1 0.09014423076923077 0.5588942307692307 0.13701923076923078 0.8822115384615384
1 0.27524038461538464 0.6790865384615384 0.1466346153846154 0.6418269230769231
1 0.3401442307692308 0.4375 0.17067307692307693 0.8605769230769231
1 0.4098557692307692 0.3004807692307692 0.19471153846153846 0.5865384615384616
1 0.6394230769230769 0.29927884615384615 0.23076923076923078 0.5793269230769231
1 0.5685096153846154 0.4423076923076923 0.20432692307692307 0.8653846153846154
1 0.4951923076923077 0.7584134615384616 0.16346153846153846 0.4831730769230769
1 0.7439903846153846 0.6778846153846154 0.20432692307692307 0.625
1 0.8149038461538461 0.3545673076923077 0.25 0.6899038461538461
