1 0.8305288461538461 0.7199519230769231 0.2091346153846154 0.5552884615384616
1 0.9447115384615384 0.5901442307692307 0.11057692307692307 0.8149038461538461
1 0.6622596153846154 0.5901442307692307 0.15625 0.8149038461538461
1 0.7788461538461539 0.4098557692307692 0.13942307692307693 0.8149038461538461
1 0.5036057692307693 0.7259615384615384 0.18509615384615385 0.5432692307692307
1 0.3473557692307692 0.5985576923076923 0.17548076923076922 0.7980769230769231
1 0.16706730769230768 0.7355769230769231 0.18509615384615385 0.5240384615384616
1 0.0625 0.5985576923076923 0.1201923076923077 0.7980769230769231
1 0.22596153846153846 0.4579326923076923 0.13942307692307693 0.9110576923076923
1 0.5024038461538461 0.26802884615384615 0.14903846153846154 0.53125
