1 0.6802884615384616 0.6983173076923077 0.21634615384615385 0.3245192307692308
1 0.8173076923076923 0.4206730769230769 0.15865384615384615 0.30288461538461536
1 0.7091346153846154 0.3425480769230769 0.08653846153846154 0.3245192307692308
1 0.6081730769230769 0.5264423076923077 0.14423076923076922 0.2403846153846154
1 0.5552884615384616 0.2980769230769231 0.1201923076923077 0.19230769230769232
1 0.47836538461538464 0.46875 0.11057692307692307 0.15865384615384615
1 0.4831730769230769 0.7403846153846154 0.16826923076923078 0.2403846153846154
1 0.37740384615384615 0.8329326923076923 0.1971153846153846 0.14182692307692307
1 0.2764423076923077 0.6658653846153846 0.22115384615384615 0.17307692307692307
1 0.18990384615384615 0.5024038461538461 0.13942307692307693 0.12980769230769232
1 0.3317307692307692 0.49399038461538464 0.12980769230769232 0.2091346153846154
1 0.2247596153846154 0.3581730769230769 0.07932692307692307 0.125
1 0.3629807692307692 0.3004807692307692 0.18269230769230768 0.15865384615384615
