1 0.2932692307692308 0.7427884615384616 0.5673076923076923 0.1971153846153846
1 0.40625 0.9254807692307693 0.7932692307692307 0.14903846153846154
1 0.2932692307692308 0.5036057692307693 0.5673076923076923 0.22355769230769232
1 0.33413461538461536 0.15144230769230768 0.6490384615384616 0.23557692307692307
1 0.4375 0.34134615384615385 0.8557692307692307 0.16826923076923078
1 0.5913461538461539 0.5144230769230769 0.7980769230769231 0.16826923076923078
1 0.7788461538461539 0.6418269230769231 0.4230769230769231 0.11057692307692307
1 0.7980769230769231 0.20072115384615385 0.34615384615384615 0.15144230769230768
1 0.5072115384615384 0.07451923076923077 0.9855769230769231 0.14423076923076922
3 0.6550480769230769 0.7427884615384616 0.13221153846153846 0.15865384615384615
