1 0.22596153846153846 0.7548076923076923 0.15865384615384615 0.2403846153846154
1 0.38221153846153844 0.4807692307692308 0.19230769230769232 0.2548076923076923
1 0.4963942307692308 0.19110576923076922 0.20432692307692307 0.2620192307692308
1 0.4963942307692308 0.43509615384615385 0.036057692307692304 0.21153846153846154
1 0.6033653846153846 0.48197115384615385 0.1875 0.2668269230769231
1 0.39302884615384615 0.8173076923076923 0.19951923076923078 0.25
1 0.5889423076923077 0.8221153846153846 0.1971153846153846 0.27884615384615385
1 0.7355769230769231 0.7415865384615384 0.10576923076923077 0.25721153846153844
3 0.23317307692307693 0.6057692307692307 0.16826923076923078 0.10096153846153846
3 0.38461538461538464 0.3245192307692308 0.1778846153846154 0.07692307692307693
3 0.5072115384615384 0.29086538461538464 0.17307692307692307 0.07692307692307693
3 0.49278846153846156 0.038461538461538464 0.1875 0.07211538461538461
3 0.6033653846153846 0.3293269230769231 0.16826923076923078 0.07692307692307693
3 0.47115384615384615 0.5841346153846154 0.11057692307692307 0.07692307692307693
3 0.5841346153846154 0.6682692307692307 0.19230769230769232 0.10096153846153846
3 0.3798076923076923 0.6514423076923077 0.1971153846153846 0.11538461538461539
3 0.7151442307692307 0.5901442307692307 0.14182692307692307 0.0985576923076923
3 0.6382211538461539 0.5216346153846154 0.15144230769230768 0.07692307692307693
3 0.4519230769230769 0.47836538461538464 0.1346153846153846 0.07211538461538461
