1 0.4987980769230769 0.4855769230769231 0.15625 0.9471153846153846
1 0.4074519230769231 0.49158653846153844 0.11298076923076923 0.8581730769230769
1 0.3245192307692308 0.49158653846153844 0.10576923076923077 0.78125
1 0.23317307692307693 0.49759615384615385 0.10576923076923077 0.75
1 0.5913461538461539 0.49158653846153844 0.10096153846153846 0.8581730769230769
1 0.6766826923076923 0.49038461538461536 0.0985576923076923 0.7884615384615384
1 0.7728365384615384 0.4891826923076923 0.11298076923076923 0.7427884615384616
3 0.5024038461538461 0.9639423076923077 0.07692307692307693 0.04326923076923077
3 0.4254807692307692 0.9302884615384616 0.057692307692307696 0.028846153846153848
3 0.34134615384615385 0.9002403846153846 0.057692307692307696 0.021634615384615384
3 0.25240384615384615 0.8725961538461539 0.052884615384615384 0.03365384615384615
3 0.578125 0.9206730769230769 0.06490384615384616 0.03365384615384615
3 0.6730769230769231 0.8822115384615384 0.057692307692307696 0.03365384615384615
3 0.7692307692307693 0.8653846153846154 0.057692307692307696 0.03365384615384615
