1 0.6947115384615384 0.3137019230769231 0.24519230769230768 0.15144230769230768
1 0.5745192307692307 0.12740384615384615 0.3701923076923077 0.21153846153846154
1 0.5336538461538461 0.4807692307692308 0.40384615384615385 0.22596153846153846
1 0.6586538461538461 0.6730769230769231 0.3076923076923077 0.1971153846153846
1 0.5697115384615384 0.8834134615384616 0.34134615384615385 0.20432692307692307
3 0.35336538461538464 0.125 0.08173076923076923 0.17307692307692307
3 0.30528846153846156 0.47836538461538464 0.08173076923076923 0.16826923076923078
3 0.5384615384615384 0.3125 0.07692307692307693 0.13942307692307693
3 0.47716346153846156 0.6778846153846154 0.08413461538461539 0.15865384615384615
3 0.3701923076923077 0.8834134615384616 0.07692307692307693 0.15144230769230768
