1 0.796875 0.6947115384615384 0.09375 0.46153846153846156
1 0.6586538461538461 0.7331730769230769 0.10096153846153846 0.38461538461538464
1 0.5036057692307693 0.7007211538461539 0.11778846153846154 0.4495192307692308
1 0.3317307692307692 0.5661057692307693 0.13942307692307693 0.71875
1 0.140625 0.5793269230769231 0.1658653846153846 0.6923076923076923
2 0.14182692307692307 0.13701923076923078 0.09615384615384616 0.19230769230769232
2 0.328125 0.19110576923076922 0.06971153846153846 0.04567307692307692
2 0.5048076923076923 0.375 0.09615384615384616 0.19230769230769232
2 0.65625 0.4387019230769231 0.09615384615384616 0.20432692307692307
2 0.9278846153846154 0.7680288461538461 0.10096153846153846 0.3004807692307692
