1 0.29447115384615385 0.8641826923076923 0.19951923076923078 0.2668269230769231
1 0.49038461538461536 0.8317307692307693 0.19230769230769232 0.2548076923076923
1 0.6862980769230769 0.78125 0.19951923076923078 0.25
1 0.7992788461538461 0.6983173076923077 0.036057692307692304 0.2091346153846154
1 0.6418269230769231 0.5012019230769231 0.19230769230769232 0.25721153846153844
1 0.4423076923076923 0.5192307692307693 0.1971153846153846 0.27403846153846156
1 0.5108173076923077 0.19110576923076922 0.21394230769230768 0.2620192307692308
3 0.6394230769230769 0.33774038461538464 0.1875 0.08413461538461539
3 0.7319711538461539 0.5564903846153846 0.15144230769230768 0.08413461538461539
3 0.6875 0.6382211538461539 0.1778846153846154 0.0889423076923077
3 0.4423076923076923 0.35216346153846156 0.1971153846153846 0.08413461538461539
3 0.5180288461538461 0.03245192307692308 0.18028846153846154 0.055288461538461536
3 0.4951923076923077 0.671875 0.19230769230769232 0.09375
3 0.28966346153846156 0.6899038461538461 0.19951923076923078 0.11057692307692307
3 0.2980769230769231 0.5985576923076923 0.11057692307692307 0.08173076923076923
