1 0.5865384615384616 0.1310096153846154 0.08653846153846154 0.11298076923076923
1 0.5913461538461539 0.019230769230769232 0.028846153846153848 0.02403846153846154
1 0.6262019230769231 0.027644230769230768 0.021634615384615384 0.021634615384615384
1 0.7764423076923077 0.08413461538461539 0.038461538461538464 0.02403846153846154
1 0.8533653846153846 0.019230769230769232 0.038461538461538464 0.02403846153846154
1 0.8052884615384616 0.16826923076923078 0.0673076923076923 0.038461538461538464
1 0.6009615384615384 0.28725961538461536 0.07211538461538461 0.0985576923076923
1 0.49278846153846156 0.5168269230769231 0.09134615384615384 0.13942307692307693
1 0.546875 0.4855769230769231 0.016826923076923076 0.019230769230769232
1 0.5360576923076923 0.7548076923076923 0.07211538461538461 0.10096153846153846
1 0.5336538461538461 0.6850961538461539 0.04326923076923077 0.052884615384615384
1 0.65625 0.734375 0.038461538461538464 0.036057692307692304
1 0.6298076923076923 0.6862980769230769 0.038461538461538464 0.036057692307692304
1 0.8052884615384616 0.8353365384615384 0.04326923076923077 0.036057692307692304
1 0.8533653846153846 0.8786057692307693 0.04807692307692308 0.11298076923076923
1 0.8810096153846154 0.8221153846153846 0.016826923076923076 0.019230769230769232
1 0.8533653846153846 0.7932692307692307 0.038461538461538464 0.02403846153846154
1 0.8641826923076923 0.7644230769230769 0.06009615384615385 0.019230769230769232
1 0.9759615384615384 0.6706730769230769 0.04326923076923077 0.03365384615384615
1 0.4326923076923077 0.9423076923076923 0.08173076923076923 0.09615384615384616
1 0.3918269230769231 0.9759615384615384 0.04326923076923077 0.03365384615384615
1 0.3942307692307692 0.7043269230769231 0.08173076923076923 0.11057692307692307
1 0.4326923076923077 0.7427884615384616 0.038461538461538464 0.02403846153846154
1 0.46634615384615385 0.6766826923076923 0.04326923076923077 0.05048076923076923
1 0.46033653846153844 0.2764423076923077 0.016826923076923076 0.019230769230769232
1 0.3894230769230769 0.20673076923076922 0.07211538461538461 0.057692307692307696
1 0.4639423076923077 0.18990384615384615 0.038461538461538464 0.02403846153846154
1 0.5024038461538461 0.18990384615384615 0.028846153846153848 0.02403846153846154
1 0.5096153846153846 0.15865384615384615 0.038461538461538464 0.02403846153846154
1 0.4543269230769231 0.12980769230769232 0.028846153846153848 0.014423076923076924
1 0.4543269230769231 0.09134615384615384 0.07211538461538461 0.052884615384615384
1 0.3798076923076923 0.0889423076923077 0.052884615384615384 0.052884615384615384
1 0.40384615384615385 0.2860576923076923 0.028846153846153848 0.028846153846153848
1 0.41346153846153844 0.25721153846153844 0.03365384615384615 0.028846153846153848
1 0.33413461538461536 0.35216346153846156 0.04807692307692308 0.036057692307692304
1 0.27163461538461536 0.2764423076923077 0.07692307692307693 0.02403846153846154
1 0.22355769230769232 0.2548076923076923 0.028846153846153848 0.019230769230769232
1 0.23798076923076922 0.22596153846153846 0.03365384615384615 0.014423076923076924
1 0.23076923076923078 0.1875 0.038461538461538464 0.009615384615384616
1 0.1971153846153846 0.16706730769230768 0.028846153846153848 0.036057692307692304
1 0.24879807692307693 0.1466346153846154 0.021634615384615384 0.019230769230769232
1 0.10336538461538461 0.04326923076923077 0.038461538461538464 0.028846153846153848
1 0.18028846153846154 0.036057692307692304 0.028846153846153848 0.028846153846153848
1 0.22355769230769232 0.052884615384615384 0.028846153846153848 0.038461538461538464
1 0.22716346153846154 0.08653846153846154 0.021634615384615384 0.014423076923076924
1 0.1466346153846154 0.08413461538461539 0.038461538461538464 0.028846153846153848
1 0.1141826923076923 0.11298076923076923 0.016826923076923076 0.009615384615384616
1 0.08413461538461539 0.12740384615384615 0.03365384615384615 0.028846153846153848
1 0.1658653846153846 0.796875 0.08653846153846154 0.06490384615384616
1 0.18870192307692307 0.7548076923076923 0.021634615384615384 0.02403846153846154
1 0.22716346153846154 0.7848557692307693 0.021634615384615384 0.021634615384615384
1 0.27163461538461536 0.7836538461538461 0.04326923076923077 0.04326923076923077
1 0.25721153846153844 0.7367788461538461 0.038461538461538464 0.036057692307692304
1 0.27163461538461536 0.7211538461538461 0.03365384615384615 0.02403846153846154
1 0.30288461538461536 0.7560096153846154 0.03365384615384615 0.05048076923076923
1 0.33052884615384615 0.7620192307692307 0.021634615384615384 0.028846153846153848
1 0.2932692307692308 0.6574519230769231 0.03365384615384615 0.06490384615384616
1 0.1778846153846154 0.5805288461538461 0.052884615384615384 0.036057692307692304
1 0.17307692307692307 0.5144230769230769 0.07692307692307693 0.04807692307692308
1 0.22596153846153846 0.5733173076923077 0.03365384615384615 0.021634615384615384
1 0.3016826923076923 0.9735576923076923 0.07451923076923077 0.052884615384615384
1 0.171875 0.9663461538461539 0.06971153846153846 0.0673076923076923
1 0.10576923076923077 0.9831730769230769 0.07692307692307693 0.038461538461538464
1 0.10336538461538461 0.9483173076923077 0.04807692307692308 0.036057692307692304
1 0.18990384615384615 0.8858173076923077 0.04326923076923077 0.036057692307692304
1 0.1346153846153846 0.8762019230769231 0.04326923076923077 0.036057692307692304
1 0.07451923076923077 0.875 0.04326923076923077 0.03365384615384615
1 0.15144230769230768 0.8473557692307693 0.052884615384615384 0.026442307692307692
1 0.18509615384615385 0.7055288461538461 0.04807692307692308 0.021634615384615384
1 0.12259615384615384 0.7055288461538461 0.03365384615384615 0.021634615384615384
1 0.09134615384615384 0.6586538461538461 0.04326923076923077 0.057692307692307696
1 0.10576923076923077 0.5949519230769231 0.03365384615384615 0.021634615384615384
1 0.15264423076923078 0.6225961538461539 0.016826923076923076 0.019230769230769232
1 0.0985576923076923 0.5552884615384616 0.04807692307692308 0.014423076923076924
1 0.07211538461538461 0.5288461538461539 0.028846153846153848 0.019230769230769232
1 0.11538461538461539 0.49278846153846156 0.038461538461538464 0.028846153846153848
1 0.07572115384615384 0.4639423076923077 0.06009615384615385 0.04326923076923077
1 0.10697115384615384 0.4326923076923077 0.021634615384615384 0.014423076923076924
1 0.13942307692307693 0.42788461538461536 0.03365384615384615 0.028846153846153848
1 0.10576923076923077 0.40384615384615385 0.04326923076923077 0.019230769230769232
1 0.18509615384615385 0.39903846153846156 0.04807692307692308 0.028846153846153848
1 0.1778846153846154 0.36778846153846156 0.04326923076923077 0.02403846153846154
1 0.20432692307692307 0.34615384615384615 0.03365384615384615 0.019230769230769232
1 0.17427884615384615 0.2620192307692308 0.06009615384615385 0.08173076923076923
1 0.14423076923076922 0.20432692307692307 0.052884615384615384 0.03365384615384615
1 0.11778846153846154 0.2860576923076923 0.07692307692307693 0.07211538461538461
1 0.040865384615384616 0.27283653846153844 0.052884615384615384 0.06490384615384616
1 0.03125 0.40024038461538464 0.04326923076923077 0.036057692307692304
1 0.3581730769230769 0.6165865384615384 0.009615384615384616 0.021634615384615384
1 0.42427884615384615 0.5072115384615384 0.021634615384615384 0.019230769230769232
1 0.3713942307692308 0.4963942307692308 0.016826923076923076 0.021634615384615384
1 0.3641826923076923 0.47115384615384615 0.021634615384615384 0.019230769230769232
1 0.5745192307692307 0.8581730769230769 0.04807692307692308 0.03365384615384615
