1 0.5432692307692307 0.2403846153846154 0.5048076923076923 0.15865384615384615
1 0.5721153846153846 0.14182692307692307 0.36538461538461536 0.052884615384615384
1 0.5817307692307693 0.3918269230769231 0.4375 0.15384615384615385
1 0.5865384615384616 0.5444711538461539 0.4423076923076923 0.1466346153846154
1 0.5889423076923077 0.6923076923076923 0.42788461538461536 0.14423076923076922
1 0.5913461538461539 0.8401442307692307 0.4326923076923077 0.1466346153846154
2 0.25721153846153844 0.4014423076923077 0.22115384615384615 0.10576923076923077
2 0.27403846153846156 0.14423076923076922 0.22115384615384615 0.11057692307692307
2 0.2644230769230769 0.546875 0.21153846153846154 0.10817307692307693
2 0.2668269230769231 0.6923076923076923 0.21634615384615385 0.11057692307692307
2 0.27163461538461536 0.8365384615384616 0.20673076923076922 0.11538461538461539
