1 0.7872596153846154 0.8088942307692307 0.4254807692307692 0.3870192307692308
1 0.8004807692307693 0.8028846153846154 0.25 0.17307692307692307
1 0.7307692307692307 0.6947115384615384 0.07692307692307693 0.0625
1 0.7079326923076923 0.6526442307692307 0.2283653846153846 0.15625
1 0.6237980769230769 0.7043269230769231 0.10336538461538461 0.15865384615384615
1 0.6021634615384616 0.8137019230769231 0.0985576923076923 0.10336538461538461
1 0.5240384615384616 0.7475961538461539 0.13942307692307693 0.1971153846153846
1 0.34975961538461536 0.9242788461538461 0.2091346153846154 0.15144230769230768
1 0.32091346153846156 0.8293269230769231 0.4206730769230769 0.34134615384615385
1 0.28846153846153844 0.5625 0.3125 0.34615384615384615
1 0.27163461538461536 0.5288461538461539 0.1971153846153846 0.34615384615384615
1 0.3629807692307692 0.2980769230769231 0.12980769230769232 0.22115384615384615
1 0.40384615384615385 0.18028846153846154 0.057692307692307696 0.03365384615384615
1 0.5 0.18028846153846154 0.11538461538461539 0.2932692307692308
1 0.4567307692307692 0.35216346153846156 0.04807692307692308 0.11778846153846154
1 0.49759615384615385 0.38341346153846156 0.08653846153846154 0.06490384615384616
1 0.5480769230769231 0.35336538461538464 0.08173076923076923 0.052884615384615384
1 0.5384615384615384 0.4543269230769231 0.18269230769230768 0.22596153846153846
1 0.6081730769230769 0.5240384615384616 0.07211538461538461 0.08653846153846154
1 0.6274038461538461 0.4495192307692308 0.057692307692307696 0.038461538461538464
1 0.5480769230769231 0.6033653846153846 0.08173076923076923 0.0673076923076923
1 0.5408653846153846 0.5408653846153846 0.0625 0.0673076923076923
