1 0.6466346153846154 0.15865384615384615 0.3701923076923077 0.21153846153846154
1 0.609375 0.38461538461538464 0.41586538461538464 0.1875
1 0.5492788461538461 0.6021634615384616 0.5360576923076923 0.21875
1 0.47115384615384615 0.8329326923076923 0.6923076923076923 0.19951923076923078
0 0.21875 0.9555288461538461 0.04807692307692308 0.05048076923076923
0 0.21394230769230768 0.9206730769230769 0.04807692307692308 0.03365384615384615
0 0.25961538461538464 0.9603365384615384 0.052884615384615384 0.05048076923076923
0 0.31490384615384615 0.8293269230769231 0.04326923076923077 0.03365384615384615
0 0.3545673076923077 0.8125 0.10336538461538461 0.0625
0 0.32091346153846156 0.9699519230769231 0.19951923076923078 0.06009615384615385
