1 0.3245192307692308 0.3233173076923077 0.5384615384615384 0.44471153846153844
1 0.7067307692307693 0.44711538461538464 0.5096153846153846 0.49038461538461536
1 0.4375 0.6947115384615384 0.5961538461538461 0.41346153846153844
0 0.36778846153846156 0.6298076923076923 0.1875 0.1778846153846154
0 0.23076923076923078 0.5625 0.12980769230769232 0.04326923076923077
0 0.23076923076923078 0.6418269230769231 0.10576923076923077 0.15865384615384615
0 0.3485576923076923 0.6778846153846154 0.1971153846153846 0.1875
0 0.47596153846153844 0.625 0.057692307692307696 0.1875
0 0.5108173076923077 0.6322115384615384 0.026442307692307692 0.1201923076923077
0 0.4831730769230769 0.7884615384615384 0.08173076923076923 0.17307692307692307
0 0.4206730769230769 0.8076923076923077 0.1346153846153846 0.16826923076923078
0 0.375 0.8293269230769231 0.10096153846153846 0.11538461538461539
0 0.25961538461538464 0.8413461538461539 0.16346153846153846 0.11057692307692307
0 0.28846153846153844 0.7644230769230769 0.09615384615384616 0.057692307692307696
0 0.21394230769230768 0.78125 0.07692307692307693 0.052884615384615384
0 0.2127403846153846 0.7548076923076923 0.0889423076923077 0.11538461538461539
0 0.21634615384615385 0.6394230769230769 0.09615384615384616 0.16826923076923078
