1 0.0889423076923077 0.1778846153846154 0.13942307692307693 0.3269230769230769
1 0.2932692307692308 0.1778846153846154 0.13942307692307693 0.3173076923076923
1 0.5048076923076923 0.17548076923076922 0.14423076923076922 0.3125
1 0.7139423076923077 0.17908653846153846 0.14423076923076922 0.3245192307692308
1 0.9230769230769231 0.17548076923076922 0.14423076923076922 0.32211538461538464
1 0.08413461538461539 0.7355769230769231 0.13942307692307693 0.3125
1 0.2932692307692308 0.7331730769230769 0.13942307692307693 0.3269230769230769
1 0.5048076923076923 0.7355769230769231 0.14423076923076922 0.3125
1 0.71875 0.7319711538461539 0.14423076923076922 0.31971153846153844
1 0.9230769230769231 0.7367788461538461 0.1346153846153846 0.31009615384615385
3 0.08774038461538461 0.3918269230769231 0.13701923076923078 0.10096153846153846
3 0.29086538461538464 0.38221153846153844 0.14423076923076922 0.09134615384615384
3 0.5096153846153846 0.38221153846153844 0.14423076923076922 0.09134615384615384
3 0.7115384615384616 0.3870192307692308 0.13942307692307693 0.09134615384615384
3 0.9158653846153846 0.38461538461538464 0.13942307692307693 0.09615384615384616
3 0.9230769230769231 0.9447115384615384 0.1346153846153846 0.09615384615384616
3 0.71875 0.9447115384615384 0.1346153846153846 0.09615384615384616
3 0.5072115384615384 0.9495192307692307 0.13942307692307693 0.08653846153846154
3 0.2956730769230769 0.9447115384615384 0.14423076923076922 0.09615384615384616
3 0.08653846153846154 0.9375 0.14423076923076922 0.09134615384615384
