1 0.7043269230769231 0.5841346153846154 0.5336538461538461 0.6586538461538461
1 0.2536057692307692 0.5120192307692307 0.4495192307692308 0.6346153846153846
3 0.7007211538461539 0.203125 0.44471153846153844 0.15144230769230768
3 0.25240384615384615 0.14423076923076922 0.4182692307692308 0.1346153846153846
0 0.29447115384615385 0.5432692307692307 0.27163461538461536 0.44711538461538464
0 0.21995192307692307 0.5625 0.2860576923076923 0.46153846153846156
0 0.22355769230769232 0.6658653846153846 0.11057692307692307 0.22115384615384615
0 0.125 0.5504807692307693 0.12980769230769232 0.4519230769230769
0 0.18870192307692307 0.3076923076923077 0.0889423076923077 0.11057692307692307
0 0.27524038461538464 0.34134615384615385 0.05048076923076923 0.1778846153846154
0 0.33052884615384615 0.40625 0.05048076923076923 0.27884615384615385
0 0.37740384615384615 0.5336538461538461 0.07692307692307693 0.28846153846153844
0 0.40384615384615385 0.4326923076923077 0.04326923076923077 0.18269230769230768
0 0.3894230769230769 0.3269230769230769 0.0625 0.125
