1 0.7800480769230769 0.6021634615384616 0.2764423076923077 0.46875
1 0.6418269230769231 0.6802884615384616 0.15865384615384615 0.3557692307692308
1 0.5204326923076923 0.7632211538461539 0.20432692307692307 0.18028846153846154
1 0.32572115384615385 0.7235576923076923 0.19471153846153846 0.25
1 0.32211538461538464 0.6670673076923077 0.25 0.3389423076923077
1 0.1502403846153846 0.6478365384615384 0.1658653846153846 0.27163461538461536
1 0.16947115384615385 0.8161057692307693 0.1466346153846154 0.055288461538461536
1 0.375 0.3425480769230769 0.125 0.29086538461538464
1 0.5144230769230769 0.5504807692307693 0.23557692307692307 0.2644230769230769
1 0.5144230769230769 0.28365384615384615 0.11538461538461539 0.25961538461538464
1 0.6274038461538461 0.3449519230769231 0.09134615384615384 0.3245192307692308
