1 0.5192307692307693 0.4987980769230769 0.9471153846153846 0.15625
1 0.5132211538461539 0.4074519230769231 0.8581730769230769 0.11298076923076923
1 0.5132211538461539 0.3245192307692308 0.78125 0.10576923076923077
1 0.5096153846153846 0.23317307692307693 0.75 0.10576923076923077
1 0.5132211538461539 0.5913461538461539 0.8581730769230769 0.10096153846153846
1 0.5168269230769231 0.6766826923076923 0.7884615384615384 0.0985576923076923
1 0.515625 0.7728365384615384 0.7427884615384616 0.11298076923076923
3 0.040865384615384616 0.5024038461538461 0.04326923076923077 0.07692307692307693
3 0.07692307692307693 0.4254807692307692 0.028846153846153848 0.057692307692307696
3 0.10697115384615384 0.34134615384615385 0.021634615384615384 0.057692307692307696
3 0.1346153846153846 0.25240384615384615 0.03365384615384615 0.052884615384615384
3 0.08413461538461539 0.578125 0.03365384615384615 0.06490384615384616
3 0.12259615384615384 0.6730769230769231 0.03365384615384615 0.057692307692307696
3 0.13942307692307693 0.7692307692307693 0.03365384615384615 0.057692307692307696
