1 0.25841346153846156 0.3870192307692308 0.30528846153846156 0.34615384615384615
1 0.6213942307692307 0.32211538461538464 0.3485576923076923 0.49038461538461536
1 0.15745192307692307 0.8485576923076923 0.23317307692307693 0.1875
1 0.43990384615384615 0.8028846153846154 0.3125 0.27884615384615385
1 0.7716346153846154 0.7716346153846154 0.3269230769230769 0.35096153846153844
3 0.625 0.055288461538461536 0.2644230769230769 0.04807692307692308
3 0.26802884615384615 0.1875 0.2668269230769231 0.052884615384615384
3 0.16466346153846154 0.7151442307692307 0.19471153846153846 0.07932692307692307
3 0.44471153846153844 0.6358173076923077 0.22115384615384615 0.0889423076923077
3 0.7752403846153846 0.5637019230769231 0.27163461538461536 0.08413461538461539
