1 0.6442307692307693 0.09134615384615384 0.19230769230769232 0.11538461538461539
1 0.7019230769230769 0.11177884615384616 0.08653846153846154 0.06490384615384616
1 0.5144230769230769 0.15384615384615385 0.08173076923076923 0.1346153846153846
1 0.43028846153846156 0.16346153846153846 0.17307692307692307 0.16826923076923078
1 0.4182692307692308 0.13221153846153846 0.0673076923076923 0.07692307692307693
1 0.35096153846153844 0.14783653846153846 0.07211538461538461 0.05048076923076923
1 0.38461538461538464 0.125 0.04326923076923077 0.038461538461538464
1 0.28125 0.15865384615384615 0.04326923076923077 0.057692307692307696
1 0.2956730769230769 0.11298076923076923 0.08173076923076923 0.0625
1 0.23557692307692307 0.13942307692307693 0.125 0.0625
1 0.23076923076923078 0.10576923076923077 0.04807692307692308 0.02403846153846154
1 0.19471153846153846 0.19471153846153846 0.17307692307692307 0.14903846153846154
1 0.23798076923076922 0.24519230769230768 0.07692307692307693 0.0673076923076923
1 0.30528846153846156 0.21875 0.07211538461538461 0.08173076923076923
1 0.31490384615384615 0.27163461538461536 0.11057692307692307 0.057692307692307696
1 0.5396634615384616 0.3076923076923077 0.2956730769230769 0.20192307692307693
1 0.7355769230769231 0.25841346153846156 0.23076923076923078 0.19951923076923078
1 0.8173076923076923 0.3112980769230769 0.12980769230769232 0.11298076923076923
1 0.7788461538461539 0.25 0.07692307692307693 0.08173076923076923
1 0.8461538461538461 0.2644230769230769 0.04807692307692308 0.028846153846153848
1 0.8473557692307693 0.18269230769230768 0.06009615384615385 0.07692307692307693
1 0.7788461538461539 0.1935096153846154 0.15384615384615385 0.0985576923076923
1 0.5913461538461539 0.1875 0.11538461538461539 0.0673076923076923
1 0.5348557692307693 0.28365384615384615 0.13701923076923078 0.09134615384615384
1 0.5456730769230769 0.3473557692307692 0.125 0.06490384615384616
1 0.44471153846153844 0.3293269230769231 0.052884615384615384 0.0625
1 0.375 0.34134615384615385 0.03365384615384615 0.028846153846153848
1 0.3701923076923077 0.2932692307692308 0.0673076923076923 0.038461538461538464
1 0.24519230769230768 0.28846153846153844 0.07211538461538461 0.0625
1 0.2403846153846154 0.3401442307692308 0.038461538461538464 0.021634615384615384
1 0.22596153846153846 0.31490384615384615 0.052884615384615384 0.03365384615384615
1 0.203125 0.3557692307692308 0.06009615384615385 0.12980769230769232
1 0.27403846153846156 0.3786057692307692 0.04807692307692308 0.05048076923076923
1 0.25961538461538464 0.36538461538461536 0.0673076923076923 0.0625
1 0.3245192307692308 0.37740384615384615 0.08653846153846154 0.07211538461538461
1 0.29086538461538464 0.43509615384615385 0.07211538461538461 0.0625
1 0.18990384615384615 0.4375 0.11057692307692307 0.10576923076923077
1 0.8004807692307693 0.40625 0.15384615384615385 0.08173076923076923
1 0.6971153846153846 0.421875 0.052884615384615384 0.08413461538461539
1 0.6622596153846154 0.4495192307692308 0.06009615384615385 0.11057692307692307
1 0.6021634615384616 0.42908653846153844 0.10336538461538461 0.08413461538461539
1 0.38822115384615385 0.78125 0.37740384615384615 0.1971153846153846
1 0.38341346153846156 0.6923076923076923 0.10336538461538461 0.0673076923076923
1 0.2860576923076923 0.8533653846153846 0.20673076923076922 0.11057692307692307
1 0.17067307692307693 0.7932692307692307 0.08173076923076923 0.057692307692307696
1 0.20673076923076922 0.8317307692307693 0.125 0.08173076923076923
1 0.31009615384615385 0.8149038461538461 0.1201923076923077 0.08173076923076923
1 0.19471153846153846 0.7728365384615384 0.08653846153846154 0.026442307692307692
1 0.18028846153846154 0.7055288461538461 0.08173076923076923 0.08413461538461539
1 0.20673076923076922 0.6394230769230769 0.08173076923076923 0.07211538461538461
1 0.25961538461538464 0.6730769230769231 0.08653846153846154 0.052884615384615384
1 0.28725961538461536 0.6081730769230769 0.0985576923076923 0.0673076923076923
1 0.3245192307692308 0.6382211538461539 0.07692307692307693 0.036057692307692304
1 0.34375 0.6033653846153846 0.04807692307692308 0.028846153846153848
1 0.375 0.5697115384615384 0.0673076923076923 0.08653846153846154
1 0.32211538461538464 0.49759615384615385 0.14903846153846154 0.14423076923076922
1 0.25 0.5144230769230769 0.25 0.20673076923076922
1 0.4567307692307692 0.4639423076923077 0.11057692307692307 0.08173076923076923
1 0.44471153846153844 0.40625 0.12980769230769232 0.04326923076923077
1 0.78125 0.1201923076923077 0.07211538461538461 0.038461538461538464
1 0.8221153846153846 0.4855769230769231 0.08653846153846154 0.0673076923076923
1 0.8100961538461539 0.5180288461538461 0.07211538461538461 0.0985576923076923
1 0.7331730769230769 0.5288461538461539 0.07211538461538461 0.052884615384615384
1 0.7235576923076923 0.48197115384615385 0.1201923076923077 0.05048076923076923
1 0.5817307692307693 0.5240384615384616 0.23076923076923078 0.08653846153846154
1 0.6057692307692307 0.5637019230769231 0.11538461538461539 0.05048076923076923
1 0.6057692307692307 0.4735576923076923 0.04807692307692308 0.02403846153846154
1 0.546875 0.45913461538461536 0.06009615384615385 0.04807692307692308
1 0.5432692307692307 0.421875 0.0673076923076923 0.036057692307692304
1 0.5384615384615384 0.59375 0.052884615384615384 0.03365384615384615
1 0.4567307692307692 0.5480769230769231 0.1201923076923077 0.09615384615384616
1 0.47836538461538464 0.6418269230769231 0.08653846153846154 0.09615384615384616
1 0.5600961538461539 0.6610576923076923 0.16346153846153846 0.13942307692307693
1 0.6466346153846154 0.6069711538461539 0.08653846153846154 0.036057692307692304
1 0.5793269230769231 0.6875 0.07211538461538461 0.09615384615384616
1 0.5504807692307693 0.7439903846153846 0.11057692307692307 0.0985576923076923
1 0.625 0.7692307692307693 0.03365384615384615 0.038461538461538464
1 0.65625 0.8004807692307693 0.09134615384615384 0.11057692307692307
1 0.6394230769230769 0.8353365384615384 0.08173076923076923 0.10336538461538461
1 0.5576923076923077 0.8966346153846154 0.16826923076923078 0.08173076923076923
1 0.4050480769230769 0.8365384615384616 0.10336538461538461 0.052884615384615384
1 0.8125 0.6826923076923077 0.12980769230769232 0.04326923076923077
1 0.7956730769230769 0.6442307692307693 0.11057692307692307 0.07692307692307693
1 0.8341346153846154 0.5949519230769231 0.07692307692307693 0.036057692307692304
1 0.7692307692307693 0.5769230769230769 0.03365384615384615 0.014423076923076924
1 0.7259615384615384 0.6105769230769231 0.09134615384615384 0.08173076923076923
1 0.6778846153846154 0.6682692307692307 0.04807692307692308 0.04326923076923077
1 0.7596153846153846 0.6983173076923077 0.19230769230769232 0.0985576923076923
1 0.7608173076923077 0.7319711538461539 0.18028846153846154 0.11298076923076923
1 0.7427884615384616 0.8329326923076923 0.15865384615384615 0.07451923076923077
1 0.7379807692307693 0.8485576923076923 0.11538461538461539 0.1346153846153846
1 0.7992788461538461 0.8894230769230769 0.06009615384615385 0.07692307692307693
