1 0.03485576923076923 0.9519230769230769 0.055288461538461536 0.09134615384615384
1 0.08173076923076923 0.8173076923076923 0.04807692307692308 0.0673076923076923
1 0.1045673076923077 0.9326923076923077 0.10817307692307693 0.12980769230769232
1 0.203125 0.9134615384615384 0.17067307692307693 0.16826923076923078
1 0.3954326923076923 0.9483173076923077 0.15625 0.0985576923076923
1 0.29927884615384615 0.9206730769230769 0.08413461538461539 0.15384615384615385
1 0.5504807692307693 0.9375 0.15865384615384615 0.1201923076923077
1 0.4639423076923077 0.8894230769230769 0.09615384615384616 0.16346153846153846
1 0.3701923076923077 0.7992788461538461 0.1346153846153846 0.18028846153846154
1 0.21153846153846154 0.7379807692307693 0.16346153846153846 0.15865384615384615
1 0.06129807692307692 0.7043269230769231 0.10817307692307693 0.125
1 0.13822115384615385 0.6346153846153846 0.08413461538461539 0.09134615384615384
1 0.054086538461538464 0.5817307692307693 0.09375 0.16346153846153846
1 0.046875 0.45552884615384615 0.07932692307692307 0.14182692307692307
1 0.18389423076923078 0.4050480769230769 0.1466346153846154 0.12740384615384615
1 0.06490384615384616 0.14182692307692307 0.11538461538461539 0.16826923076923078
1 0.17307692307692307 0.19591346153846154 0.10096153846153846 0.18028846153846154
1 0.23557692307692307 0.08653846153846154 0.10096153846153846 0.15865384615384615
1 0.2776442307692308 0.13942307692307693 0.11298076923076923 0.1971153846153846
1 0.2860576923076923 0.4699519230769231 0.10096153846153846 0.18028846153846154
1 0.234375 0.5552884615384616 0.09375 0.07692307692307693
1 0.21634615384615385 0.6322115384615384 0.11538461538461539 0.11057692307692307
1 0.3245192307692308 0.6069711538461539 0.0673076923076923 0.10336538461538461
1 0.40625 0.6658653846153846 0.1201923076923077 0.125
1 0.49278846153846156 0.6370192307692307 0.09615384615384616 0.1201923076923077
1 0.5240384615384616 0.8100961538461539 0.10576923076923077 0.23557692307692307
1 0.6033653846153846 0.6838942307692307 0.10096153846153846 0.18028846153846154
1 0.6057692307692307 0.7764423076923077 0.0625 0.07211538461538461
1 0.6526442307692307 0.9290865384615384 0.09375 0.13701923076923078
1 0.7055288461538461 0.8341346153846154 0.05048076923076923 0.11057692307692307
1 0.7043269230769231 0.7451923076923077 0.052884615384615384 0.1201923076923077
1 0.8317307692307693 0.7764423076923077 0.19230769230769232 0.32211538461538464
1 0.9723557692307693 0.3858173076923077 0.055288461538461536 0.1658653846153846
1 0.8088942307692307 0.2620192307692308 0.25721153846153844 0.4423076923076923
1 0.6334134615384616 0.07211538461538461 0.18990384615384615 0.1346153846153846
1 0.5 0.07211538461538461 0.07211538461538461 0.1346153846153846
1 0.9362980769230769 0.04447115384615385 0.07451923076923077 0.07932692307692307
1 0.9759615384615384 0.18389423076923078 0.04807692307692308 0.07932692307692307
1 0.9627403846153846 0.6225961538461539 0.07451923076923077 0.13942307692307693
1 0.8557692307692307 0.5504807692307693 0.1778846153846154 0.15384615384615385
1 0.9903846153846154 0.734375 0.019230769230769232 0.055288461538461536
1 0.7524038461538461 0.5384615384615384 0.028846153846153848 0.0673076923076923
1 0.7211538461538461 0.46634615384615385 0.08173076923076923 0.052884615384615384
1 0.6706730769230769 0.5733173076923077 0.09134615384615384 0.13701923076923078
1 0.6069711538461539 0.47836538461538464 0.07932692307692307 0.12980769230769232
1 0.6057692307692307 0.38221153846153844 0.1201923076923077 0.14903846153846154
1 0.49278846153846156 0.3798076923076923 0.12980769230769232 0.15384615384615385
1 0.5024038461538461 0.45913461538461536 0.13942307692307693 0.16826923076923078
1 0.5384615384615384 0.5324519230769231 0.08173076923076923 0.0985576923076923
1 0.36658653846153844 0.47836538461538464 0.15625 0.20673076923076922
1 0.36778846153846156 0.21875 0.1346153846153846 0.09134615384615384
1 0.3557692307692308 0.11298076923076923 0.09615384615384616 0.1201923076923077
