1 0.6730769230769231 0.6322115384615384 0.5336538461538461 0.4326923076923077
1 0.47475961538461536 0.7524038461538461 0.5072115384615384 0.3701923076923077
1 0.3557692307692308 0.3485576923076923 0.625 0.40865384615384615
1 0.5588942307692307 0.2091346153846154 0.44471153846153844 0.3076923076923077
0 0.6225961538461539 0.22596153846153846 0.0673076923076923 0.09615384615384616
0 0.5240384615384616 0.29927884615384615 0.0625 0.08413461538461539
0 0.5865384615384616 0.3076923076923077 0.057692307692307696 0.07692307692307693
0 0.5552884615384616 0.21875 0.04807692307692308 0.0673076923076923
0 0.6766826923076923 0.3076923076923077 0.09375 0.0673076923076923
0 0.7067307692307693 0.28365384615384615 0.0673076923076923 0.07211538461538461
0 0.7307692307692307 0.22115384615384615 0.0673076923076923 0.10576923076923077
0 0.6658653846153846 0.18990384615384615 0.08173076923076923 0.09615384615384616
0 0.5829326923076923 0.17067307692307693 0.08413461538461539 0.07692307692307693
0 0.6009615384615384 0.10576923076923077 0.1201923076923077 0.08173076923076923
0 0.5288461538461539 0.0985576923076923 0.038461538461538464 0.0673076923076923
0 0.703125 0.10817307692307693 0.09375 0.0673076923076923
0 0.7103365384615384 0.15865384615384615 0.0889423076923077 0.08173076923076923
0 0.5384615384615384 0.875 0.11057692307692307 0.08173076923076923
0 0.5600961538461539 0.8341346153846154 0.11057692307692307 0.11538461538461539
0 0.6466346153846154 0.8870192307692307 0.052884615384615384 0.0625
0 0.6706730769230769 0.8557692307692307 0.052884615384615384 0.0625
0 0.6634615384615384 0.7752403846153846 0.07692307692307693 0.08413461538461539
0 0.6610576923076923 0.671875 0.0625 0.09375
0 0.4735576923076923 0.78125 0.052884615384615384 0.10576923076923077
0 0.4543269230769231 0.75 0.057692307692307696 0.10576923076923077
