1 0.2548076923076923 0.5396634615384616 0.3173076923076923 0.2620192307692308
1 0.31850961538461536 0.9194711538461539 0.45913461538461536 0.16105769230769232
1 0.3004807692307692 0.75 0.27403846153846156 0.20192307692307693
1 0.4963942307692308 0.6826923076923077 0.0985576923076923 0.28846153846153844
1 0.4495192307692308 0.3545673076923077 0.35096153846153844 0.37740384615384615
1 0.29447115384615385 0.34134615384615385 0.21875 0.1201923076923077
2 0.43509615384615385 0.5264423076923077 0.052884615384615384 0.2403846153846154
2 0.43990384615384615 0.38461538461538464 0.057692307692307696 0.20673076923076922
2 0.6442307692307693 0.3581730769230769 0.038461538461538464 0.27403846153846156
2 0.5721153846153846 0.6850961538461539 0.038461538461538464 0.27403846153846156
2 0.4735576923076923 0.7355769230769231 0.0625 0.20673076923076922
2 0.5877403846153846 0.9110576923076923 0.07932692307692307 0.1778846153846154
