1 0.7920673076923077 0.40384615384615385 0.25721153846153844 0.7932692307692307
1 0.6454326923076923 0.3894230769230769 0.12740384615384615 0.7596153846153846
1 0.5060096153846154 0.46153846153846156 0.2620192307692308 0.9038461538461539
1 0.3641826923076923 0.3918269230769231 0.13221153846153846 0.7644230769230769
1 0.20192307692307693 0.4014423076923077 0.2644230769230769 0.7884615384615384
3 0.5 0.9375 0.11057692307692307 0.04807692307692308
3 0.6370192307692307 0.7908653846153846 0.09615384615384616 0.03365384615384615
3 0.7956730769230769 0.8221153846153846 0.11538461538461539 0.03365384615384615
3 0.3713942307692308 0.7932692307692307 0.10817307692307693 0.038461538461538464
3 0.20432692307692307 0.8149038461538461 0.1201923076923077 0.038461538461538464
