1 0.140625 0.4543269230769231 0.1658653846153846 0.375
1 0.3245192307692308 0.6262019230769231 0.1971153846153846 0.25721153846153844
1 0.27163461538461536 0.375 0.1201923076923077 0.28846153846153844
1 0.375 0.29086538461538464 0.1201923076923077 0.2980769230769231
1 0.46875 0.4735576923076923 0.18269230769230768 0.5528846153846154
1 0.5444711538461539 0.2548076923076923 0.1466346153846154 0.2692307692307692
1 0.6947115384615384 0.41346153846153844 0.1778846153846154 0.4182692307692308
1 0.5985576923076923 0.6466346153846154 0.20192307692307693 0.5480769230769231
1 0.875 0.35096153846153844 0.13942307692307693 0.36538461538461536
1 0.828125 0.5084134615384616 0.20432692307692307 0.4639423076923077
3 0.6971153846153846 0.16105769230769232 0.14903846153846154 0.09615384615384616
3 0.37259615384615385 0.4735576923076923 0.12980769230769232 0.09615384615384616
3 0.27403846153846156 0.5552884615384616 0.1346153846153846 0.09134615384615384
3 0.13701923076923078 0.6754807692307693 0.16346153846153846 0.07692307692307693
3 0.34375 0.7884615384615384 0.16346153846153846 0.07692307692307693
3 0.8293269230769231 0.7788461538461539 0.20192307692307693 0.09615384615384616
3 0.6971153846153846 0.6514423076923077 0.17307692307692307 0.09134615384615384
3 0.8882211538461539 0.5697115384615384 0.1466346153846154 0.09134615384615384
2 0.47115384615384615 0.78125 0.09134615384615384 0.0625
