1 0.7451923076923077 0.6490384615384616 0.42788461538461536 0.4326923076923077
1 0.43990384615384615 0.7259615384615384 0.5192307692307693 0.5192307692307693
1 0.5961538461538461 0.25240384615384615 0.47596153846153844 0.46153846153846156
3 0.5 0.6538461538461539 0.15865384615384615 0.3317307692307692
3 0.32572115384615385 0.24519230769230768 0.1466346153846154 0.35096153846153844
3 0.14182692307692307 0.7307692307692307 0.1346153846153846 0.3317307692307692
0 0.6141826923076923 0.28725961538461536 0.1466346153846154 0.14182692307692307
0 0.5793269230769231 0.37259615384615385 0.13942307692307693 0.052884615384615384
0 0.5745192307692307 0.4375 0.17307692307692307 0.10096153846153846
0 0.6754807692307693 0.4326923076923077 0.057692307692307696 0.10096153846153846
0 0.7163461538461539 0.4266826923076923 0.04807692307692308 0.09375
0 0.7451923076923077 0.3076923076923077 0.09615384615384616 0.10096153846153846
0 0.7355769230769231 0.37259615384615385 0.07211538461538461 0.11538461538461539
0 0.7692307692307693 0.35096153846153844 0.0673076923076923 0.17307692307692307
0 0.7415865384615384 0.1658653846153846 0.14182692307692307 0.23557692307692307
0 0.6658653846153846 0.27524038461538464 0.1346153846153846 0.1466346153846154
0 0.5420673076923077 0.22235576923076922 0.1466346153846154 0.1466346153846154
0 0.46153846153846156 0.34615384615384615 0.09615384615384616 0.1346153846153846
0 0.45913461538461536 0.24278846153846154 0.04807692307692308 0.0625
0 0.44711538461538464 0.1778846153846154 0.052884615384615384 0.10096153846153846
0 0.43990384615384615 0.1201923076923077 0.0673076923076923 0.1201923076923077
0 0.4987980769230769 0.0889423076923077 0.09375 0.13942307692307693
0 0.5841346153846154 0.16826923076923078 0.1201923076923077 0.10576923076923077
0 0.5721153846153846 0.07932692307692307 0.07211538461538461 0.08173076923076923
0 0.6490384615384616 0.11298076923076923 0.10096153846153846 0.125
