1 0.8185096153846154 0.5120192307692307 0.17548076923076922 0.25
1 0.6478365384615384 0.5 0.13701923076923078 0.2980769230769231
1 0.5120192307692307 0.4495192307692308 0.11057692307692307 0.3605769230769231
1 0.38221153846153844 0.515625 0.11538461538461539 0.24278846153846154
1 0.27163461538461536 0.5228365384615384 0.09615384615384616 0.18028846153846154
1 0.15264423076923078 0.5552884615384616 0.12740384615384615 0.14903846153846154
3 0.8197115384615384 0.37259615384615385 0.16826923076923078 0.0673076923076923
3 0.6478365384615384 0.31971153846153844 0.13701923076923078 0.04807692307692308
3 0.5132211538461539 0.25721153846153844 0.10817307692307693 0.04807692307692308
3 0.38221153846153844 0.3629807692307692 0.10096153846153846 0.038461538461538464
3 0.2692307692307692 0.41346153846153844 0.09615384615384616 0.038461538461538464
3 0.15384615384615385 0.45913461538461536 0.1201923076923077 0.057692307692307696
