1 0.15384615384615385 0.052884615384615384 0.1201923076923077 0.08173076923076923
1 0.2932692307692308 0.057692307692307696 0.11057692307692307 0.10096153846153846
1 0.38341346153846156 0.039663461538461536 0.05048076923076923 0.06490384615384616
1 0.4362980769230769 0.039663461538461536 0.07451923076923077 0.055288461538461536
1 0.7800480769230769 0.140625 0.07451923076923077 0.07451923076923077
1 0.8473557692307693 0.16346153846153846 0.06971153846153846 0.08173076923076923
1 0.90625 0.2127403846153846 0.04326923076923077 0.05048076923076923
1 0.9759615384615384 0.234375 0.04807692307692308 0.0889423076923077
1 0.9759615384615384 0.7524038461538461 0.04807692307692308 0.0625
1 0.75 0.890625 0.08653846153846154 0.07451923076923077
1 0.8990384615384616 0.9362980769230769 0.1201923076923077 0.07451923076923077
1 0.09735576923076923 0.8245192307692307 0.06009615384615385 0.04326923076923077
1 0.2620192307692308 0.9038461538461539 0.08173076923076923 0.10096153846153846
1 0.046875 0.7379807692307693 0.06971153846153846 0.08173076923076923
1 0.08052884615384616 0.6790865384615384 0.07451923076923077 0.07932692307692307
1 0.03125 0.6370192307692307 0.04326923076923077 0.08173076923076923
1 0.04807692307692308 0.5769230769230769 0.08173076923076923 0.11057692307692307
1 0.03245192307692308 0.4543269230769231 0.05048076923076923 0.14423076923076922
1 0.03125 0.375 0.04326923076923077 0.09615384615384616
1 0.042067307692307696 0.27403846153846156 0.06971153846153846 0.1201923076923077
1 0.0673076923076923 0.22355769230769232 0.11057692307692307 0.11057692307692307
1 0.10817307692307693 0.16346153846153846 0.10096153846153846 0.10096153846153846
1 0.19110576923076922 0.13701923076923078 0.06490384615384616 0.08173076923076923
1 0.5961538461538461 0.10817307692307693 0.09615384615384616 0.08173076923076923
1 0.5420673076923077 0.08774038461538461 0.06971153846153846 0.05048076923076923
1 0.6634615384615384 0.15985576923076922 0.09134615384615384 0.055288461538461536
1 0.6490384615384616 0.9002403846153846 0.11057692307692307 0.07451923076923077
1 0.5637019230769231 0.9338942307692307 0.06009615384615385 0.06009615384615385
1 0.5420673076923077 0.8966346153846154 0.06971153846153846 0.09615384615384616
1 0.46634615384615385 0.8822115384615384 0.09615384615384616 0.10096153846153846
1 0.3798076923076923 0.9014423076923077 0.08653846153846154 0.09615384615384616
1 0.8245192307692307 0.7632211538461539 0.125 0.06009615384615385
1 0.9146634615384616 0.6923076923076923 0.07451923076923077 0.10096153846153846
1 0.9579326923076923 0.6622596153846154 0.08413461538461539 0.07451923076923077
1 0.8545673076923077 0.6730769230769231 0.07451923076923077 0.08173076923076923
1 0.796875 0.6706730769230769 0.06009615384615385 0.09615384615384616
1 0.9230769230769231 0.59375 0.14903846153846154 0.08173076923076923
1 0.9182692307692307 0.5372596153846154 0.10096153846153846 0.06009615384615385
1 0.953125 0.5060096153846154 0.09375 0.0889423076923077
1 0.9807692307692307 0.4326923076923077 0.04326923076923077 0.08173076923076923
1 0.9855769230769231 0.3713942307692308 0.028846153846153848 0.05048076923076923
1 0.9663461538461539 0.31490384615384615 0.0673076923076923 0.0673076923076923
1 0.9122596153846154 0.34375 0.06009615384615385 0.09134615384615384
1 0.9194711538461539 0.39903846153846156 0.06490384615384616 0.09134615384615384
1 0.8665865384615384 0.3701923076923077 0.055288461538461536 0.14423076923076922
1 0.8677884615384616 0.24639423076923078 0.08173076923076923 0.06490384615384616
1 0.8209134615384616 0.29086538461538464 0.07451923076923077 0.08653846153846154
1 0.8377403846153846 0.5408653846153846 0.05048076923076923 0.10576923076923077
1 0.796875 0.5973557692307693 0.06971153846153846 0.06971153846153846
1 0.7872596153846154 0.5300480769230769 0.06009615384615385 0.07451923076923077
1 0.8028846153846154 0.46634615384615385 0.08173076923076923 0.08653846153846154
1 0.8004807692307693 0.375 0.08653846153846154 0.11538461538461539
1 0.7463942307692307 0.6754807692307693 0.055288461538461536 0.08653846153846154
1 0.6862980769230769 0.8233173076923077 0.07451923076923077 0.06009615384615385
1 0.7139423076923077 0.765625 0.08173076923076923 0.07451923076923077
1 0.6153846153846154 0.6394230769230769 0.23557692307692307 0.16346153846153846
1 0.6418269230769231 0.49278846153846156 0.23076923076923078 0.2403846153846154
1 0.6129807692307693 0.3076923076923077 0.2403846153846154 0.15865384615384615
1 0.7151442307692307 0.27163461538461536 0.17548076923076922 0.1346153846153846
1 0.5240384615384616 0.21514423076923078 0.22115384615384615 0.18509615384615385
1 0.5396634615384616 0.13341346153846154 0.055288461538461536 0.05048076923076923
1 0.3894230769230769 0.14903846153846154 0.14423076923076922 0.12980769230769232
1 0.2956730769230769 0.203125 0.20673076923076922 0.19951923076923078
1 0.4014423076923077 0.40384615384615385 0.2932692307692308 0.2403846153846154
1 0.1875 0.38461538461538464 0.25 0.33653846153846156
1 0.21754807692307693 0.5913461538461539 0.3004807692307692 0.22596153846153846
1 0.46153846153846156 0.6105769230769231 0.28365384615384615 0.2548076923076923
1 0.6081730769230769 0.8052884615384616 0.11057692307692307 0.11538461538461539
1 0.4951923076923077 0.7932692307692307 0.11538461538461539 0.10096153846153846
1 0.38461538461538464 0.7956730769230769 0.11538461538461539 0.10576923076923077
1 0.27403846153846156 0.7620192307692307 0.12980769230769232 0.1201923076923077
1 0.18028846153846154 0.7788461538461539 0.10576923076923077 0.1201923076923077
1 0.0985576923076923 0.7644230769230769 0.08173076923076923 0.08653846153846154
