1 0.7668269230769231 0.6454326923076923 0.32211538461538464 0.25240384615384615
1 0.640625 0.7307692307692307 0.12740384615384615 0.16826923076923078
1 0.6430288461538461 0.7848557692307693 0.021634615384615384 0.07932692307692307
1 0.5276442307692307 0.7223557692307693 0.10336538461538461 0.11778846153846154
1 0.6947115384615384 0.5276442307692307 0.23557692307692307 0.06971153846153846
1 0.36778846153846156 0.6742788461538461 0.11538461538461539 0.20432692307692307
1 0.4423076923076923 0.7391826923076923 0.03365384615384615 0.07451923076923077
1 0.24278846153846154 0.7151442307692307 0.1346153846153846 0.1466346153846154
1 0.24639423076923078 0.6394230769230769 0.026442307692307692 0.04807692307692308
1 0.21153846153846154 0.6153846153846154 0.04807692307692308 0.04326923076923077
1 0.19831730769230768 0.6646634615384616 0.021634615384615384 0.06490384615384616
1 0.14423076923076922 0.6694711538461539 0.04807692307692308 0.07451923076923077
1 0.14423076923076922 0.5889423076923077 0.03365384615384615 0.04326923076923077
1 0.18870192307692307 0.5288461538461539 0.055288461538461536 0.052884615384615384
1 0.21754807692307693 0.49759615384615385 0.040865384615384616 0.03365384615384615
1 0.27403846153846156 0.46153846153846156 0.052884615384615384 0.08173076923076923
1 0.32211538461538464 0.5456730769230769 0.08173076923076923 0.12980769230769232
1 0.41586538461538464 0.4807692307692308 0.25961538461538464 0.14903846153846154
1 0.4699519230769231 0.5480769230769231 0.2283653846153846 0.14423076923076922
1 0.4891826923076923 0.5480769230769231 0.19471153846153846 0.125
1 0.5829326923076923 0.44350961538461536 0.11778846153846154 0.0985576923076923
1 0.6838942307692307 0.44591346153846156 0.1466346153846154 0.1466346153846154
1 0.7704326923076923 0.3629807692307692 0.11778846153846154 0.09615384615384616
1 0.8112980769230769 0.2956730769230769 0.05048076923076923 0.04807692307692308
1 0.8521634615384616 0.4110576923076923 0.10336538461538461 0.09615384615384616
1 0.5625 0.390625 0.125 0.06490384615384616
1 0.6526442307692307 0.33052884615384615 0.07932692307692307 0.055288461538461536
1 0.6862980769230769 0.27403846153846156 0.06490384615384616 0.08173076923076923
1 0.6129807692307693 0.21153846153846154 0.08173076923076923 0.07692307692307693
1 0.6057692307692307 0.2776442307692308 0.08173076923076923 0.06490384615384616
1 0.5360576923076923 0.30288461538461536 0.125 0.07692307692307693
1 0.5360576923076923 0.3545673076923077 0.1778846153846154 0.10336538461538461
1 0.41466346153846156 0.3798076923076923 0.04567307692307692 0.08653846153846154
1 0.48197115384615385 0.24879807692307693 0.0985576923076923 0.06971153846153846
1 0.5084134615384616 0.18028846153846154 0.08413461538461539 0.10576923076923077
1 0.5276442307692307 0.12620192307692307 0.021634615384615384 0.055288461538461536
1 0.4495192307692308 0.15865384615384615 0.03365384615384615 0.08653846153846154
1 0.4495192307692308 0.21033653846153846 0.04807692307692308 0.06971153846153846
1 0.37740384615384615 0.18028846153846154 0.09615384615384616 0.052884615384615384
1 0.4050480769230769 0.1201923076923077 0.026442307692307692 0.052884615384615384
1 0.3605769230769231 0.23918269230769232 0.12980769230769232 0.07451923076923077
1 0.39663461538461536 0.2620192307692308 0.09615384615384616 0.08653846153846154
1 0.35336538461538464 0.30408653846153844 0.11057692307692307 0.06490384615384616
1 0.32572115384615385 0.34975961538461536 0.06971153846153846 0.06971153846153846
1 0.2668269230769231 0.2608173076923077 0.07211538461538461 0.0985576923076923
1 0.18990384615384615 0.265625 0.057692307692307696 0.03125
1 0.19951923076923078 0.3112980769230769 0.04807692307692308 0.06009615384615385
1 0.25 0.33052884615384615 0.07692307692307693 0.06490384615384616
1 0.20793269230769232 0.3629807692307692 0.06490384615384616 0.052884615384615384
1 0.2764423076923077 0.3858173076923077 0.019230769230769232 0.021634615384615384
1 0.15625 0.40865384615384615 0.057692307692307696 0.057692307692307696
1 0.10817307692307693 0.4831730769230769 0.04807692307692308 0.08173076923076923
1 0.20793269230769232 0.453125 0.11778846153846154 0.11298076923076923
