3 0.9326923076923077 0.7103365384615384 0.125 0.37259615384615385
3 0.8125 0.7848557692307693 0.125 0.3581730769230769
3 0.8725961538461539 0.8425480769230769 0.0625 0.23317307692307693
3 0.7680288461538461 0.5661057692307693 0.19951923076923078 0.5216346153846154
3 0.6706730769230769 0.65625 0.125 0.3894230769230769
3 0.5721153846153846 0.5793269230769231 0.16826923076923078 0.5480769230769231
3 0.5192307692307693 0.45913461538461536 0.2403846153846154 0.7980769230769231
3 0.5096153846153846 0.7956730769230769 0.08173076923076923 0.20192307692307693
3 0.5588942307692307 0.8245192307692307 0.06009615384615385 0.14423076923076922
3 0.40384615384615385 0.7524038461538461 0.10096153846153846 0.2644230769230769
3 0.3641826923076923 0.5396634615384616 0.11778846153846154 0.5216346153846154
3 0.27403846153846156 0.7139423076923077 0.11538461538461539 0.3269230769230769
3 0.12740384615384615 0.6814903846153846 0.14903846153846154 0.4014423076923077
3 0.20192307692307693 0.4831730769230769 0.21634615384615385 0.5961538461538461
