3 0.5973557692307693 0.7115384615384616 0.19471153846153846 0.4807692307692308
3 0.2620192307692308 0.7043269230769231 0.44711538461538464 0.5625
3 0.19951923076923078 0.3737980769230769 0.33653846153846156 0.3293269230769231
3 0.14903846153846154 0.13221153846153846 0.25 0.24519230769230768
3 0.5480769230769231 0.34134615384615385 0.125 0.1971153846153846
3 0.4423076923076923 0.2692307692307692 0.057692307692307696 0.17307692307692307
3 0.5612980769230769 0.10817307692307693 0.23798076923076922 0.16826923076923078
3 0.8653846153846154 0.24519230769230768 0.2548076923076923 0.4423076923076923
3 0.84375 0.5288461538461539 0.25 0.3701923076923077
3 0.8052884615384616 0.8533653846153846 0.1971153846153846 0.23557692307692307
3 0.9254807692307693 0.7439903846153846 0.07692307692307693 0.15144230769230768
3 0.9411057692307693 0.6310096153846154 0.11778846153846154 0.14182692307692307
