3 0.6730769230769231 0.4254807692307692 0.14423076923076922 0.2692307692307692
3 0.5288461538461539 0.3605769230769231 0.14903846153846154 0.22115384615384615
3 0.4014423076923077 0.34134615384615385 0.10096153846153846 0.23076923076923078
3 0.28125 0.3581730769230769 0.19230769230769232 0.1346153846153846
3 0.27403846153846156 0.47836538461538464 0.21153846153846154 0.1346153846153846
3 0.2644230769230769 0.7355769230769231 0.1971153846153846 0.22596153846153846
3 0.4014423076923077 0.7764423076923077 0.21153846153846154 0.22596153846153846
3 0.5673076923076923 0.6370192307692307 0.1778846153846154 0.16346153846153846
3 0.6274038461538461 0.7115384615384616 0.15865384615384615 0.22115384615384615
3 0.7548076923076923 0.8004807692307693 0.20673076923076922 0.23076923076923078
