3 0.5132211538461539 0.515625 0.37740384615384615 0.5456730769230769
3 0.16105769230769232 0.5060096153846154 0.3076923076923077 0.5456730769230769
3 0.8509615384615384 0.5048076923076923 0.2980769230769231 0.5384615384615384
3 0.9459134615384616 0.1466346153846154 0.10817307692307693 0.27884615384615385
3 0.7019230769230769 0.1622596153846154 0.375 0.31009615384615385
3 0.3245192307692308 0.15865384615384615 0.375 0.2980769230769231
3 0.06971153846153846 0.15384615384615385 0.125 0.28846153846153844
3 0.07211538461538461 0.8774038461538461 0.1346153846153846 0.24519230769230768
3 0.3245192307692308 0.8533653846153846 0.38461538461538464 0.2932692307692308
3 0.703125 0.859375 0.37259615384615385 0.28125
3 0.9375 0.8665865384615384 0.125 0.2668269230769231
