3 0.5048076923076923 0.6526442307692307 0.8701923076923077 0.6514423076923077
3 0.3269230769230769 0.27884615384615385 0.5913461538461539 0.5240384615384616
0 0.6346153846153846 0.5745192307692307 0.18269230769230768 0.15865384615384615
0 0.7824519230769231 0.7439903846153846 0.17067307692307693 0.13221153846153846
0 0.6610576923076923 0.7740384615384616 0.125 0.09134615384615384
0 0.4110576923076923 0.7199519230769231 0.10096153846153846 0.04567307692307692
0 0.5264423076923077 0.7668269230769231 0.09134615384615384 0.04326923076923077
0 0.47836538461538464 0.6370192307692307 0.0625 0.04807692307692308
0 0.4326923076923077 0.27884615384615385 0.052884615384615384 0.038461538461538464
0 0.4831730769230769 0.31009615384615385 0.09615384615384616 0.04807692307692308
