3 0.16947115384615385 0.484375 0.12740384615384615 0.21875
3 0.1466346153846154 0.23076923076923078 0.16346153846153846 0.20192307692307693
3 0.23677884615384615 0.3245192307692308 0.15625 0.20673076923076922
3 0.3173076923076923 0.20192307692307693 0.14903846153846154 0.21153846153846154
3 0.39663461538461536 0.3701923076923077 0.13942307692307693 0.28365384615384615
3 0.33413461538461536 0.49038461538461536 0.12980769230769232 0.1875
3 0.5877403846153846 0.7548076923076923 0.17067307692307693 0.3317307692307692
3 0.5024038461538461 0.5168269230769231 0.14903846153846154 0.3076923076923077
3 0.5288461538461539 0.24519230769230768 0.14903846153846154 0.3125
3 0.7752403846153846 0.5985576923076923 0.15625 0.35096153846153844
3 0.6658653846153846 0.35216346153846156 0.12980769230769232 0.3389423076923077
3 0.6514423076923077 0.5697115384615384 0.10576923076923077 0.14903846153846154
3 0.8016826923076923 0.24519230769230768 0.15625 0.36538461538461536
3 0.8725961538461539 0.3605769230769231 0.11057692307692307 0.3317307692307692
3 0.5649038461538461 0.21153846153846154 0.0625 0.07692307692307693
3 0.8293269230769231 0.38221153846153844 0.07692307692307693 0.04807692307692308
3 0.8605769230769231 0.5024038461538461 0.04326923076923077 0.04807692307692308
