3 0.7259615384615384 0.3245192307692308 0.5288461538461539 0.16826923076923078
3 0.7211538461538461 0.5408653846153846 0.5144230769230769 0.16346153846153846
3 0.7163461538461539 0.7620192307692307 0.5336538461538461 0.16826923076923078
0 0.3894230769230769 0.2620192307692308 0.22115384615384615 0.11538461538461539
0 0.33413461538461536 0.18028846153846154 0.22115384615384615 0.11538461538461539
0 0.22596153846153846 0.2980769230769231 0.22115384615384615 0.1346153846153846
0 0.4495192307692308 0.21153846153846154 0.10096153846153846 0.09134615384615384
0 0.1814903846153846 0.3942307692307692 0.13221153846153846 0.09134615384615384
0 0.24759615384615385 0.44711538461538464 0.1875 0.1346153846153846
0 0.3701923076923077 0.5264423076923077 0.15865384615384615 0.11538461538461539
0 0.2668269230769231 0.6117788461538461 0.1778846153846154 0.12259615384615384
0 0.3076923076923077 0.5817307692307693 0.1201923076923077 0.14423076923076922
0 0.2764423076923077 0.5144230769230769 0.04326923076923077 0.038461538461538464
0 0.3389423076923077 0.7451923076923077 0.18269230769230768 0.125
0 0.3870192307692308 0.6754807692307693 0.125 0.11057692307692307
0 0.16947115384615385 0.7956730769230769 0.19471153846153846 0.14423076923076922
0 0.31971153846153844 0.8870192307692307 0.24519230769230768 0.1778846153846154
0 0.4182692307692308 0.8413461538461539 0.13942307692307693 0.08653846153846154
