3 0.7415865384615384 0.8822115384615384 0.30528846153846156 0.23076923076923078
3 0.8990384615384616 0.8665865384615384 0.20192307692307693 0.24278846153846154
3 0.38221153846153844 0.9074519230769231 0.2403846153846154 0.18028846153846154
3 0.16466346153846154 0.8629807692307693 0.18509615384615385 0.2692307692307692
3 0.040865384615384616 0.8870192307692307 0.07211538461538461 0.22115384615384615
3 0.11057692307692307 0.6346153846153846 0.21634615384615385 0.28365384615384615
3 0.25240384615384615 0.7091346153846154 0.07211538461538461 0.21634615384615385
3 0.4519230769230769 0.7163461538461539 0.3317307692307692 0.36538461538461536
3 0.5480769230769231 0.8894230769230769 0.10096153846153846 0.21634615384615385
3 0.8858173076923077 0.5769230769230769 0.2283653846153846 0.28365384615384615
3 0.9459134615384616 0.7235576923076923 0.10817307692307693 0.08173076923076923
3 0.8197115384615384 0.7295673076923077 0.09615384615384616 0.040865384615384616
3 0.875 0.15264423076923078 0.25 0.3004807692307692
3 0.9555288461538461 0.33774038461538464 0.0889423076923077 0.24759615384615385
3 0.7872596153846154 0.39663461538461536 0.3245192307692308 0.27403846153846156
3 0.6634615384615384 0.6394230769230769 0.20673076923076922 0.2644230769230769
3 0.28846153846153844 0.6370192307692307 0.09134615384615384 0.14423076923076922
3 0.5276442307692307 0.3954326923076923 0.2860576923076923 0.4639423076923077
3 0.46875 0.5204326923076923 0.0673076923076923 0.18028846153846154
3 0.7331730769230769 0.1466346153846154 0.1778846153846154 0.28846153846153844
3 0.5985576923076923 0.15625 0.12980769230769232 0.30288461538461536
3 0.39783653846153844 0.0985576923076923 0.3389423076923077 0.19230769230769232
3 0.35336538461538464 0.375 0.1875 0.3701923076923077
3 0.1658653846153846 0.38461538461538464 0.2403846153846154 0.41346153846153844
3 0.04567307692307692 0.2091346153846154 0.08653846153846154 0.40384615384615385
3 0.1814903846153846 0.09495192307692307 0.2668269230769231 0.18509615384615385
3 0.036057692307692304 0.4411057692307692 0.0673076923076923 0.15625
