3 0.9399038461538461 0.20673076923076922 0.11538461538461539 0.10576923076923077
3 0.9278846153846154 0.26802884615384615 0.11538461538461539 0.09375
3 0.8317307692307693 0.22235576923076922 0.11057692307692307 0.08413461538461539
3 0.8413461538461539 0.16105769230769232 0.12980769230769232 0.11057692307692307
3 0.7403846153846154 0.15504807692307693 0.11538461538461539 0.0985576923076923
3 0.6286057692307693 0.23798076923076922 0.0985576923076923 0.09615384615384616
3 0.5829326923076923 0.3004807692307692 0.09375 0.10576923076923077
3 0.484375 0.3004807692307692 0.08413461538461539 0.09615384615384616
3 0.421875 0.2403846153846154 0.0985576923076923 0.11057692307692307
3 0.47475961538461536 0.17548076923076922 0.10817307692307693 0.10576923076923077
3 0.578125 0.16346153846153846 0.09375 0.10576923076923077
3 0.21394230769230768 0.18629807692307693 0.13942307692307693 0.1466346153846154
3 0.2668269230769231 0.2860576923076923 0.13942307692307693 0.1201923076923077
3 0.1971153846153846 0.3641826923076923 0.11057692307692307 0.0889423076923077
3 0.14182692307692307 0.27884615384615385 0.1346153846153846 0.09615384615384616
3 0.08413461538461539 0.1622596153846154 0.12980769230769232 0.15144230769230768
3 0.038461538461538464 0.24278846153846154 0.07211538461538461 0.125
3 0.07451923076923077 0.35096153846153844 0.11538461538461539 0.07692307692307693
3 0.7019230769230769 0.6370192307692307 0.11538461538461539 0.4326923076923077
3 0.8209134615384616 0.5528846153846154 0.3293269230769231 0.23557692307692307
3 0.8485576923076923 0.4338942307692308 0.27884615384615385 0.2860576923076923
3 0.5841346153846154 0.5120192307692307 0.15865384615384615 0.3076923076923077
3 0.4951923076923077 0.6826923076923077 0.12980769230769232 0.42788461538461536
3 0.4951923076923077 0.7163461538461539 0.125 0.10096153846153846
3 0.5444711538461539 0.7403846153846154 0.0889423076923077 0.3894230769230769
3 0.3870192307692308 0.7091346153846154 0.11057692307692307 0.4182692307692308
3 0.40625 0.41466346153846156 0.1201923076923077 0.09375
3 0.35096153846153844 0.3798076923076923 0.12980769230769232 0.09615384615384616
3 0.27163461538461536 0.4026442307692308 0.1201923076923077 0.0889423076923077
3 0.27403846153846156 0.6995192307692307 0.11538461538461539 0.41346153846153844
3 0.16947115384615385 0.6730769230769231 0.1466346153846154 0.4182692307692308
3 0.109375 0.6069711538461539 0.16105769230769232 0.4254807692307692
