3 0.8966346153846154 0.22596153846153846 0.1201923076923077 0.3173076923076923
3 0.7668269230769231 0.22355769230769232 0.125 0.3125
3 0.8221153846153846 0.5132211538461539 0.1201923076923077 0.3004807692307692
3 0.7644230769230769 0.8100961538461539 0.1201923076923077 0.28846153846153844
3 0.6346153846153846 0.8149038461538461 0.1201923076923077 0.27884615384615385
3 0.4987980769230769 0.8112980769230769 0.12740384615384615 0.2956730769230769
3 0.36778846153846156 0.8112980769230769 0.1201923076923077 0.2956730769230769
3 0.23798076923076922 0.8100961538461539 0.1201923076923077 0.28846153846153844
3 0.6899038461538461 0.5228365384615384 0.11538461538461539 0.2956730769230769
3 0.5600961538461539 0.5204326923076923 0.125 0.3004807692307692
3 0.4254807692307692 0.515625 0.11538461538461539 0.2956730769230769
3 0.2932692307692308 0.5204326923076923 0.11538461538461539 0.3004807692307692
3 0.1622596153846154 0.5228365384615384 0.11298076923076923 0.2956730769230769
3 0.6346153846153846 0.21634615384615385 0.1201923076923077 0.3076923076923077
3 0.5024038461538461 0.21394230769230768 0.1201923076923077 0.3125
3 0.3701923076923077 0.21634615384615385 0.125 0.3076923076923077
3 0.24278846153846154 0.22115384615384615 0.125 0.3076923076923077
3 0.11298076923076923 0.22596153846153846 0.1201923076923077 0.3076923076923077
