2 0.11298076923076923 0.328125 0.21153846153846154 0.3004807692307692
3 0.038461538461538464 0.5853365384615384 0.0625 0.22355769230769232
2 0.14543269230769232 0.8425480769230769 0.21394230769230768 0.31490384615384615
3 0.3233173076923077 0.16105769230769232 0.18990384615384615 0.3076923076923077
3 0.1622596153846154 0.4206730769230769 0.20432692307692307 0.6057692307692307
3 0.109375 0.15504807692307693 0.20432692307692307 0.2956730769230769
3 0.3545673076923077 0.5336538461538461 0.18990384615384615 0.7548076923076923
3 0.5144230769230769 0.3605769230769231 0.16346153846153846 0.5625
3 0.48197115384615385 0.7716346153846154 0.18509615384615385 0.4567307692307692
3 0.5997596153846154 0.7632211538461539 0.1466346153846154 0.4735576923076923
3 0.7716346153846154 0.5348557692307693 0.20673076923076922 0.78125
2 0.6358173076923077 0.359375 0.0889423076923077 0.3389423076923077
2 0.6466346153846154 0.5408653846153846 0.07211538461538461 0.16826923076923078
3 0.9182692307692307 0.5408653846153846 0.11538461538461539 0.5192307692307693
3 0.9555288461538461 0.43509615384615385 0.0889423076923077 0.5384615384615384
3 0.9423076923076923 0.8305288461538461 0.11538461538461539 0.3389423076923077
