3 0.2127403846153846 0.6081730769230769 0.2283653846153846 0.6201923076923077
3 0.15865384615384615 0.24879807692307693 0.11057692307692307 0.2091346153846154
3 0.21153846153846154 0.5276442307692307 0.23557692307692307 0.7572115384615384
3 0.3137019230769231 0.15625 0.17548076923076922 0.20192307692307693
3 0.3317307692307692 0.5192307692307693 0.20673076923076922 0.5817307692307693
3 0.33052884615384615 0.43509615384615385 0.20432692307692307 0.75
3 0.4495192307692308 0.7620192307692307 0.22596153846153846 0.2980769230769231
3 0.42788461538461536 0.5408653846153846 0.16826923076923078 0.20192307692307693
3 0.5252403846153846 0.3605769230769231 0.13701923076923078 0.23076923076923078
3 0.6730769230769231 0.38221153846153844 0.1346153846153846 0.25
3 0.5649038461538461 0.4567307692307692 0.1875 0.1971153846153846
3 0.5576923076923077 0.6730769230769231 0.17307692307692307 0.2644230769230769
3 0.6995192307692307 0.6538461538461539 0.2548076923076923 0.3605769230769231
3 0.7884615384615384 0.5036057692307693 0.21153846153846154 0.43509615384615385
3 0.7439903846153846 0.7956730769230769 0.33413461538461536 0.2644230769230769
