3 0.3125 0.6237980769230769 0.3125 0.29086538461538464
3 0.12139423076923077 0.5877403846153846 0.1466346153846154 0.23798076923076922
3 0.16826923076923078 0.32572115384615385 0.17307692307692307 0.24278846153846154
3 0.7283653846153846 0.08413461538461539 0.1875 0.15384615384615385
3 0.7836538461538461 0.38221153846153844 0.19230769230769232 0.42788461538461536
3 0.8629807692307693 0.13221153846153846 0.17307692307692307 0.16346153846153846
3 0.9050480769230769 0.07451923076923077 0.18990384615384615 0.1346153846153846
3 0.9182692307692307 0.5120192307692307 0.16346153846153846 0.23557692307692307
3 0.8774038461538461 0.6790865384615384 0.16826923076923078 0.24278846153846154
3 0.6658653846153846 0.6033653846153846 0.25961538461538464 0.375
3 0.6526442307692307 0.36538461538461536 0.16105769230769232 0.25
3 0.9615384615384616 0.3016826923076923 0.07692307692307693 0.2283653846153846
3 0.4795673076923077 0.46274038461538464 0.1466346153846154 0.24278846153846154
3 0.48677884615384615 0.28846153846153844 0.16105769230769232 0.15865384615384615
3 0.5865384615384616 0.1502403846153846 0.125 0.2860576923076923
3 0.4579326923076923 0.09375 0.1658653846153846 0.16826923076923078
3 0.2764423076923077 0.06009615384615385 0.18269230769230768 0.10576923076923077
3 0.2800480769230769 0.12259615384615384 0.18028846153846154 0.17307692307692307
3 0.12980769230769232 0.10817307692307693 0.11057692307692307 0.20192307692307693
3 0.054086538461538464 0.23197115384615385 0.09375 0.18509615384615385
3 0.046875 0.36177884615384615 0.07932692307692307 0.13701923076923078
3 0.2644230769230769 0.6983173076923077 0.10096153846153846 0.39663461538461536
3 0.19951923076923078 0.8365384615384616 0.08653846153846154 0.3269230769230769
3 0.11658653846153846 0.8533653846153846 0.07932692307692307 0.1201923076923077
3 0.08653846153846154 0.7752403846153846 0.11538461538461539 0.13701923076923078
3 0.05048076923076923 0.6322115384615384 0.08653846153846154 0.22115384615384615
3 0.3293269230769231 0.4230769230769231 0.1346153846153846 0.22596153846153846
3 0.47475961538461536 0.7451923076923077 0.2668269230769231 0.38461538461538464
3 0.3125 0.9026442307692307 0.14423076923076922 0.19471153846153846
3 0.0889423076923077 0.9375 0.10096153846153846 0.125
3 0.39903846153846156 0.9639423076923077 0.07211538461538461 0.07211538461538461
3 0.5360576923076923 0.9423076923076923 0.1346153846153846 0.11538461538461539
3 0.7379807692307693 0.8629807692307693 0.27884615384615385 0.27403846153846156
3 0.875 0.9134615384615384 0.25 0.17307692307692307
3 0.5853365384615384 0.7932692307692307 0.1658653846153846 0.21634615384615385
3 0.11298076923076923 0.10817307692307693 0.21153846153846154 0.20192307692307693
