3 0.7980769230769231 0.20552884615384615 0.38461538461538464 0.3870192307692308
3 0.6225961538461539 0.2692307692307692 0.3894230769230769 0.3701923076923077
3 0.47475961538461536 0.8461538461538461 0.37740384615384615 0.3076923076923077
3 0.7908653846153846 0.6959134615384616 0.27403846153846156 0.3245192307692308
3 0.8389423076923077 0.46153846153846156 0.1778846153846154 0.22115384615384615
3 0.59375 0.5865384615384616 0.3701923076923077 0.2980769230769231
3 0.5985576923076923 0.36177884615384615 0.3798076923076923 0.24278846153846154
3 0.1935096153846154 0.5733173076923077 0.37740384615384615 0.33413461538461536
3 0.19230769230769232 0.33052884615384615 0.3701923076923077 0.24759615384615385
3 0.39903846153846156 0.4423076923076923 0.03365384615384615 0.22596153846153846
3 0.2848557692307692 0.6971153846153846 0.24759615384615385 0.3076923076923077
