3 0.6670673076923077 0.5 0.3629807692307692 0.9951923076923077
3 0.890625 0.8377403846153846 0.21875 0.31490384615384615
3 0.8677884615384616 0.30288461538461536 0.1201923076923077 0.6009615384615384
3 0.9663461538461539 0.3161057692307692 0.0673076923076923 0.6274038461538461
3 0.9230769230769231 0.6358173076923077 0.15384615384615385 0.14182692307692307
3 0.4483173076923077 0.5252403846153846 0.18990384615384615 0.5793269230769231
3 0.4519230769230769 0.8894230769230769 0.15865384615384615 0.14903846153846154
3 0.40865384615384615 0.18028846153846154 0.1875 0.3557692307692308
3 0.14903846153846154 0.7512019230769231 0.2932692307692308 0.31009615384615385
3 0.2860576923076923 0.84375 0.25 0.27884615384615385
3 0.18990384615384615 0.3329326923076923 0.375 0.6610576923076923
