3 0.08774038461538461 0.8533653846153846 0.17067307692307693 0.28846153846153844
3 0.2800480769230769 0.8557692307692307 0.18509615384615385 0.28365384615384615
3 0.47836538461538464 0.8581730769230769 0.1778846153846154 0.27884615384615385
3 0.6802884615384616 0.8581730769230769 0.18269230769230768 0.27884615384615385
3 0.8810096153846154 0.8581730769230769 0.18028846153846154 0.27884615384615385
3 0.9362980769230769 0.5252403846153846 0.12740384615384615 0.39663461538461536
3 0.7632211538461539 0.5252403846153846 0.19471153846153846 0.39663461538461536
3 0.5588942307692307 0.5252403846153846 0.18509615384615385 0.39663461538461536
3 0.3557692307692308 0.5276442307692307 0.1875 0.4014423076923077
3 0.15264423076923078 0.5276442307692307 0.19471153846153846 0.3918269230769231
3 0.27403846153846156 0.1622596153846154 0.18269230769230768 0.31971153846153844
3 0.47475961538461536 0.16466346153846154 0.18509615384615385 0.3245192307692308
3 0.6766826923076923 0.16466346153846154 0.18028846153846154 0.3245192307692308
3 0.8786057692307693 0.1622596153846154 0.18509615384615385 0.31971153846153844
