3 0.8978365384615384 0.5637019230769231 0.19471153846153846 0.18509615384615385
3 0.8173076923076923 0.4387019230769231 0.20192307692307693 0.19471153846153846
3 0.5216346153846154 0.3161057692307692 0.1875 0.18990384615384615
3 0.6165865384615384 0.42427884615384615 0.18990384615384615 0.18509615384615385
3 0.7079326923076923 0.5372596153846154 0.18509615384615385 0.18990384615384615
3 0.6310096153846154 0.6634615384615384 0.18509615384615385 0.23557692307692307
3 0.47836538461538464 0.6490384615384616 0.2403846153846154 0.23557692307692307
3 0.41466346153846156 0.41947115384615385 0.17067307692307693 0.18509615384615385
3 0.5216346153846154 0.5024038461538461 0.17307692307692307 0.12980769230769232
3 0.296875 0.33052884615384615 0.2091346153846154 0.19471153846153846
3 0.21754807692307693 0.4651442307692308 0.21394230769230768 0.19471153846153846
3 0.31971153846153844 0.5492788461538461 0.1971153846153846 0.19471153846153846
3 0.11177884615384616 0.6117788461538461 0.21875 0.21875
