3 0.515625 0.8209134615384616 0.31009615384615385 0.10336538461538461
3 0.2283653846153846 0.8149038461538461 0.32211538461538464 0.125
3 0.27163461538461536 0.6923076923076923 0.40384615384615385 0.1201923076923077
3 0.5913461538461539 0.6995192307692307 0.2980769230769231 0.10096153846153846
3 0.5925480769230769 0.7668269230769231 0.5120192307692307 0.10096153846153846
3 0.7560096153846154 0.6418269230769231 0.0889423076923077 0.1201923076923077
3 0.5685096153846154 0.6177884615384616 0.2860576923076923 0.0625
3 0.5048076923076923 0.5793269230769231 0.30288461538461536 0.10576923076923077
3 0.2091346153846154 0.5733173076923077 0.2932692307692308 0.11298076923076923
3 0.5264423076923077 0.4567307692307692 0.34615384615384615 0.1201923076923077
3 0.21033653846153846 0.46033653846153844 0.31009615384615385 0.11298076923076923
3 0.3076923076923077 0.34375 0.3317307692307692 0.1201923076923077
3 0.1141826923076923 0.3389423076923077 0.0889423076923077 0.125
3 0.2644230769230769 0.2091346153846154 0.40384615384615385 0.1346153846153846
3 0.6141826923076923 0.2091346153846154 0.31490384615384615 0.125
3 0.8305288461538461 0.28725961538461536 0.2860576923076923 0.09375
3 0.5889423076923077 0.27524038461538464 0.1971153846153846 0.026442307692307692
3 0.5865384615384616 0.3401442307692308 0.2980769230769231 0.10336538461538461
3 0.7836538461538461 0.41586538461538464 0.1778846153846154 0.10576923076923077
3 0.8185096153846154 0.5264423076923077 0.2860576923076923 0.10576923076923077
