3 0.7572115384615384 0.7271634615384616 0.23557692307692307 0.4110576923076923
3 0.5132211538461539 0.6346153846153846 0.18509615384615385 0.3317307692307692
3 0.3329326923076923 0.5841346153846154 0.14182692307692307 0.2644230769230769
0 0.8545673076923077 0.453125 0.12259615384615384 0.18028846153846154
0 0.9158653846153846 0.2403846153846154 0.14903846153846154 0.16826923076923078
0 0.9495192307692307 0.39302884615384615 0.09615384615384616 0.13221153846153846
0 0.9459134615384616 0.49759615384615385 0.10817307692307693 0.17307692307692307
0 0.7740384615384616 0.30408653846153844 0.052884615384615384 0.3293269230769231
0 0.8473557692307693 0.15985576923076922 0.055288461538461536 0.18509615384615385
0 0.43509615384615385 0.5396634615384616 0.125 0.2283653846153846
0 0.5372596153846154 0.4182692307692308 0.10817307692307693 0.1201923076923077
0 0.5901442307692307 0.3425480769230769 0.08413461538461539 0.07451923076923077
0 0.5432692307692307 0.2956730769230769 0.12980769230769232 0.15384615384615385
0 0.5925480769230769 0.2403846153846154 0.10817307692307693 0.22115384615384615
0 0.6033653846153846 0.15865384615384615 0.057692307692307696 0.17307692307692307
0 0.6935096153846154 0.12980769230769232 0.05048076923076923 0.052884615384615384
0 0.7079326923076923 0.24278846153846154 0.07451923076923077 0.0673076923076923
0 0.7079326923076923 0.3137019230769231 0.07932692307692307 0.07932692307692307
0 0.7536057692307693 0.18269230769230768 0.06971153846153846 0.052884615384615384
0 0.7475961538461539 0.052884615384615384 0.04326923076923077 0.0673076923076923
0 0.6730769230769231 0.013221153846153846 0.052884615384615384 0.021634615384615384
0 0.4651442307692308 0.10697115384615384 0.055288461538461536 0.026442307692307692
0 0.49399038461538464 0.057692307692307696 0.07451923076923077 0.057692307692307696
0 0.4831730769230769 0.18990384615384615 0.052884615384615384 0.04807692307692308
0 0.44350961538461536 0.2512019230769231 0.040865384615384616 0.03125
0 0.4050480769230769 0.18269230769230768 0.05048076923076923 0.04326923076923077
0 0.38221153846153844 0.2091346153846154 0.0673076923076923 0.11538461538461539
0 0.32572115384615385 0.16466346153846154 0.06009615384615385 0.13221153846153846
0 0.27283653846153844 0.18509615384615385 0.07451923076923077 0.11057692307692307
0 0.23677884615384615 0.27283653846153844 0.07932692307692307 0.08413461538461539
0 0.22355769230769232 0.30288461538461536 0.09134615384615384 0.10096153846153846
0 0.3076923076923077 0.39903846153846156 0.125 0.10576923076923077
0 0.18269230769230768 0.3737980769230769 0.1201923076923077 0.13701923076923078
0 0.24158653846153846 0.39302884615384615 0.04567307692307692 0.026442307692307692
0 0.3389423076923077 0.46033653846153844 0.08173076923076923 0.0889423076923077
0 0.33533653846153844 0.2776442307692308 0.10336538461538461 0.11778846153846154
0 0.42788461538461536 0.32572115384615385 0.10096153846153846 0.12740384615384615
0 0.4362980769230769 0.5240384615384616 0.11298076923076923 0.25
