3 0.7788461538461539 0.8149038461538461 0.04807692307692308 0.21634615384615385
3 0.9254807692307693 0.9555288461538461 0.07211538461538461 0.07932692307692307
3 0.9579326923076923 0.9411057692307693 0.05048076923076923 0.10817307692307693
3 0.9699519230769231 0.7764423076923077 0.06009615384615385 0.12980769230769232
3 0.9663461538461539 0.6646634615384616 0.0673076923076923 0.16105769230769232
3 0.5300480769230769 0.71875 0.09375 0.1201923076923077
3 0.07932692307692307 0.140625 0.03365384615384615 0.06009615384615385
3 0.1201923076923077 0.10817307692307693 0.04807692307692308 0.10096153846153846
3 0.09375 0.04927884615384615 0.028846153846153848 0.07932692307692307
3 0.05048076923076923 0.06971153846153846 0.038461538461538464 0.0673076923076923
3 0.040865384615384616 0.1310096153846154 0.028846153846153848 0.055288461538461536
3 0.12980769230769232 0.9278846153846154 0.09134615384615384 0.1346153846153846
3 0.09375 0.8737980769230769 0.08653846153846154 0.10817307692307693
3 0.040865384615384616 0.9615384615384616 0.07692307692307693 0.0673076923076923
3 0.040865384615384616 0.8737980769230769 0.07211538461538461 0.10817307692307693
3 0.04807692307692308 0.6754807692307693 0.0673076923076923 0.11538461538461539
3 0.10216346153846154 0.6009615384615384 0.040865384615384616 0.11538461538461539
3 0.06129807692307692 0.5817307692307693 0.05048076923076923 0.10096153846153846
3 0.5877403846153846 0.9447115384615384 0.13701923076923078 0.10096153846153846
3 0.6586538461538461 0.8701923076923077 0.08653846153846154 0.12980769230769232
3 0.6911057692307693 0.96875 0.040865384615384616 0.052884615384615384
3 0.7151442307692307 0.8605769230769231 0.05048076923076923 0.1346153846153846
3 0.7283653846153846 0.7668269230769231 0.04807692307692308 0.0673076923076923
3 0.8449519230769231 0.9230769230769231 0.08413461538461539 0.1346153846153846
3 0.875 0.796875 0.0625 0.22355769230769232
3 0.8293269230769231 0.796875 0.04807692307692308 0.12740384615384615
3 0.7620192307692307 0.6237980769230769 0.052884615384615384 0.17548076923076922
3 0.8112980769230769 0.6237980769230769 0.06009615384615385 0.18990384615384615
3 0.8509615384615384 0.4651442307692308 0.09134615384615384 0.12740384615384615
3 0.9807692307692307 0.4855769230769231 0.038461538461538464 0.11538461538461539
3 0.9447115384615384 0.4891826923076923 0.03365384615384615 0.07932692307692307
3 0.9290865384615384 0.42908653846153844 0.06490384615384616 0.17548076923076922
3 0.7367788461538461 0.5120192307692307 0.06009615384615385 0.10096153846153846
3 0.7019230769230769 0.6237980769230769 0.0673076923076923 0.2283653846153846
3 0.6814903846153846 0.6983173076923077 0.040865384615384616 0.18990384615384615
3 0.640625 0.6322115384615384 0.055288461538461536 0.21634615384615385
3 0.9519230769230769 0.27403846153846156 0.03365384615384615 0.0673076923076923
3 0.9615384615384616 0.22355769230769232 0.028846153846153848 0.10096153846153846
3 0.8858173076923077 0.30288461538461536 0.06009615384615385 0.08653846153846154
3 0.9182692307692307 0.2824519230769231 0.052884615384615384 0.14182692307692307
3 0.7920673076923077 0.265625 0.04567307692307692 0.12259615384615384
3 0.8305288461538461 0.21153846153846154 0.055288461538461536 0.1201923076923077
3 0.7728365384615384 0.31490384615384615 0.055288461538461536 0.1346153846153846
3 0.8846153846153846 0.59375 0.0673076923076923 0.11538461538461539
3 0.96875 0.4014423076923077 0.038461538461538464 0.0673076923076923
3 0.9891826923076923 0.03365384615384615 0.026442307692307692 0.0625
3 0.9735576923076923 0.0829326923076923 0.052884615384615384 0.055288461538461536
3 0.8689903846153846 0.21153846153846154 0.04567307692307692 0.08173076923076923
3 0.5024038461538461 0.8269230769230769 0.07211538461538461 0.1201923076923077
3 0.5757211538461539 0.8569711538461539 0.06971153846153846 0.15625
3 0.4675480769230769 0.9447115384615384 0.08413461538461539 0.10096153846153846
3 0.42788461538461536 0.7788461538461539 0.07211538461538461 0.21634615384615385
3 0.33774038461538464 0.765625 0.0985576923076923 0.17548076923076922
3 0.3894230769230769 0.8401442307692307 0.0625 0.2283653846153846
3 0.35096153846153844 0.9038461538461539 0.052884615384615384 0.12980769230769232
3 0.28125 0.8521634615384616 0.07692307692307693 0.14182692307692307
3 0.31850961538461536 0.9579326923076923 0.06009615384615385 0.07451923076923077
3 0.3894230769230769 0.9651442307692307 0.0673076923076923 0.06009615384615385
3 0.2283653846153846 0.9074519230769231 0.10096153846153846 0.17548076923076922
3 0.3581730769230769 0.5492788461538461 0.07211538461538461 0.20432692307692307
3 0.35096153846153844 0.4326923076923077 0.10576923076923077 0.10096153846153846
3 0.4519230769230769 0.3870192307692308 0.08653846153846154 0.14903846153846154
3 0.2776442307692308 0.43509615384615385 0.09375 0.20192307692307693
3 0.11177884615384616 0.5096153846153846 0.06490384615384616 0.09615384615384616
3 0.2439903846153846 0.7740384615384616 0.08413461538461539 0.14903846153846154
3 0.30408653846153844 0.6454326923076923 0.06490384615384616 0.10817307692307693
3 0.3137019230769231 0.5480769230769231 0.05048076923076923 0.11538461538461539
3 0.4098557692307692 0.5360576923076923 0.05048076923076923 0.14903846153846154
3 0.48197115384615385 0.5360576923076923 0.0889423076923077 0.08173076923076923
3 0.4375 0.6947115384615384 0.08173076923076923 0.16826923076923078
3 0.5 0.6201923076923077 0.11057692307692307 0.11538461538461539
3 0.5637019230769231 0.49038461538461536 0.05048076923076923 0.14903846153846154
3 0.5757211538461539 0.6370192307692307 0.055288461538461536 0.16346153846153846
3 0.6177884615384616 0.4387019230769231 0.07692307692307693 0.19471153846153846
3 0.5528846153846154 0.3713942307692308 0.08173076923076923 0.07451923076923077
3 0.6033653846153846 0.2860576923076923 0.04326923076923077 0.09615384615384616
3 0.7512019230769231 0.12379807692307693 0.040865384615384616 0.09375
3 0.7572115384615384 0.19471153846153846 0.0625 0.08653846153846154
3 0.7103365384615384 0.3173076923076923 0.05048076923076923 0.10096153846153846
3 0.6923076923076923 0.21153846153846154 0.07692307692307693 0.09615384615384616
3 0.6490384615384616 0.09735576923076923 0.038461538461538464 0.07932692307692307
3 0.6754807692307693 0.09014423076923077 0.02403846153846154 0.07932692307692307
3 0.7055288461538461 0.11057692307692307 0.026442307692307692 0.09615384615384616
3 0.47475961538461536 0.20552884615384615 0.05048076923076923 0.10817307692307693
3 0.49038461538461536 0.27283653846153844 0.04807692307692308 0.07932692307692307
3 0.5721153846153846 0.2283653846153846 0.0625 0.15384615384615385
3 0.5661057692307693 0.11778846153846154 0.07932692307692307 0.1201923076923077
3 0.4362980769230769 0.11778846153846154 0.06009615384615385 0.09615384615384616
3 0.40625 0.10336538461538461 0.02403846153846154 0.09615384615384616
3 0.3954326923076923 0.2800480769230769 0.08413461538461539 0.10817307692307693
3 0.41947115384615385 0.21153846153846154 0.05048076923076923 0.08173076923076923
3 0.35096153846153844 0.31971153846153844 0.07692307692307693 0.09615384615384616
3 0.23317307692307693 0.6514423076923077 0.09134615384615384 0.21634615384615385
3 0.056490384615384616 0.8245192307692307 0.07932692307692307 0.10096153846153846
3 0.09975961538461539 0.7524038461538461 0.06971153846153846 0.16346153846153846
3 0.11899038461538461 0.3942307692307692 0.03125 0.08173076923076923
3 0.18389423076923078 0.41947115384615385 0.07932692307692307 0.07451923076923077
3 0.16947115384615385 0.35336538461538464 0.06490384615384616 0.052884615384615384
3 0.08774038461538461 0.41225961538461536 0.026442307692307692 0.07451923076923077
3 0.014423076923076924 0.43149038461538464 0.02403846153846154 0.15625
3 0.042067307692307696 0.2824519230769231 0.05048076923076923 0.14182692307692307
3 0.18028846153846154 0.16826923076923078 0.038461538461538464 0.08653846153846154
3 0.2283653846153846 0.10336538461538461 0.028846153846153848 0.0673076923076923
3 0.2247596153846154 0.06009615384615385 0.03125 0.11538461538461539
3 0.28125 0.039663461538461536 0.04807692307692308 0.07451923076923077
3 0.32211538461538464 0.019230769230769232 0.038461538461538464 0.03365384615384615
3 0.23197115384615385 0.23557692307692307 0.040865384615384616 0.10096153846153846
3 0.2776442307692308 0.19831730769230768 0.026442307692307692 0.09375
3 0.10697115384615384 0.19471153846153846 0.040865384615384616 0.10096153846153846
3 0.12860576923076922 0.24278846153846154 0.04567307692307692 0.08653846153846154
3 0.109375 0.31971153846153844 0.040865384615384616 0.09615384615384616
3 0.5012019230769231 0.4987980769230769 0.9975961538461539 0.9927884615384616
