3 0.6959134615384616 0.6538461538461539 0.2764423076923077 0.42788461538461536
3 0.9182692307692307 0.5805288461538461 0.15865384615384615 0.40625
3 0.6802884615384616 0.44711538461538464 0.2548076923076923 0.11057692307692307
3 0.8028846153846154 0.5420673076923077 0.21153846153846154 0.4110576923076923
3 0.39783653846153844 0.7307692307692307 0.24759615384615385 0.3125
3 0.4050480769230769 0.5889423076923077 0.2620192307692308 0.41346153846153844
3 0.5048076923076923 0.39783653846153844 0.21153846153846154 0.11298076923076923
3 0.21995192307692307 0.3485576923076923 0.2668269230769231 0.18269230769230768
3 0.06971153846153846 0.5913461538461539 0.1346153846153846 0.41346153846153844
3 0.14182692307692307 0.6514423076923077 0.2548076923076923 0.4326923076923077
