3 0.8197115384615384 0.5192307692307693 0.125 0.3798076923076923
3 0.8990384615384616 0.1778846153846154 0.1201923076923077 0.33653846153846156
3 0.7668269230769231 0.1778846153846154 0.125 0.33653846153846156
3 0.6358173076923077 0.17548076923076922 0.12259615384615384 0.3317307692307692
3 0.5036057692307693 0.17067307692307693 0.12259615384615384 0.3269230769230769
3 0.37259615384615385 0.17067307692307693 0.125 0.3269230769230769
3 0.2403846153846154 0.16826923076923078 0.1201923076923077 0.3173076923076923
3 0.11298076923076923 0.17067307692307693 0.11538461538461539 0.3269230769230769
3 0.15745192307692307 0.5144230769230769 0.12259615384615384 0.375
3 0.29086538461538464 0.5216346153846154 0.1201923076923077 0.375
3 0.6899038461538461 0.515625 0.12980769230769232 0.3870192307692308
3 0.5588942307692307 0.515625 0.12259615384615384 0.3870192307692308
3 0.4206730769230769 0.515625 0.125 0.3870192307692308
3 0.23798076923076922 0.8509615384615384 0.11057692307692307 0.2980769230769231
3 0.36778846153846156 0.8509615384615384 0.125 0.2980769230769231
3 0.49759615384615385 0.8557692307692307 0.1201923076923077 0.2932692307692308
3 0.6322115384615384 0.8473557692307693 0.125 0.30528846153846156
3 0.7644230769230769 0.8557692307692307 0.11538461538461539 0.2932692307692308
