3 0.18389423076923078 0.515625 0.10336538461538461 0.31009615384615385
3 0.19230769230769232 0.2283653846153846 0.125 0.32211538461538464
3 0.3125 0.27163461538461536 0.1201923076923077 0.40384615384615385
3 0.30528846153846156 0.5913461538461539 0.10096153846153846 0.2980769230769231
3 0.2403846153846154 0.5925480769230769 0.10096153846153846 0.5120192307692307
3 0.3629807692307692 0.7560096153846154 0.1201923076923077 0.0889423076923077
3 0.3870192307692308 0.5685096153846154 0.0625 0.2860576923076923
3 0.4254807692307692 0.5048076923076923 0.10576923076923077 0.30288461538461536
3 0.4338942307692308 0.2091346153846154 0.11298076923076923 0.2932692307692308
3 0.5504807692307693 0.5264423076923077 0.1201923076923077 0.34615384615384615
3 0.546875 0.21033653846153846 0.11298076923076923 0.31009615384615385
3 0.6634615384615384 0.3076923076923077 0.1201923076923077 0.3317307692307692
3 0.6658653846153846 0.1141826923076923 0.125 0.0889423076923077
3 0.7956730769230769 0.2644230769230769 0.1346153846153846 0.40384615384615385
3 0.7956730769230769 0.6141826923076923 0.125 0.31490384615384615
3 0.7199519230769231 0.8305288461538461 0.09375 0.2860576923076923
3 0.7295673076923077 0.5889423076923077 0.026442307692307692 0.1971153846153846
3 0.6646634615384616 0.5865384615384616 0.10336538461538461 0.2980769230769231
3 0.5889423076923077 0.7836538461538461 0.10576923076923077 0.1778846153846154
3 0.4807692307692308 0.8185096153846154 0.10576923076923077 0.2860576923076923
