3 0.53125 0.8112980769230769 0.5528846153846154 0.24759615384615385
3 0.25961538461538464 0.859375 0.25 0.15625
3 0.46634615384615385 0.8137019230769231 0.6682692307692307 0.24759615384615385
3 0.6105769230769231 0.59375 0.6009615384615384 0.24519230769230768
3 0.40625 0.6081730769230769 0.20673076923076922 0.20673076923076922
3 0.4699519230769231 0.39663461538461536 0.5408653846153846 0.21153846153846154
3 0.20793269230769232 0.33653846153846156 0.25721153846153844 0.1346153846153846
3 0.4182692307692308 0.38221153846153844 0.6682692307692307 0.2403846153846154
3 0.34375 0.14903846153846154 0.2692307692307692 0.16826923076923078
3 0.5841346153846154 0.18028846153846154 0.5721153846153846 0.23557692307692307
3 0.5336538461538461 0.17668269230769232 0.6682692307692307 0.23317307692307693
3 0.38221153846153844 0.6274038461538461 0.15865384615384615 0.0673076923076923
