3 0.9867788461538461 0.953125 0.026442307692307692 0.09375
3 0.9915865384615384 0.038461538461538464 0.016826923076923076 0.0673076923076923
3 0.5985576923076923 0.5 0.14423076923076922 0.057692307692307696
3 0.640625 0.4519230769230769 0.15144230769230768 0.0625
3 0.7019230769230769 0.3245192307692308 0.04807692307692308 0.09134615384615384
3 0.7259615384615384 0.3870192307692308 0.057692307692307696 0.10096153846153846
3 0.9615384615384616 0.09375 0.04326923076923077 0.1346153846153846
3 0.9855769230769231 0.16105769230769232 0.028846153846153848 0.10576923076923077
3 0.9795673076923077 0.8425480769230769 0.040865384615384616 0.0889423076923077
3 0.9867788461538461 0.7788461538461539 0.026442307692307692 0.052884615384615384
3 0.9855769230769231 0.7007211538461539 0.028846153846153848 0.12259615384615384
3 0.9567307692307693 0.65625 0.052884615384615384 0.038461538461538464
3 0.9567307692307693 0.5769230769230769 0.04807692307692308 0.1201923076923077
3 0.9903846153846154 0.5733173076923077 0.019230769230769232 0.09375
3 0.9675480769230769 0.4723557692307692 0.06490384615384616 0.09375
3 0.9675480769230769 0.39663461538461536 0.06490384615384616 0.21153846153846154
3 0.9483173076923077 0.2920673076923077 0.04567307692307692 0.07932692307692307
3 0.9158653846153846 0.26802884615384615 0.057692307692307696 0.07932692307692307
3 0.9362980769230769 0.2091346153846154 0.06971153846153846 0.09615384615384616
3 0.8918269230769231 0.10817307692307693 0.057692307692307696 0.1201923076923077
3 0.9182692307692307 0.07451923076923077 0.028846153846153848 0.1201923076923077
3 0.8870192307692307 0.036057692307692304 0.028846153846153848 0.057692307692307696
3 0.9158653846153846 0.5336538461538461 0.04326923076923077 0.21634615384615385
3 0.8882211538461539 0.5192307692307693 0.04567307692307692 0.22115384615384615
3 0.10817307692307693 0.052884615384615384 0.057692307692307696 0.09134615384615384
3 0.12139423076923077 0.8088942307692307 0.06009615384615385 0.08413461538461539
3 0.1466346153846154 0.6442307692307693 0.0625 0.08653846153846154
3 0.19110576923076922 0.04927884615384615 0.06009615384615385 0.07932692307692307
3 0.10576923076923077 0.20552884615384615 0.04807692307692308 0.1466346153846154
3 0.14182692307692307 0.24879807692307693 0.052884615384615384 0.14182692307692307
3 0.22355769230769232 0.09375 0.09134615384615384 0.0673076923076923
3 0.18269230769230768 0.1502403846153846 0.08653846153846154 0.07932692307692307
3 0.2127403846153846 0.17067307692307693 0.08413461538461539 0.08653846153846154
3 0.17307692307692307 0.26322115384615385 0.038461538461538464 0.1466346153846154
3 0.21394230769230768 0.24519230769230768 0.04326923076923077 0.1346153846153846
3 0.24759615384615385 0.2692307692307692 0.04807692307692308 0.25
3 0.2091346153846154 0.3425480769230769 0.15384615384615385 0.11298076923076923
3 0.09495192307692307 0.39302884615384615 0.06009615384615385 0.11298076923076923
3 0.09134615384615384 0.3076923076923077 0.03365384615384615 0.0673076923076923
3 0.10096153846153846 0.5180288461538461 0.0625 0.11298076923076923
3 0.13942307692307693 0.53125 0.11057692307692307 0.1971153846153846
3 0.15144230769230768 0.4879807692307692 0.10096153846153846 0.21634615384615385
3 0.19230769230769232 0.5132211538461539 0.07692307692307693 0.2091346153846154
3 0.20552884615384615 0.49399038461538464 0.12259615384615384 0.18028846153846154
3 0.21754807692307693 0.4543269230769231 0.06971153846153846 0.125
3 0.23557692307692307 0.42908653846153844 0.0673076923076923 0.14182692307692307
3 0.40384615384615385 0.19230769230769232 0.0625 0.23076923076923078
3 0.4230769230769231 0.45552884615384615 0.04807692307692308 0.07932692307692307
3 0.36899038461538464 0.44711538461538464 0.06009615384615385 0.08653846153846154
3 0.4206730769230769 0.6586538461538461 0.04807692307692308 0.09134615384615384
3 0.33653846153846156 0.8100961538461539 0.04326923076923077 0.0673076923076923
3 0.5504807692307693 0.7235576923076923 0.0625 0.08653846153846154
3 0.5961538461538461 0.8725961538461539 0.057692307692307696 0.09134615384615384
3 0.7692307692307693 0.7584134615384616 0.052884615384615384 0.07451923076923077
3 0.7163461538461539 0.6346153846153846 0.10096153846153846 0.16826923076923078
3 0.3004807692307692 0.9362980769230769 0.1778846153846154 0.12740384615384615
3 0.2692307692307692 0.8966346153846154 0.04326923076923077 0.057692307692307696
3 0.22355769230769232 0.9134615384615384 0.04807692307692308 0.09134615384615384
3 0.3269230769230769 0.7091346153846154 0.09615384615384616 0.09134615384615384
3 0.84375 0.9038461538461539 0.09615384615384616 0.1875
3 0.8197115384615384 0.8798076923076923 0.08173076923076923 0.21634615384615385
3 0.7776442307692307 0.8762019230769231 0.06971153846153846 0.24278846153846154
3 0.7920673076923077 0.6213942307692307 0.0985576923076923 0.17548076923076922
3 0.75 0.5024038461538461 0.09134615384615384 0.1971153846153846
3 0.7223557692307693 0.1971153846153846 0.06971153846153846 0.07211538461538461
3 0.7331730769230769 0.29086538461538464 0.13942307692307693 0.15865384615384615
3 0.6862980769230769 0.0673076923076923 0.06009615384615385 0.08653846153846154
3 0.7259615384615384 0.05048076923076923 0.04326923076923077 0.08653846153846154
3 0.8341346153846154 0.3317307692307692 0.0625 0.1346153846153846
3 0.8341346153846154 0.4735576923076923 0.07692307692307693 0.07211538461538461
3 0.8774038461538461 0.6550480769230769 0.0625 0.21875
3 0.9026442307692307 0.9170673076923077 0.06009615384615385 0.07932692307692307
3 0.6105769230769231 0.16105769230769232 0.08173076923076923 0.09134615384615384
3 0.6033653846153846 0.2764423076923077 0.04807692307692308 0.08653846153846154
3 0.6201923076923077 0.33413461538461536 0.0625 0.07211538461538461
3 0.5853365384615384 0.3581730769230769 0.06971153846153846 0.09134615384615384
3 0.5336538461538461 0.35096153846153844 0.04326923076923077 0.15384615384615385
3 0.5504807692307693 0.25961538461538464 0.09134615384615384 0.0625
3 0.5432692307692307 0.19230769230769232 0.057692307692307696 0.07211538461538461
3 0.5444711538461539 0.11298076923076923 0.04567307692307692 0.07211538461538461
3 0.5 0.1346153846153846 0.052884615384615384 0.08653846153846154
3 0.5060096153846154 0.052884615384615384 0.06009615384615385 0.0673076923076923
3 0.46033653846153844 0.036057692307692304 0.06009615384615385 0.057692307692307696
3 0.5024038461538461 0.32211538461538464 0.038461538461538464 0.07211538461538461
3 0.47115384615384615 0.4375 0.07211538461538461 0.10096153846153846
3 0.47716346153846156 0.5120192307692307 0.06971153846153846 0.10096153846153846
3 0.5432692307692307 0.6225961538461539 0.0625 0.10576923076923077
3 0.5504807692307693 0.84375 0.03365384615384615 0.125
3 0.6514423076923077 0.9182692307692307 0.08173076923076923 0.057692307692307696
3 0.6442307692307693 0.8317307692307693 0.07211538461538461 0.07211538461538461
3 0.6201923076923077 0.7487980769230769 0.04326923076923077 0.1466346153846154
3 0.6129807692307693 0.6274038461538461 0.04807692307692308 0.08653846153846154
3 0.6658653846153846 0.5600961538461539 0.07692307692307693 0.10576923076923077
3 0.3137019230769231 0.9723557692307693 0.055288461538461536 0.055288461538461536
3 0.3545673076923077 0.9663461538461539 0.04567307692307692 0.07211538461538461
3 0.125 0.9471153846153846 0.052884615384615384 0.09134615384615384
3 0.15504807692307693 0.9302884615384616 0.03125 0.09134615384615384
3 0.1658653846153846 0.8653846153846154 0.02403846153846154 0.07211538461538461
3 0.20552884615384615 0.8401442307692307 0.03125 0.1466346153846154
3 0.3425480769230769 0.23197115384615385 0.12259615384615384 0.2091346153846154
3 0.328125 0.20432692307692307 0.16105769230769232 0.1201923076923077
3 0.34375 0.15865384615384615 0.125 0.09615384615384616
3 0.3317307692307692 0.09375 0.125 0.125
3 0.3737980769230769 0.04567307692307692 0.06009615384615385 0.07211538461538461
3 0.3269230769230769 0.3605769230769231 0.04807692307692308 0.1201923076923077
3 0.2848557692307692 0.4543269230769231 0.04567307692307692 0.22596153846153846
3 0.27163461538461536 0.5913461538461539 0.11538461538461539 0.22596153846153846
3 0.23557692307692307 0.6225961538461539 0.08173076923076923 0.1201923076923077
3 0.46875 0.8076923076923077 0.08653846153846154 0.07211538461538461
3 0.4807692307692308 0.7596153846153846 0.057692307692307696 0.0673076923076923
3 0.45552884615384615 0.7103365384615384 0.06971153846153846 0.18028846153846154
3 0.5612980769230769 0.984375 0.15625 0.03125
3 0.4170673076923077 0.9723557692307693 0.04567307692307692 0.055288461538461536
3 0.46875 0.9206730769230769 0.04807692307692308 0.07211538461538461
3 0.7151442307692307 0.8653846153846154 0.05048076923076923 0.2692307692307692
3 0.5348557692307693 0.5024038461538461 0.9350961538461539 0.9951923076923077
