3 0.1045673076923077 0.7572115384615384 0.15144230769230768 0.24519230769230768
3 0.1141826923076923 0.3112980769230769 0.2091346153846154 0.3581730769230769
3 0.30288461538461536 0.7524038461538461 0.19230769230769232 0.2403846153846154
3 0.3245192307692308 0.2956730769230769 0.1778846153846154 0.30288461538461536
3 0.5120192307692307 0.28125 0.16346153846153846 0.25961538461538464
3 0.5 0.7403846153846154 0.17307692307692307 0.21634615384615385
3 0.6730769230769231 0.7283653846153846 0.15384615384615385 0.19230769230769232
3 0.8221153846153846 0.7067307692307693 0.11538461538461539 0.14903846153846154
3 0.9447115384615384 0.6983173076923077 0.09134615384615384 0.11778846153846154
3 0.6814903846153846 0.27884615384615385 0.14182692307692307 0.2644230769230769
3 0.8245192307692307 0.25721153846153844 0.125 0.23557692307692307
3 0.9483173076923077 0.23076923076923078 0.10336538461538461 0.17307692307692307
