3 0.27283653846153844 0.6959134615384616 0.4735576923076923 0.4831730769230769
3 0.30288461538461536 0.5360576923076923 0.5913461538461539 0.36538461538461536
3 0.24278846153846154 0.5985576923076923 0.46634615384615385 0.46153846153846156
3 0.8533653846153846 0.75 0.2932692307692308 0.23076923076923078
3 0.65625 0.9423076923076923 0.6875 0.11538461538461539
3 0.109375 0.2620192307692308 0.20432692307692307 0.19230769230769232
3 0.17548076923076922 0.09615384615384616 0.3317307692307692 0.1778846153846154
3 0.6129807692307693 0.14182692307692307 0.6298076923076923 0.27403846153846156
3 0.6862980769230769 0.3173076923076923 0.5697115384615384 0.4182692307692308
3 0.7475961538461539 0.3918269230769231 0.40384615384615385 0.49038461538461536
3 0.5012019230769231 0.5108173076923077 0.5216346153846154 0.49759615384615385
3 0.6586538461538461 0.8076923076923077 0.5144230769230769 0.25961538461538464
3 0.9230769230769231 0.5372596153846154 0.15384615384615385 0.30528846153846156
3 0.20192307692307693 0.9350961538461539 0.22596153846153846 0.12980769230769232
