3 0.8774038461538461 0.15865384615384615 0.2403846153846154 0.3076923076923077
3 0.8834134615384616 0.4891826923076923 0.2283653846153846 0.35336538461538464
3 0.8762019230769231 0.8293269230769231 0.24278846153846154 0.34134615384615385
3 0.6850961538461539 0.5036057692307693 0.2403846153846154 0.34375
3 0.6586538461538461 0.17067307692307693 0.24519230769230768 0.3317307692307692
3 0.46153846153846156 0.19951923076923078 0.25 0.3173076923076923
3 0.4735576923076923 0.021634615384615384 0.2644230769230769 0.028846153846153848
3 0.27403846153846156 0.19230769230769232 0.25 0.3125
3 0.11298076923076923 0.19230769230769232 0.21153846153846154 0.30288461538461536
3 0.11057692307692307 0.5288461538461539 0.19230769230769232 0.28846153846153844
3 0.11658653846153846 0.8233173076923077 0.2283653846153846 0.2956730769230769
3 0.3016826923076923 0.9867788461538461 0.20432692307692307 0.026442307692307692
3 0.2860576923076923 0.8257211538461539 0.2644230769230769 0.31971153846153844
3 0.47716346153846156 0.8425480769230769 0.24759615384615385 0.31490384615384615
3 0.6790865384615384 0.8413461538461539 0.24278846153846154 0.3173076923076923
3 0.49038461538461536 0.5240384615384616 0.2644230769230769 0.3317307692307692
3 0.2860576923076923 0.5072115384615384 0.2403846153846154 0.3076923076923077
