3 0.3545673076923077 0.17548076923076922 0.5024038461538461 0.3317307692307692
3 0.8028846153846154 0.15264423076923078 0.3942307692307692 0.29086538461538464
3 0.6442307692307693 0.3112980769230769 0.44711538461538464 0.5408653846153846
3 0.2283653846153846 0.34375 0.41346153846153844 0.5096153846153846
3 0.056490384615384616 0.18990384615384615 0.0985576923076923 0.3605769230769231
3 0.9314903846153846 0.38100961538461536 0.13701923076923078 0.2668269230769231
3 0.8521634615384616 0.5300480769230769 0.2956730769230769 0.3918269230769231
3 0.5120192307692307 0.5564903846153846 0.3798076923076923 0.4206730769230769
3 0.16826923076923078 0.6057692307692307 0.32211538461538464 0.36538461538461536
3 0.10817307692307693 0.8365384615384616 0.20192307692307693 0.19230769230769232
3 0.37740384615384615 0.7596153846153846 0.3125 0.3125
3 0.7223557692307693 0.7524038461538461 0.33413461538461536 0.3076923076923077
3 0.9447115384615384 0.7860576923076923 0.11057692307692307 0.14903846153846154
