3 0.75 0.9158653846153846 0.34615384615384615 0.16826923076923078
3 0.6430288461538461 0.8028846153846154 0.21875 0.11538461538461539
3 0.41947115384615385 0.9411057692307693 0.21875 0.0985576923076923
3 0.3125 0.7632211538461539 0.23557692307692307 0.09375
3 0.43509615384615385 0.7788461538461539 0.11538461538461539 0.1875
3 0.4375 0.6610576923076923 0.20192307692307693 0.1201923076923077
3 0.5504807692307693 0.5612980769230769 0.16346153846153846 0.0985576923076923
3 0.6778846153846154 0.6370192307692307 0.20673076923076922 0.11538461538461539
3 0.6033653846153846 0.7091346153846154 0.19230769230769232 0.1346153846153846
3 0.7860576923076923 0.7451923076923077 0.21153846153846154 0.125
3 0.8293269230769231 0.71875 0.14423076923076922 0.33653846153846156
3 0.9387019230769231 0.7307692307692307 0.12259615384615384 0.28365384615384615
3 0.7716346153846154 0.5288461538461539 0.2932692307692308 0.125
3 0.6057692307692307 0.4639423076923077 0.625 0.2644230769230769
3 0.5625 0.3629807692307692 0.6009615384615384 0.28846153846153844
3 0.37740384615384615 0.34134615384615385 0.6875 0.375
3 0.3557692307692308 0.2403846153846154 0.6682692307692307 0.30288461538461536
3 0.3545673076923077 0.12980769230769232 0.6514423076923077 0.24519230769230768
