3 0.4483173076923077 0.6358173076923077 0.6177884615384616 0.2283653846153846
3 0.6430288461538461 0.8137019230769231 0.2956730769230769 0.13221153846153846
3 0.6971153846153846 0.9230769230769231 0.6057692307692307 0.15384615384615385
3 0.35216346153846156 0.8725961538461539 0.2956730769230769 0.2548076923076923
3 0.125 0.8762019230769231 0.23557692307692307 0.18990384615384615
3 0.0625 0.7716346153846154 0.11057692307692307 0.15384615384615385
3 0.21153846153846154 0.4254807692307692 0.40384615384615385 0.5048076923076923
3 0.24278846153846154 0.1346153846153846 0.28365384615384615 0.21153846153846154
3 0.16346153846153846 0.078125 0.3125 0.1466346153846154
3 0.5456730769230769 0.09975961538461539 0.33653846153846156 0.18990384615384615
3 0.5384615384615384 0.3557692307692308 0.27403846153846156 0.22115384615384615
3 0.5048076923076923 0.5252403846153846 0.25 0.12259615384615384
3 0.45552884615384615 0.34615384615384615 0.3389423076923077 0.4807692307692308
3 0.7788461538461539 0.35336538461538464 0.3942307692307692 0.1971153846153846
3 0.5865384615384616 0.21394230769230768 0.27403846153846156 0.10096153846153846
3 0.8533653846153846 0.15264423076923078 0.2932692307692308 0.2956730769230769
3 0.8617788461538461 0.5516826923076923 0.2764423076923077 0.44471153846153844
