3 0.8725961538461539 0.5540865384615384 0.17307692307692307 0.46875
3 0.8701923076923077 0.3317307692307692 0.10576923076923077 0.1971153846153846
3 0.7764423076923077 0.9194711538461539 0.20673076923076922 0.12259615384615384
3 0.7367788461538461 0.7115384615384616 0.31009615384615385 0.47115384615384615
3 0.7463942307692307 0.5576923076923077 0.1658653846153846 0.2644230769230769
3 0.6935096153846154 0.24639423076923078 0.17067307692307693 0.4110576923076923
3 0.49158653846153844 0.23557692307692307 0.3004807692307692 0.4326923076923077
3 0.5348557692307693 0.6177884615384616 0.18509615384615385 0.42788461538461536
3 0.4651442307692308 0.8233173076923077 0.2956730769230769 0.31490384615384615
3 0.18269230769230768 0.24639423076923078 0.30288461538461536 0.4110576923076923
3 0.3112980769230769 0.6177884615384616 0.2620192307692308 0.5384615384615384
3 0.21875 0.7752403846153846 0.20192307692307693 0.44471153846153844
3 0.21033653846153846 0.5492788461538461 0.15625 0.1466346153846154
3 0.10216346153846154 0.6069711538461539 0.08413461538461539 0.37259615384615385
