3 0.328125 0.8028846153846154 0.37740384615384615 0.1875
3 0.5709134615384616 0.7259615384615384 0.5793269230769231 0.28846153846153844
3 0.1971153846153846 0.5997596153846154 0.2692307692307692 0.20432692307692307
3 0.4855769230769231 0.5240384615384616 0.40865384615384615 0.11538461538461539
3 0.5216346153846154 0.3701923076923077 0.35096153846153844 0.14423076923076922
3 0.29086538461538464 0.4675480769230769 0.16826923076923078 0.06490384615384616
3 0.3389423076923077 0.38461538461538464 0.23557692307692307 0.11057692307692307
3 0.2932692307692308 0.3004807692307692 0.16346153846153846 0.0625
3 0.7692307692307693 0.21514423076923078 0.16346153846153846 0.08413461538461539
3 0.6105769230769231 0.21875 0.1971153846153846 0.10096153846153846
3 0.43028846153846156 0.22596153846153846 0.23076923076923078 0.125
3 0.3329326923076923 0.20552884615384615 0.3004807692307692 0.11298076923076923
