3 0.6538461538461539 0.20432692307692307 0.32211538461538464 0.38461538461538464
3 0.47475961538461536 0.20673076923076922 0.25240384615384615 0.3894230769230769
3 0.32211538461538464 0.2091346153846154 0.16346153846153846 0.3701923076923077
3 0.23557692307692307 0.4519230769230769 0.27884615384615385 0.3557692307692308
3 0.1971153846153846 0.19230769230769232 0.32211538461538464 0.3605769230769231
3 0.2548076923076923 0.7980769230769231 0.3557692307692308 0.35096153846153844
3 0.11538461538461539 0.8016826923076923 0.1875 0.34375
3 0.8509615384615384 0.6826923076923077 0.27403846153846156 0.38461538461538464
3 0.7163461538461539 0.4951923076923077 0.32211538461538464 0.2548076923076923
3 0.4951923076923077 0.5084134615384616 0.18269230769230768 0.2283653846153846
3 0.35096153846153844 0.5084134615384616 0.11538461538461539 0.23317307692307693
3 0.6586538461538461 0.8064903846153846 0.28365384615384615 0.37740384615384615
3 0.46153846153846156 0.8125 0.1875 0.3798076923076923
3 0.3293269230769231 0.8100961538461539 0.16826923076923078 0.3701923076923077
