3 0.37740384615384615 0.5048076923076923 0.14423076923076922 0.20192307692307693
3 0.5180288461538461 0.39663461538461536 0.15625 0.1971153846153846
3 0.5096153846153846 0.5985576923076923 0.14903846153846154 0.1971153846153846
3 0.6430288461538461 0.6995192307692307 0.1658653846153846 0.1971153846153846
3 0.7560096153846154 0.7992788461538461 0.16105769230769232 0.18509615384615385
3 0.8774038461538461 0.8918269230769231 0.18269230769230768 0.1875
3 0.6454326923076923 0.49278846153846156 0.17067307692307693 0.19230769230769232
3 0.7764423076923077 0.5949519230769231 0.13942307692307693 0.18509615384615385
3 0.8918269230769231 0.6887019230769231 0.18269230769230768 0.18028846153846154
3 0.8942307692307693 0.4879807692307692 0.1875 0.1875
3 0.7752403846153846 0.39903846153846156 0.17548076923076922 0.19230769230769232
3 0.6454326923076923 0.2932692307692308 0.16105769230769232 0.19230769230769232
3 0.7728365384615384 0.1971153846153846 0.17067307692307693 0.19230769230769232
3 0.8882211538461539 0.1045673076923077 0.17067307692307693 0.18509615384615385
3 0.9158653846153846 0.2920673076923077 0.125 0.18509615384615385
