3 0.4254807692307692 0.17307692307692307 0.5721153846153846 0.22115384615384615
3 0.4110576923076923 0.4014423076923077 0.5721153846153846 0.23076923076923078
3 0.39663461538461536 0.6466346153846154 0.6009615384615384 0.2403846153846154
3 0.4423076923076923 0.8485576923076923 0.5528846153846154 0.1778846153846154
3 0.7764423076923077 0.6947115384615384 0.24519230769230768 0.13942307692307693
3 0.7992788461538461 0.53125 0.25721153846153844 0.16826923076923078
3 0.78125 0.38461538461538464 0.2692307692307692 0.18269230769230768
3 0.7752403846153846 0.20192307692307693 0.22355769230769232 0.0625
3 0.8353365384615384 0.24519230769230768 0.06009615384615385 0.0625
3 0.8100961538461539 0.7728365384615384 0.20192307692307693 0.08413461538461539
