3 0.578125 0.046875 0.11778846153846154 0.0889423076923077
3 0.6646634615384616 0.09495192307692307 0.06490384615384616 0.09375
3 0.6875 0.04567307692307692 0.057692307692307696 0.057692307692307696
3 0.7512019230769231 0.06370192307692307 0.09375 0.08413461538461539
3 0.828125 0.10817307692307693 0.055288461538461536 0.0673076923076923
3 0.04927884615384615 0.8425480769230769 0.06009615384615385 0.08413461538461539
3 0.015625 0.7896634615384616 0.026442307692307692 0.10817307692307693
3 0.9230769230769231 0.9074519230769231 0.07211538461538461 0.12740384615384615
3 0.7740384615384616 0.9182692307692307 0.21634615384615385 0.13942307692307693
3 0.6875 0.9122596153846154 0.11538461538461539 0.17067307692307693
3 0.6514423076923077 0.8810096153846154 0.10096153846153846 0.17067307692307693
3 0.5060096153846154 0.859375 0.10336538461538461 0.10336538461538461
3 0.5084134615384616 0.9507211538461539 0.06009615384615385 0.09375
3 0.36778846153846156 0.9459134615384616 0.1346153846153846 0.10336538461538461
3 0.30408653846153844 0.8942307692307693 0.06971153846153846 0.20673076923076922
3 0.4230769230769231 0.7632211538461539 0.16826923076923078 0.055288461538461536
3 0.3713942307692308 0.8653846153846154 0.07932692307692307 0.07692307692307693
3 0.171875 0.8762019230769231 0.09375 0.11778846153846154
3 0.20552884615384615 0.7740384615384616 0.05048076923076923 0.07692307692307693
3 0.4074519230769231 0.8449519230769231 0.06009615384615385 0.0889423076923077
3 0.27283653846153844 0.7295673076923077 0.08413461538461539 0.11298076923076923
3 0.4074519230769231 0.6526442307692307 0.06971153846153846 0.10336538461538461
3 0.5096153846153846 0.6862980769230769 0.08173076923076923 0.10817307692307693
3 0.7403846153846154 0.7391826923076923 0.038461538461538464 0.11298076923076923
3 0.9615384615384616 0.7211538461538461 0.07692307692307693 0.08653846153846154
3 0.15865384615384615 0.6574519230769231 0.0673076923076923 0.10336538461538461
3 0.0985576923076923 0.6706730769230769 0.057692307692307696 0.0673076923076923
3 0.11057692307692307 0.71875 0.04807692307692308 0.052884615384615384
3 0.037259615384615384 0.6514423076923077 0.06971153846153846 0.0625
3 0.0625 0.5432692307692307 0.03365384615384615 0.0625
3 0.20192307692307693 0.5793269230769231 0.1346153846153846 0.125
3 0.7956730769230769 0.8040865384615384 0.10096153846153846 0.0889423076923077
3 0.8629807692307693 0.7752403846153846 0.04807692307692308 0.06009615384615385
3 0.875 0.7055288461538461 0.11538461538461539 0.17067307692307693
3 0.7740384615384616 0.6213942307692307 0.15865384615384615 0.3004807692307692
3 0.6153846153846154 0.5793269230769231 0.09615384615384616 0.1346153846153846
3 0.5276442307692307 0.6490384615384616 0.12259615384615384 0.13942307692307693
3 0.4651442307692308 0.5360576923076923 0.10817307692307693 0.13942307692307693
3 0.9230769230769231 0.16947115384615385 0.07211538461538461 0.0889423076923077
3 0.43509615384615385 0.04927884615384615 0.052884615384615384 0.08413461538461539
3 0.4675480769230769 0.07932692307692307 0.036057692307692304 0.052884615384615384
3 0.4951923076923077 0.09735576923076923 0.03365384615384615 0.04567307692307692
3 0.5216346153846154 0.13942307692307693 0.04326923076923077 0.057692307692307696
3 0.5504807692307693 0.09375 0.038461538461538464 0.0673076923076923
3 0.5829326923076923 0.12980769230769232 0.05048076923076923 0.0673076923076923
3 0.6862980769230769 0.17067307692307693 0.22355769230769232 0.07692307692307693
3 0.859375 0.18509615384615385 0.05048076923076923 0.08653846153846154
3 0.8822115384615384 0.24759615384615385 0.08653846153846154 0.09615384615384616
3 0.9579326923076923 0.31490384615384615 0.07932692307692307 0.14903846153846154
3 0.9651442307692307 0.21634615384615385 0.06490384615384616 0.07692307692307693
3 0.7884615384615384 0.43509615384615385 0.08173076923076923 0.09134615384615384
3 0.8762019230769231 0.4411057692307692 0.06971153846153846 0.09375
3 0.8978365384615384 0.5276442307692307 0.08413461538461539 0.10336538461538461
3 0.6009615384615384 0.4326923076923077 0.13942307692307693 0.15865384615384615
3 0.20432692307692307 0.11057692307692307 0.15384615384615385 0.16346153846153846
3 0.3112980769230769 0.11538461538461539 0.06971153846153846 0.09134615384615384
3 0.24519230769230768 0.14423076923076922 0.07692307692307693 0.08653846153846154
3 0.21634615384615385 0.2247596153846154 0.07692307692307693 0.10336538461538461
3 0.1778846153846154 0.28846153846153844 0.07211538461538461 0.1201923076923077
3 0.12980769230769232 0.38100961538461536 0.07692307692307693 0.026442307692307692
3 0.08173076923076923 0.453125 0.14423076923076922 0.10817307692307693
3 0.34615384615384615 0.3605769230769231 0.07692307692307693 0.057692307692307696
3 0.25 0.4050480769230769 0.13942307692307693 0.18509615384615385
3 0.3293269230769231 0.27524038461538464 0.1346153846153846 0.12259615384615384
3 0.2512019230769231 0.30528846153846156 0.036057692307692304 0.0673076923076923
3 0.7451923076923077 0.3016826923076923 0.057692307692307696 0.06009615384615385
3 0.8233173076923077 0.3557692307692308 0.040865384615384616 0.0673076923076923
3 0.6682692307692307 0.26322115384615385 0.057692307692307696 0.0889423076923077
3 0.6021634615384616 0.24759615384615385 0.06971153846153846 0.08653846153846154
3 0.6081730769230769 0.3401442307692308 0.052884615384615384 0.0985576923076923
3 0.5492788461538461 0.4014423076923077 0.07451923076923077 0.09615384615384616
3 0.4651442307692308 0.42788461538461536 0.06971153846153846 0.0673076923076923
3 0.421875 0.2283653846153846 0.11298076923076923 0.28365384615384615
3 0.3942307692307692 0.14783653846153846 0.04326923076923077 0.040865384615384616
3 0.41586538461538464 0.2283653846153846 0.04807692307692308 0.07692307692307693
3 0.6935096153846154 0.40024038461538464 0.06009615384615385 0.10336538461538461
3 0.7223557692307693 0.25841346153846156 0.05048076923076923 0.10817307692307693
3 0.7956730769230769 0.21033653846153846 0.07211538461538461 0.11298076923076923
3 0.38341346153846156 0.5432692307692307 0.05048076923076923 0.08173076923076923
3 0.2776442307692308 0.4951923076923077 0.06971153846153846 0.13942307692307693
3 0.359375 0.43149038461538464 0.05048076923076923 0.10336538461538461
3 0.5204326923076923 0.3329326923076923 0.06971153846153846 0.11298076923076923
3 0.5084134615384616 0.24759615384615385 0.055288461538461536 0.0673076923076923
