3 0.7019230769230769 0.8353365384615384 0.34615384615384615 0.10817307692307693
3 0.46634615384615385 0.7427884615384616 0.36538461538461536 0.22115384615384615
3 0.7800480769230769 0.7463942307692307 0.2620192307692308 0.07932692307692307
3 0.8725961538461539 0.6502403846153846 0.15384615384615385 0.11778846153846154
3 0.6622596153846154 0.640625 0.3293269230769231 0.15144230769230768
3 0.4735576923076923 0.5540865384615384 0.47596153846153844 0.17548076923076922
3 0.6394230769230769 0.5072115384615384 0.12980769230769232 0.09615384615384616
3 0.8028846153846154 0.5432692307692307 0.20673076923076922 0.10576923076923077
3 0.8052884615384616 0.41346153846153844 0.25 0.1875
3 0.5697115384615384 0.42788461538461536 0.27884615384615385 0.11538461538461539
3 0.390625 0.4230769230769231 0.10336538461538461 0.09134615384615384
3 0.2403846153846154 0.4230769230769231 0.22115384615384615 0.10576923076923077
3 0.38100961538461536 0.33413461538461536 0.17067307692307693 0.11057692307692307
3 0.5769230769230769 0.31971153846153844 0.20673076923076922 0.08173076923076923
3 0.7067307692307693 0.2548076923076923 0.3701923076923077 0.125
