3 0.8882211538461539 0.6346153846153846 0.13701923076923078 0.2980769230769231
3 0.7596153846153846 0.49038461538461536 0.2644230769230769 0.5576923076923077
3 0.5120192307692307 0.6225961538461539 0.2403846153846154 0.2692307692307692
3 0.36177884615384615 0.5096153846153846 0.2283653846153846 0.3269230769230769
3 0.15144230769230768 0.45072115384615385 0.18269230769230768 0.3004807692307692
3 0.22355769230769232 0.6610576923076923 0.33653846153846156 0.3173076923076923
3 0.25240384615384615 0.3233173076923077 0.1346153846153846 0.22355769230769232
3 0.59375 0.22716346153846154 0.25961538461538464 0.28125
3 0.53125 0.25721153846153844 0.27884615384615385 0.25
3 0.5372596153846154 0.36538461538461536 0.21394230769230768 0.0673076923076923
3 0.5324519230769231 0.41586538461538464 0.19471153846153846 0.0673076923076923
3 0.5420673076923077 0.4651442307692308 0.18028846153846154 0.0889423076923077
