3 0.7259615384615384 0.6802884615384616 0.5288461538461539 0.16826923076923078
3 0.7211538461538461 0.46634615384615385 0.5144230769230769 0.16346153846153846
3 0.7163461538461539 0.24278846153846154 0.5336538461538461 0.16826923076923078
0 0.3894230769230769 0.7427884615384616 0.22115384615384615 0.11538461538461539
0 0.33413461538461536 0.8257211538461539 0.22115384615384615 0.11778846153846154
0 0.22596153846153846 0.7079326923076923 0.22115384615384615 0.13701923076923078
0 0.4495192307692308 0.7932692307692307 0.10096153846153846 0.09134615384615384
0 0.1814903846153846 0.6105769230769231 0.13221153846153846 0.09134615384615384
0 0.24759615384615385 0.5576923076923077 0.1875 0.1346153846153846
0 0.3701923076923077 0.47836538461538464 0.15865384615384615 0.11538461538461539
0 0.2668269230769231 0.3954326923076923 0.1778846153846154 0.12259615384615384
0 0.3076923076923077 0.4254807692307692 0.1201923076923077 0.14423076923076922
0 0.2764423076923077 0.49038461538461536 0.04326923076923077 0.038461538461538464
0 0.3389423076923077 0.2620192307692308 0.18269230769230768 0.125
0 0.3870192307692308 0.3317307692307692 0.125 0.11057692307692307
0 0.16947115384615385 0.21153846153846154 0.19471153846153846 0.14423076923076922
0 0.31971153846153844 0.1201923076923077 0.24519230769230768 0.1778846153846154
0 0.4182692307692308 0.1658653846153846 0.13942307692307693 0.08653846153846154
