3 0.6526442307692307 0.8233173076923077 0.6899038461538461 0.35336538461538464
3 0.28125 0.9026442307692307 0.08653846153846154 0.18990384615384615
3 0.5769230769230769 0.5600961538461539 0.7211538461538461 0.34615384615384615
3 0.6574519230769231 0.27403846153846156 0.6802884615384616 0.4182692307692308
3 0.484375 0.06009615384615385 0.43509615384615385 0.11538461538461539
3 0.16105769230769232 0.23076923076923078 0.3125 0.34615384615384615
3 0.19471153846153846 0.5144230769230769 0.08653846153846154 0.1971153846153846
3 0.20072115384615385 0.9206730769230769 0.07451923076923077 0.12980769230769232
3 0.14182692307692307 0.7512019230769231 0.27403846153846156 0.3485576923076923
0 0.9350961538461539 0.36778846153846156 0.125 0.2932692307692308
0 0.9098557692307693 0.07211538461538461 0.17548076923076922 0.13942307692307693
0 0.7463942307692307 0.038461538461538464 0.17548076923076922 0.07211538461538461
