3 0.14543269230769232 0.4014423076923077 0.2764423076923077 0.27403846153846156
3 0.18028846153846154 0.0985576923076923 0.18269230769230768 0.19230769230769232
3 0.09735576923076923 0.037259615384615384 0.18990384615384615 0.06490384615384616
3 0.14182692307692307 0.037259615384615384 0.03365384615384615 0.06490384615384616
3 0.1201923076923077 0.09134615384615384 0.02403846153846154 0.0673076923076923
3 0.09254807692307693 0.11057692307692307 0.021634615384615384 0.07211538461538461
3 0.09375 0.1141826923076923 0.10096153846153846 0.06009615384615385
3 0.021634615384615384 0.11658653846153846 0.028846153846153848 0.0985576923076923
3 0.15264423076923078 0.15384615384615385 0.23317307692307693 0.20192307692307693
3 0.057692307692307696 0.2824519230769231 0.10096153846153846 0.0985576923076923
3 0.14903846153846154 0.24278846153846154 0.07692307692307693 0.17307692307692307
3 0.1141826923076923 0.27884615384615385 0.07932692307692307 0.23557692307692307
3 0.046875 0.39903846153846156 0.021634615384615384 0.038461538461538464
3 0.25 0.27403846153846156 0.11057692307692307 0.11538461538461539
3 0.4795673076923077 0.3245192307692308 0.3004807692307692 0.16346153846153846
3 0.39903846153846156 0.17067307692307693 0.03365384615384615 0.19230769230769232
3 0.31971153846153844 0.06370192307692307 0.09134615384615384 0.0985576923076923
3 0.3233173076923077 0.1658653846153846 0.11298076923076923 0.1875
3 0.15384615384615385 0.53125 0.02403846153846154 0.08173076923076923
3 0.12860576923076922 0.5360576923076923 0.026442307692307692 0.08173076923076923
3 0.09495192307692307 0.5444711538461539 0.17067307692307693 0.0985576923076923
3 0.09975961538461539 0.4951923076923077 0.18509615384615385 0.1971153846153846
3 0.23197115384615385 0.5661057692307693 0.07932692307692307 0.0889423076923077
3 0.09975961538461539 0.6610576923076923 0.18509615384615385 0.15865384615384615
3 0.03365384615384615 0.6514423076923077 0.052884615384615384 0.04807692307692308
3 0.0889423076923077 0.6225961538461539 0.09615384615384616 0.08173076923076923
3 0.24519230769230768 0.8221153846153846 0.15384615384615385 0.35096153846153844
3 0.23197115384615385 0.7956730769230769 0.21875 0.08653846153846154
3 0.08533653846153846 0.8966346153846154 0.15625 0.20192307692307693
3 0.14302884615384615 0.9711538461538461 0.11298076923076923 0.052884615384615384
3 0.19951923076923078 0.9350961538461539 0.08653846153846154 0.125
3 0.4230769230769231 0.484375 0.3125 0.2620192307692308
3 0.2980769230769231 0.49158653846153844 0.04807692307692308 0.10336538461538461
3 0.41586538461538464 0.41346153846153844 0.15865384615384615 0.16346153846153846
3 0.4495192307692308 0.375 0.038461538461538464 0.07692307692307693
3 0.43149038461538464 0.38461538461538464 0.036057692307692304 0.07692307692307693
3 0.39783653846153844 0.41586538461538464 0.036057692307692304 0.07211538461538461
3 0.32572115384615385 0.39663461538461536 0.23317307692307693 0.15384615384615385
3 0.421875 0.16346153846153846 0.14182692307692307 0.20192307692307693
3 0.5949519230769231 0.84375 0.34375 0.3076923076923077
3 0.7668269230769231 0.8473557692307693 0.13942307692307693 0.18028846153846154
3 0.75 0.8665865384615384 0.0625 0.0985576923076923
3 0.890625 0.9338942307692307 0.21875 0.11778846153846154
3 0.9026442307692307 0.9074519230769231 0.19471153846153846 0.0985576923076923
3 0.5 0.7788461538461539 0.1971153846153846 0.28365384615384615
3 0.49278846153846156 0.8497596153846154 0.19230769230769232 0.0985576923076923
3 0.9086538461538461 0.09254807692307693 0.18269230769230768 0.17548076923076922
3 0.9254807692307693 0.11538461538461539 0.038461538461538464 0.08173076923076923
3 0.9543269230769231 0.15985576923076922 0.038461538461538464 0.06009615384615385
3 0.7908653846153846 0.051682692307692304 0.052884615384615384 0.0889423076923077
3 0.7620192307692307 0.09014423076923077 0.08173076923076923 0.0985576923076923
3 0.6634615384615384 0.04447115384615385 0.14423076923076922 0.07932692307692307
3 0.5889423076923077 0.040865384615384616 0.07692307692307693 0.04326923076923077
3 0.9723557692307693 0.26802884615384615 0.055288461538461536 0.09375
3 0.8473557692307693 0.33413461538461536 0.30528846153846156 0.052884615384615384
3 0.9759615384615384 0.45072115384615385 0.04807692307692308 0.2091346153846154
3 0.6033653846153846 0.9711538461538461 0.028846153846153848 0.052884615384615384
3 0.59375 0.9350961538461539 0.028846153846153848 0.125
3 0.5600961538461539 0.9483173076923077 0.028846153846153848 0.0985576923076923
3 0.33052884615384615 0.8822115384615384 0.055288461538461536 0.04326923076923077
3 0.33052884615384615 0.9182692307692307 0.055288461538461536 0.04807692307692308
3 0.3329326923076923 0.8413461538461539 0.05048076923076923 0.2692307692307692
3 0.36538461538461536 0.9038461538461539 0.028846153846153848 0.11057692307692307
3 0.49278846153846156 0.84375 0.19230769230769232 0.07692307692307693
3 0.6346153846153846 0.7067307692307693 0.07692307692307693 0.15384615384615385
3 0.6850961538461539 0.6899038461538461 0.0673076923076923 0.08173076923076923
3 0.7644230769230769 0.6069711538461539 0.23076923076923078 0.18028846153846154
3 0.5168269230769231 0.6153846153846154 0.39903846153846156 0.08653846153846154
3 0.96875 0.8581730769230769 0.0625 0.0625
3 0.9110576923076923 0.8509615384615384 0.038461538461538464 0.03365384615384615
3 0.9158653846153846 0.8161057692307693 0.16826923076923078 0.055288461538461536
3 0.8653846153846154 0.7644230769230769 0.04326923076923077 0.07211538461538461
3 0.9134615384615384 0.8653846153846154 0.04807692307692308 0.25
3 0.8822115384615384 0.7103365384615384 0.11057692307692307 0.10336538461538461
3 0.78125 0.6862980769230769 0.057692307692307696 0.0985576923076923
3 0.7379807692307693 0.5949519230769231 0.18269230769230768 0.13701923076923078
3 0.47115384615384615 0.5600961538461539 0.18269230769230768 0.35096153846153844
3 0.6177884615384616 0.45072115384615385 0.21634615384615385 0.0985576923076923
3 0.7860576923076923 0.43028846153846156 0.22596153846153846 0.16346153846153846
3 0.6358173076923077 0.23557692307692307 0.19951923076923078 0.15865384615384615
3 0.5637019230769231 0.09375 0.19951923076923078 0.1778846153846154
3 0.3557692307692308 0.037259615384615384 0.15865384615384615 0.06490384615384616
3 0.8125 0.2620192307692308 0.052884615384615384 0.08173076923076923
3 0.8846153846153846 0.37259615384615385 0.13942307692307693 0.08173076923076923
3 0.8088942307692307 0.43028846153846156 0.17067307692307693 0.15384615384615385
3 0.7992788461538461 0.3894230769230769 0.021634615384615384 0.04807692307692308
3 0.2283653846153846 0.5817307692307693 0.07211538461538461 0.11057692307692307
3 0.10096153846153846 0.48677884615384615 0.1875 0.18028846153846154
3 0.5012019230769231 0.5024038461538461 0.9975961538461539 0.9951923076923077
