3 0.3125 0.38100961538461536 0.3125 0.29086538461538464
3 0.12139423076923077 0.41947115384615385 0.1466346153846154 0.23798076923076922
3 0.16826923076923078 0.6790865384615384 0.17307692307692307 0.24278846153846154
3 0.7283653846153846 0.9206730769230769 0.1875 0.15384615384615385
3 0.7836538461538461 0.625 0.19230769230769232 0.42788461538461536
3 0.8629807692307693 0.8725961538461539 0.17307692307692307 0.16346153846153846
3 0.9050480769230769 0.9326923076923077 0.18990384615384615 0.1346153846153846
3 0.9182692307692307 0.4951923076923077 0.16346153846153846 0.23557692307692307
3 0.8774038461538461 0.32572115384615385 0.16826923076923078 0.24278846153846154
3 0.6658653846153846 0.4014423076923077 0.25961538461538464 0.375
3 0.6526442307692307 0.6394230769230769 0.16105769230769232 0.25
3 0.9615384615384616 0.703125 0.07692307692307693 0.2283653846153846
3 0.4795673076923077 0.5420673076923077 0.1466346153846154 0.24278846153846154
3 0.48677884615384615 0.7163461538461539 0.16105769230769232 0.15865384615384615
3 0.5865384615384616 0.8545673076923077 0.125 0.2860576923076923
3 0.4579326923076923 0.9134615384615384 0.1658653846153846 0.16826923076923078
3 0.2764423076923077 0.9447115384615384 0.18269230769230768 0.10576923076923077
3 0.2800480769230769 0.8846153846153846 0.18028846153846154 0.17307692307692307
3 0.12980769230769232 0.8966346153846154 0.11057692307692307 0.20192307692307693
3 0.054086538461538464 0.7728365384615384 0.09375 0.18509615384615385
3 0.046875 0.6430288461538461 0.07932692307692307 0.13701923076923078
3 0.2644230769230769 0.30649038461538464 0.10096153846153846 0.39663461538461536
3 0.19831730769230768 0.16706730769230768 0.08413461538461539 0.3293269230769231
3 0.11658653846153846 0.15384615384615385 0.07932692307692307 0.1201923076923077
3 0.08653846153846154 0.22956730769230768 0.11538461538461539 0.13701923076923078
3 0.05048076923076923 0.37259615384615385 0.08653846153846154 0.22115384615384615
3 0.3293269230769231 0.5817307692307693 0.1346153846153846 0.22596153846153846
3 0.47475961538461536 0.25961538461538464 0.2668269230769231 0.38461538461538464
3 0.3112980769230769 0.10096153846153846 0.14182692307692307 0.1971153846153846
3 0.0889423076923077 0.06610576923076923 0.09615384615384616 0.12740384615384615
3 0.39903846153846156 0.039663461538461536 0.07211538461538461 0.07451923076923077
3 0.5348557692307693 0.06129807692307692 0.13221153846153846 0.11778846153846154
3 0.7367788461538461 0.140625 0.2764423076923077 0.2764423076923077
3 0.875 0.09014423076923077 0.25 0.17548076923076922
3 0.5853365384615384 0.21153846153846154 0.1658653846153846 0.21634615384615385
3 0.11298076923076923 0.8966346153846154 0.21153846153846154 0.20192307692307693
