3 0.39302884615384615 0.8413461538461539 0.24759615384615385 0.16346153846153846
3 0.5793269230769231 0.8209134615384616 0.30288461538461536 0.25240384615384615
3 0.5408653846153846 0.6141826923076923 0.35096153846153844 0.15625
3 0.6514423076923077 0.6706730769230769 0.22596153846153846 0.1346153846153846
3 0.3605769230769231 0.6598557692307693 0.20673076923076922 0.20432692307692307
3 0.21153846153846154 0.45913461538461536 0.12980769230769232 0.19230769230769232
3 0.4230769230769231 0.4411057692307692 0.33653846153846156 0.2283653846153846
3 0.6634615384615384 0.5120192307692307 0.27403846153846156 0.14423076923076922
3 0.7331730769230769 0.5024038461538461 0.11538461538461539 0.08173076923076923
3 0.7992788461538461 0.47836538461538464 0.0985576923076923 0.057692307692307696
3 0.7692307692307693 0.3798076923076923 0.1778846153846154 0.09615384615384616
3 0.7043269230769231 0.41586538461538464 0.18269230769230768 0.09615384615384616
3 0.7163461538461539 0.2980769230769231 0.1971153846153846 0.125
3 0.6177884615384616 0.16346153846153846 0.3269230769230769 0.20673076923076922
3 0.5216346153846154 0.3605769230769231 0.1971153846153846 0.16346153846153846
3 0.39663461538461536 0.21875 0.15384615384615385 0.20673076923076922
3 0.2403846153846154 0.24759615384615385 0.1778846153846154 0.21634615384615385
