3 0.19951923076923078 0.1346153846153846 0.17307692307692307 0.20192307692307693
3 0.14903846153846154 0.38100961538461536 0.125 0.31490384615384615
3 0.12980769230769232 0.5300480769230769 0.0673076923076923 0.16105769230769232
3 0.23557692307692307 0.7451923076923077 0.16346153846153846 0.125
3 0.23557692307692307 0.5625 0.18269230769230768 0.47596153846153844
3 0.3545673076923077 0.4266826923076923 0.18990384615384615 0.5120192307692307
3 0.4735576923076923 0.8413461538461539 0.13942307692307693 0.2980769230769231
3 0.4423076923076923 0.5865384615384616 0.16346153846153846 0.42788461538461536
3 0.6069711538461539 0.45552884615384615 0.18990384615384615 0.5120192307692307
3 0.7235576923076923 0.7596153846153846 0.15865384615384615 0.10576923076923077
3 0.7271634615384616 0.5841346153846154 0.18028846153846154 0.4567307692307692
3 0.8052884615384616 0.39903846153846156 0.12980769230769232 0.30288461538461536
3 0.8305288461538461 0.5576923076923077 0.06971153846153846 0.15384615384615385
3 0.75 0.15745192307692307 0.17307692307692307 0.21394230769230768
3 0.8293269230769231 0.7980769230769231 0.038461538461538464 0.1971153846153846
