3 0.7848557692307693 0.7235576923076923 0.25721153846153844 0.3798076923076923
3 0.5685096153846154 0.6334134615384616 0.21394230769230768 0.3581730769230769
3 0.7740384615384616 0.5264423076923077 0.2932692307692308 0.22596153846153846
3 0.3762019230769231 0.3942307692307692 0.17067307692307693 0.40384615384615385
3 0.5396634615384616 0.3425480769230769 0.15625 0.3629807692307692
3 0.6850961538461539 0.3161057692307692 0.15384615384615385 0.35336538461538464
3 0.7415865384615384 0.24158653846153846 0.12259615384615384 0.35336538461538464
3 0.6057692307692307 0.12620192307692307 0.12980769230769232 0.07932692307692307
3 0.46634615384615385 0.1502403846153846 0.13942307692307693 0.08413461538461539
3 0.31850961538461536 0.31009615384615385 0.15144230769230768 0.375
3 0.15865384615384615 0.34134615384615385 0.16826923076923078 0.38461538461538464
