3 0.7247596153846154 0.19831730769230768 0.2668269230769231 0.38221153846153844
3 0.9375 0.2704326923076923 0.125 0.5216346153846154
3 0.7596153846153846 0.28125 0.23557692307692307 0.44711538461538464
3 0.5348557692307693 0.2247596153846154 0.21875 0.43509615384615385
3 0.3629807692307692 0.18990384615384615 0.25961538461538464 0.36538461538461536
3 0.11057692307692307 0.22115384615384615 0.21634615384615385 0.4230769230769231
3 0.33413461538461536 0.25240384615384615 0.23076923076923078 0.49038461538461536
3 0.5985576923076923 0.49278846153846156 0.22596153846153846 0.20673076923076922
3 0.8076923076923077 0.5456730769230769 0.22115384615384615 0.15384615384615385
3 0.9591346153846154 0.5901442307692307 0.08173076923076923 0.13221153846153846
3 0.8725961538461539 0.6742788461538461 0.19230769230769232 0.13701923076923078
3 0.9735576923076923 0.7223557692307693 0.052884615384615384 0.1466346153846154
3 0.9375 0.8317307692307693 0.125 0.11538461538461539
3 0.9326923076923077 0.9242788461538461 0.1346153846153846 0.10336538461538461
3 0.8245192307692307 0.96875 0.16346153846153846 0.0625
3 0.48197115384615385 0.7548076923076923 0.17548076923076922 0.1778846153846154
3 0.6514423076923077 0.8052884615384616 0.14423076923076922 0.16826923076923078
3 0.8076923076923077 0.7608173076923077 0.17307692307692307 0.1466346153846154
3 0.30528846153846156 0.7644230769230769 0.18269230769230768 0.16346153846153846
3 0.1346153846153846 0.7199519230769231 0.1971153846153846 0.14182692307692307
3 0.30288461538461536 0.6658653846153846 0.18269230769230768 0.12980769230769232
3 0.4831730769230769 0.5600961538461539 0.1875 0.2548076923076923
3 0.6802884615384616 0.625 0.20192307692307693 0.20192307692307693
3 0.07572115384615384 0.4651442307692308 0.1466346153846154 0.18509615384615385
3 0.10697115384615384 0.5336538461538461 0.2091346153846154 0.2980769230769231
