3 0.27283653846153844 0.3112980769230769 0.4735576923076923 0.4831730769230769
3 0.30288461538461536 0.46875 0.5913461538461539 0.36538461538461536
3 0.24278846153846154 0.40625 0.46634615384615385 0.46153846153846156
3 0.8533653846153846 0.2548076923076923 0.2932692307692308 0.23076923076923078
3 0.65625 0.0625 0.6875 0.11538461538461539
3 0.109375 0.7451923076923077 0.20432692307692307 0.19230769230769232
3 0.17548076923076922 0.9110576923076923 0.3317307692307692 0.1778846153846154
3 0.6129807692307693 0.8629807692307693 0.6298076923076923 0.27403846153846156
3 0.6862980769230769 0.6875 0.5697115384615384 0.4182692307692308
3 0.7475961538461539 0.6129807692307693 0.40384615384615385 0.49038461538461536
3 0.5012019230769231 0.4963942307692308 0.5216346153846154 0.49759615384615385
3 0.6586538461538461 0.19951923076923078 0.5144230769230769 0.25961538461538464
3 0.9230769230769231 0.4675480769230769 0.15384615384615385 0.30528846153846156
3 0.20192307692307693 0.07211538461538461 0.22596153846153846 0.12980769230769232
