3 0.6730769230769231 0.9086538461538461 0.1346153846153846 0.08173076923076923
3 0.6754807692307693 0.8173076923076923 0.12980769230769232 0.11538461538461539
3 0.6838942307692307 0.6574519230769231 0.14182692307692307 0.19951923076923078
3 0.6754807692307693 0.4423076923076923 0.16346153846153846 0.22115384615384615
3 0.6754807692307693 0.1778846153846154 0.17307692307692307 0.3173076923076923
3 0.5444711538461539 0.7115384615384616 0.14182692307692307 0.19230769230769232
3 0.5456730769230769 0.84375 0.1346153846153846 0.08173076923076923
3 0.36778846153846156 0.78125 0.22115384615384615 0.15865384615384615
3 0.32211538461538464 0.5216346153846154 0.25 0.19230769230769232
3 0.5276442307692307 0.5228365384615384 0.14182692307692307 0.20432692307692307
3 0.4375 0.32211538461538464 0.3125 0.1971153846153846
3 0.5240384615384616 0.14182692307692307 0.13942307692307693 0.17307692307692307
3 0.32572115384615385 0.15865384615384615 0.27163461538461536 0.1778846153846154
3 0.20192307692307693 0.3317307692307692 0.16826923076923078 0.1875
3 0.11538461538461539 0.47836538461538464 0.15384615384615385 0.16826923076923078
3 0.27163461538461536 0.6370192307692307 0.18269230769230768 0.12980769230769232
3 0.41586538461538464 0.6514423076923077 0.11538461538461539 0.10576923076923077
