3 0.8197115384615384 0.8894230769230769 0.12980769230769232 0.21153846153846154
3 0.7019230769230769 0.6334134615384616 0.14423076923076922 0.39663461538461536
3 0.5973557692307693 0.2776442307692308 0.13221153846153846 0.37259615384615385
3 0.6069711538461539 0.9026442307692307 0.13701923076923078 0.18990384615384615
3 0.4855769230769231 0.6514423076923077 0.14423076923076922 0.38461538461538464
3 0.38341346153846156 0.28125 0.14182692307692307 0.3798076923076923
3 0.49399038461538464 0.051682692307692304 0.14182692307692307 0.09375
3 0.2920673076923077 0.6442307692307693 0.14182692307692307 0.38461538461538464
3 0.3894230769230769 0.9026442307692307 0.1346153846153846 0.18990384615384615
3 0.1875 0.90625 0.14903846153846154 0.18269230769230768
