3 0.6105769230769231 0.7800480769230769 0.4423076923076923 0.13221153846153846
3 0.46634615384615385 0.7824519230769231 0.08173076923076923 0.12740384615384615
3 0.31971153846153844 0.5913461538461539 0.12980769230769232 0.15384615384615385
3 0.49278846153846156 0.6033653846153846 0.6490384615384616 0.13942307692307693
3 0.4483173076923077 0.40024038461538464 0.17067307692307693 0.1658653846153846
3 0.5528846153846154 0.19831730769230768 0.27403846153846156 0.12259615384615384
3 0.25961538461538464 0.4951923076923077 0.20673076923076922 0.15384615384615385
3 0.4639423076923077 0.4206730769230769 0.4375 0.7355769230769231
3 0.6418269230769231 0.5637019230769231 0.35096153846153844 0.7379807692307693
3 0.5997596153846154 0.4543269230769231 0.5360576923076923 0.23557692307692307
