3 0.578125 0.33413461538461536 0.5216346153846154 0.3557692307692308
3 0.5961538461538461 0.08413461538461539 0.5096153846153846 0.15384615384615385
3 0.8774038461538461 0.17548076923076922 0.2403846153846154 0.33653846153846156
3 0.8617788461538461 0.5012019230769231 0.27163461538461536 0.3245192307692308
3 0.8677884615384616 0.8185096153846154 0.25961538461538464 0.31009615384615385
3 0.546875 0.6682692307692307 0.47836538461538464 0.3317307692307692
3 0.19831730769230768 0.4963942307692308 0.3918269230769231 0.3581730769230769
3 0.1971153846153846 0.16346153846153846 0.38461538461538464 0.3125
3 0.18028846153846154 0.8353365384615384 0.3557692307692308 0.3293269230769231
3 0.5757211538461539 0.9338942307692307 0.4543269230769231 0.13221153846153846
