3 0.6033653846153846 0.14423076923076922 0.27403846153846156 0.27403846153846156
3 0.9050480769230769 0.1814903846153846 0.18990384615384615 0.18509615384615385
3 0.9675480769230769 0.09975961538461539 0.06490384615384616 0.18990384615384615
3 0.9675480769230769 0.14423076923076922 0.06490384615384616 0.03365384615384615
3 0.9158653846153846 0.1201923076923077 0.0673076923076923 0.02403846153846154
3 0.8966346153846154 0.09254807692307693 0.07211538461538461 0.021634615384615384
3 0.890625 0.09375 0.06009615384615385 0.10096153846153846
3 0.8882211538461539 0.021634615384615384 0.0985576923076923 0.028846153846153848
3 0.8533653846153846 0.15144230769230768 0.20192307692307693 0.23076923076923078
3 0.7247596153846154 0.057692307692307696 0.0985576923076923 0.10096153846153846
3 0.7620192307692307 0.14903846153846154 0.17307692307692307 0.07692307692307693
3 0.7259615384615384 0.1141826923076923 0.23557692307692307 0.07932692307692307
3 0.6057692307692307 0.046875 0.038461538461538464 0.021634615384615384
3 0.7331730769230769 0.25 0.11538461538461539 0.11057692307692307
3 0.6802884615384616 0.4795673076923077 0.16346153846153846 0.3004807692307692
3 0.8365384615384616 0.39903846153846156 0.19230769230769232 0.03365384615384615
3 0.9435096153846154 0.31971153846153844 0.0985576923076923 0.09134615384615384
3 0.8389423076923077 0.3245192307692308 0.1875 0.11057692307692307
3 0.47596153846153844 0.15384615384615385 0.08173076923076923 0.02403846153846154
3 0.47115384615384615 0.12740384615384615 0.08173076923076923 0.02403846153846154
3 0.46274038461538464 0.09495192307692307 0.0985576923076923 0.17067307692307693
3 0.5120192307692307 0.09975961538461539 0.1971153846153846 0.18509615384615385
3 0.43990384615384615 0.23197115384615385 0.08653846153846154 0.07932692307692307
3 0.34375 0.09975961538461539 0.15865384615384615 0.18509615384615385
3 0.3557692307692308 0.03365384615384615 0.04807692307692308 0.052884615384615384
3 0.38221153846153844 0.0889423076923077 0.08173076923076923 0.09615384615384616
3 0.18269230769230768 0.24519230769230768 0.35096153846153844 0.15384615384615385
3 0.21153846153846154 0.23076923076923078 0.08653846153846154 0.21634615384615385
3 0.11057692307692307 0.08533653846153846 0.20192307692307693 0.15625
3 0.036057692307692304 0.14182692307692307 0.052884615384615384 0.11057692307692307
3 0.07211538461538461 0.19951923076923078 0.125 0.08653846153846154
3 0.5228365384615384 0.4230769230769231 0.2620192307692308 0.3125
3 0.5132211538461539 0.2980769230769231 0.10336538461538461 0.04807692307692308
3 0.59375 0.41586538461538464 0.16346153846153846 0.15865384615384615
3 0.6322115384615384 0.4495192307692308 0.07692307692307693 0.038461538461538464
3 0.6201923076923077 0.43149038461538464 0.07692307692307693 0.036057692307692304
3 0.5913461538461539 0.39783653846153844 0.07211538461538461 0.036057692307692304
3 0.6105769230769231 0.3245192307692308 0.15384615384615385 0.23076923076923078
3 0.8413461538461539 0.421875 0.20192307692307693 0.14182692307692307
3 0.16105769230769232 0.5949519230769231 0.3076923076923077 0.34375
3 0.15985576923076922 0.7668269230769231 0.18028846153846154 0.13942307692307693
3 0.140625 0.75 0.0985576923076923 0.0625
3 0.07091346153846154 0.890625 0.11778846153846154 0.21875
3 0.09735576923076923 0.9026442307692307 0.0985576923076923 0.19471153846153846
3 0.22596153846153846 0.5 0.28365384615384615 0.1971153846153846
3 0.15504807692307693 0.49278846153846156 0.0985576923076923 0.19230769230769232
3 0.9122596153846154 0.9110576923076923 0.17548076923076922 0.18269230769230768
3 0.8918269230769231 0.9242788461538461 0.08173076923076923 0.040865384615384616
3 0.8473557692307693 0.9543269230769231 0.06009615384615385 0.038461538461538464
3 0.9543269230769231 0.7908653846153846 0.08653846153846154 0.052884615384615384
3 0.9146634615384616 0.7620192307692307 0.0985576923076923 0.08173076923076923
3 0.9603365384615384 0.6634615384615384 0.07932692307692307 0.14423076923076922
3 0.9639423076923077 0.5889423076923077 0.04326923076923077 0.07692307692307693
3 0.7367788461538461 0.9723557692307693 0.09375 0.055288461538461536
3 0.671875 0.8473557692307693 0.05048076923076923 0.30528846153846156
3 0.5540865384615384 0.9759615384615384 0.2091346153846154 0.04807692307692308
3 0.036057692307692304 0.6033653846153846 0.052884615384615384 0.028846153846153848
3 0.07211538461538461 0.59375 0.125 0.028846153846153848
3 0.056490384615384616 0.5600961538461539 0.0985576923076923 0.028846153846153848
3 0.12259615384615384 0.3317307692307692 0.04326923076923077 0.052884615384615384
3 0.08653846153846154 0.3317307692307692 0.04807692307692308 0.052884615384615384
3 0.16346153846153846 0.3329326923076923 0.2692307692307692 0.05048076923076923
3 0.10096153846153846 0.36538461538461536 0.11057692307692307 0.028846153846153848
3 0.16105769230769232 0.49278846153846156 0.07692307692307693 0.19230769230769232
3 0.2980769230769231 0.6346153846153846 0.15384615384615385 0.07692307692307693
3 0.3173076923076923 0.6850961538461539 0.08173076923076923 0.0673076923076923
3 0.40024038461538464 0.7644230769230769 0.18028846153846154 0.23076923076923078
3 0.3918269230769231 0.5168269230769231 0.08653846153846154 0.39903846153846156
3 0.1466346153846154 0.96875 0.0625 0.0625
3 0.15625 0.9110576923076923 0.03365384615384615 0.038461538461538464
3 0.18870192307692307 0.9158653846153846 0.055288461538461536 0.16826923076923078
3 0.2403846153846154 0.8653846153846154 0.07211538461538461 0.04326923076923077
3 0.13942307692307693 0.9134615384615384 0.25 0.04807692307692308
3 0.29447115384615385 0.8822115384615384 0.10336538461538461 0.11057692307692307
3 0.32091346153846156 0.78125 0.0985576923076923 0.057692307692307696
3 0.4098557692307692 0.7379807692307693 0.13701923076923078 0.18269230769230768
3 0.44471153846153844 0.47115384615384615 0.35096153846153844 0.18269230769230768
3 0.5540865384615384 0.6177884615384616 0.0985576923076923 0.21634615384615385
3 0.5769230769230769 0.7860576923076923 0.16346153846153846 0.22596153846153846
3 0.7716346153846154 0.6358173076923077 0.15865384615384615 0.19951923076923078
3 0.9110576923076923 0.5637019230769231 0.1778846153846154 0.19951923076923078
3 0.9675480769230769 0.3581730769230769 0.06490384615384616 0.15865384615384615
3 0.7427884615384616 0.8137019230769231 0.08173076923076923 0.055288461538461536
3 0.6346153846153846 0.8846153846153846 0.08173076923076923 0.13942307692307693
3 0.5769230769230769 0.8088942307692307 0.15384615384615385 0.17067307692307693
3 0.6177884615384616 0.7992788461538461 0.04807692307692308 0.021634615384615384
3 0.4230769230769231 0.2283653846153846 0.11057692307692307 0.07211538461538461
3 0.5204326923076923 0.10096153846153846 0.18028846153846154 0.1875
3 0.5024038461538461 0.5036057692307693 0.9951923076923077 0.9975961538461539
