3 0.11538461538461539 0.8185096153846154 0.21153846153846154 0.13221153846153846
3 0.3737980769230769 0.7019230769230769 0.39663461538461536 0.14423076923076922
3 0.7271634615384616 0.5961538461538461 0.37259615384615385 0.12980769230769232
3 0.1045673076923077 0.6081730769230769 0.18990384615384615 0.13942307692307693
3 0.3557692307692308 0.4855769230769231 0.38461538461538464 0.14423076923076922
3 0.7259615384615384 0.38341346153846156 0.3798076923076923 0.14182692307692307
3 0.953125 0.4963942307692308 0.09375 0.14182692307692307
3 0.3605769230769231 0.2920673076923077 0.38461538461538464 0.14182692307692307
3 0.1045673076923077 0.3894230769230769 0.18990384615384615 0.1346153846153846
3 0.10096153846153846 0.1875 0.18269230769230768 0.14903846153846154
