3 0.5240384615384616 0.8317307692307693 0.75 0.22596153846153846
3 0.7872596153846154 0.7836538461538461 0.22355769230769232 0.11057692307692307
3 0.8004807692307693 0.6189903846153846 0.28365384615384615 0.18509615384615385
3 0.4098557692307692 0.6033653846153846 0.5841346153846154 0.22596153846153846
3 0.7163461538461539 0.7403846153846154 0.038461538461538464 0.07692307692307693
3 0.8161057692307693 0.47836538461538464 0.21875 0.1778846153846154
3 0.38461538461538464 0.359375 0.5913461538461539 0.24759615384615385
3 0.7932692307692307 0.3112980769230769 0.23557692307692307 0.14182692307692307
3 0.4182692307692308 0.4855769230769231 0.5480769230769231 0.02403846153846154
3 0.4423076923076923 0.1658653846153846 0.5528846153846154 0.19230769230769232
3 0.8016826923076923 0.2548076923076923 0.21875 0.09615384615384616
