3 0.8798076923076923 0.9206730769230769 0.2403846153846154 0.15384615384615385
3 0.7235576923076923 0.8028846153846154 0.3125 0.3894230769230769
3 0.9290865384615384 0.7019230769230769 0.13701923076923078 0.3269230769230769
3 0.8028846153846154 0.5360576923076923 0.2980769230769231 0.3557692307692308
3 0.9675480769230769 0.4362980769230769 0.06490384615384616 0.23317307692307693
3 0.8617788461538461 0.2860576923076923 0.2620192307692308 0.28365384615384615
3 0.8990384615384616 0.12620192307692307 0.20192307692307693 0.24759615384615385
3 0.6730769230769231 0.12620192307692307 0.24519230769230768 0.24759615384615385
3 0.59375 0.28725961538461536 0.28846153846153844 0.21875
3 0.5024038461538461 0.5997596153846154 0.3173076923076923 0.41586538461538464
3 0.3894230769230769 0.828125 0.34134615384615385 0.3389423076923077
3 0.6153846153846154 0.9615384615384616 0.24519230769230768 0.07211538461538461
3 0.1141826923076923 0.8605769230769231 0.22355769230769232 0.27403846153846156
3 0.19951923076923078 0.6286057692307693 0.2980769230769231 0.37740384615384615
3 0.026442307692307692 0.640625 0.04807692307692308 0.18028846153846154
3 0.3173076923076923 0.34375 0.25961538461538464 0.2692307692307692
3 0.09014423076923077 0.35216346153846156 0.17548076923076922 0.21875
3 0.1658653846153846 0.16947115384615385 0.2548076923076923 0.22355769230769232
3 0.4254807692307692 0.16105769230769232 0.2548076923076923 0.27403846153846156
3 0.27524038461538464 0.051682692307692304 0.23317307692307693 0.0985576923076923
3 0.06850961538461539 0.12379807692307693 0.13221153846153846 0.24278846153846154
