3 0.7692307692307693 0.46153846153846156 0.1201923076923077 0.42788461538461536
3 0.7740384615384616 0.6850961538461539 0.07692307692307693 0.15865384615384615
3 0.6466346153846154 0.7572115384615384 0.11538461538461539 0.3894230769230769
3 0.671875 0.3245192307692308 0.21875 0.42788461538461536
3 0.7019230769230769 0.1045673076923077 0.14903846153846154 0.11298076923076923
3 0.47596153846153844 0.20192307692307693 0.21153846153846154 0.28365384615384615
3 0.2980769230769231 0.23317307692307693 0.14423076923076922 0.3701923076923077
3 0.29086538461538464 0.46875 0.11057692307692307 0.13942307692307693
3 0.21033653846153846 0.4110576923076923 0.06971153846153846 0.36538461538461536
3 0.27403846153846156 0.7524038461538461 0.22596153846153846 0.40384615384615385
3 0.3641826923076923 0.4879807692307692 0.18990384615384615 0.35096153846153844
3 0.5216346153846154 0.4014423076923077 0.13942307692307693 0.4230769230769231
3 0.49759615384615385 0.7548076923076923 0.22115384615384615 0.40865384615384615
