3 0.5432692307692307 0.15384615384615385 0.5913461538461539 0.1778846153846154
3 0.21634615384615385 0.12139423076923077 0.23076923076923078 0.0985576923076923
3 0.14182692307692307 0.24278846153846154 0.27884615384615385 0.11057692307692307
3 0.4795673076923077 0.28365384615384615 0.6225961538461539 0.1346153846153846
3 0.8125 0.4254807692307692 0.28365384615384615 0.15865384615384615
3 0.6129807692307693 0.4206730769230769 0.15865384615384615 0.1971153846153846
3 0.3329326923076923 0.46634615384615385 0.13701923076923078 0.052884615384615384
3 0.2848557692307692 0.39663461538461536 0.22355769230769232 0.04326923076923077
3 0.24519230769230768 0.4579326923076923 0.28846153846153844 0.06490384615384616
3 0.46153846153846156 0.4326923076923077 0.17307692307692307 0.13942307692307693
3 0.21875 0.375 0.3317307692307692 0.23557692307692307
3 0.24158653846153846 0.53125 0.22355769230769232 0.057692307692307696
3 0.42427884615384615 0.5420673076923077 0.2620192307692308 0.0985576923076923
3 0.5769230769230769 0.5504807692307693 0.27403846153846156 0.07692307692307693
3 0.7463942307692307 0.6177884615384616 0.21875 0.21153846153846154
3 0.5600961538461539 0.6454326923076923 0.3173076923076923 0.11298076923076923
3 0.3401442307692308 0.6490384615384616 0.18028846153846154 0.1201923076923077
3 0.11538461538461539 0.6286057692307693 0.07211538461538461 0.05048076923076923
3 0.24519230769230768 0.6177884615384616 0.20192307692307693 0.057692307692307696
3 0.052884615384615384 0.7740384615384616 0.08653846153846154 0.1971153846153846
3 0.11057692307692307 0.7836538461538461 0.028846153846153848 0.2403846153846154
3 0.25600961538461536 0.7932692307692307 0.25721153846153844 0.20192307692307693
3 0.25721153846153844 0.8918269230769231 0.20192307692307693 0.0625
3 0.25961538461538464 0.8497596153846154 0.20673076923076922 0.021634615384615384
3 0.25 0.828125 0.1971153846153846 0.021634615384615384
3 0.24639423076923078 0.8100961538461539 0.18028846153846154 0.014423076923076924
3 0.3317307692307692 0.7451923076923077 0.1971153846153846 0.057692307692307696
3 0.6021634615384616 0.7427884615384616 0.37740384615384615 0.09134615384615384
3 0.5697115384615384 0.8389423076923077 0.4326923076923077 0.22596153846153846
3 0.8317307692307693 0.7932692307692307 0.20192307692307693 0.13942307692307693
