3 0.84375 0.5168269230769231 0.07211538461538461 0.23076923076923078
3 0.7740384615384616 0.5216346153846154 0.057692307692307696 0.20673076923076922
3 0.6923076923076923 0.5697115384615384 0.08173076923076923 0.24519230769230768
3 0.7596153846153846 0.5841346153846154 0.09615384615384616 0.28846153846153844
3 0.6274038461538461 0.6057692307692307 0.04807692307692308 0.23557692307692307
3 0.5817307692307693 0.6129807692307693 0.04807692307692308 0.24519230769230768
3 0.5168269230769231 0.6117788461538461 0.08173076923076923 0.25721153846153844
3 0.4567307692307692 0.6610576923076923 0.07692307692307693 0.36538461538461536
3 0.40384615384615385 0.5877403846153846 0.07692307692307693 0.38221153846153844
3 0.3317307692307692 0.5661057692307693 0.07211538461538461 0.3389423076923077
3 0.24519230769230768 0.49399038461538464 0.11538461538461539 0.2956730769230769
3 0.2536057692307692 0.7307692307692307 0.10817307692307693 0.1971153846153846
3 0.17067307692307693 0.53125 0.10096153846153846 0.36538461538461536
3 0.5853365384615384 0.2824519230769231 0.12259615384615384 0.14182692307692307
3 0.5997596153846154 0.15625 0.14182692307692307 0.11057692307692307
3 0.34615384615384615 0.19951923076923078 0.3076923076923077 0.1971153846153846
3 0.1346153846153846 0.25 0.18269230769230768 0.1201923076923077
3 0.29927884615384615 0.33413461538461536 0.18509615384615385 0.11538461538461539
3 0.5600961538461539 0.3629807692307692 0.32211538461538464 0.23076923076923078
3 0.8233173076923077 0.34134615384615385 0.3004807692307692 0.20673076923076922
3 0.6394230769230769 0.24278846153846154 0.6105769230769231 0.1971153846153846
