3 0.4254807692307692 0.8701923076923077 0.16346153846153846 0.15865384615384615
3 0.30288461538461536 0.9194711538461539 0.16346153846153846 0.15144230769230768
3 0.17067307692307693 0.9435096153846154 0.19230769230769232 0.11298076923076923
3 0.11658653846153846 0.42788461538461536 0.18509615384615385 0.09134615384615384
3 0.06971153846153846 0.5528846153846154 0.125 0.08173076923076923
3 0.14423076923076922 0.5721153846153846 0.20192307692307693 0.10576923076923077
3 0.13942307692307693 0.20673076923076922 0.07692307692307693 0.10576923076923077
3 0.27163461538461536 0.20673076923076922 0.09134615384615384 0.09615384615384616
3 0.41346153846153844 0.20673076923076922 0.0673076923076923 0.08173076923076923
3 0.06370192307692307 0.2091346153846154 0.040865384615384616 0.11057692307692307
3 0.7211538461538461 0.35336538461538464 0.30288461538461536 0.16826923076923078
3 0.8112980769230769 0.24519230769230768 0.25721153846153844 0.14903846153846154
3 0.8149038461538461 0.4423076923076923 0.27403846153846156 0.07211538461538461
3 0.7908653846153846 0.75 0.23557692307692307 0.1201923076923077
3 0.6658653846153846 0.6081730769230769 0.20192307692307693 0.16826923076923078
3 0.7704326923076923 0.6105769230769231 0.11298076923076923 0.10576923076923077
3 0.9387019230769231 0.671875 0.12259615384615384 0.09375
