3 0.6983173076923077 0.8533653846153846 0.23317307692307693 0.28846153846153844
3 0.9290865384615384 0.8353365384615384 0.14182692307692307 0.3004807692307692
3 0.8257211538461539 0.5949519230769231 0.2764423076923077 0.29086538461538464
3 0.7932692307692307 0.2956730769230769 0.2932692307692308 0.27884615384615385
3 0.4963942307692308 0.1971153846153846 0.2764423076923077 0.3557692307692308
3 0.6346153846153846 0.40024038461538464 0.18269230769230768 0.3004807692307692
3 0.6129807692307693 0.5817307692307693 0.12980769230769232 0.20673076923076922
3 0.5360576923076923 0.6334134615384616 0.16346153846153846 0.22355769230769232
3 0.47836538461538464 0.8942307692307693 0.19230769230769232 0.20673076923076922
3 0.43028846153846156 0.8028846153846154 0.21634615384615385 0.2692307692307692
3 0.4074519230769231 0.5552884615384616 0.22355769230769232 0.40384615384615385
3 0.33774038461538464 0.30288461538461536 0.10336538461538461 0.17307692307692307
3 0.19230769230769232 0.10817307692307693 0.3076923076923077 0.20673076923076922
3 0.34134615384615385 0.125 0.10096153846153846 0.16826923076923078
3 0.037259615384615384 0.0985576923076923 0.06971153846153846 0.16826923076923078
3 0.16105769230769232 0.17067307692307693 0.21634615384615385 0.2692307692307692
3 0.06610576923076923 0.3918269230769231 0.12259615384615384 0.3942307692307692
3 0.22596153846153846 0.421875 0.21634615384615385 0.29086538461538464
3 0.25600961538461536 0.5997596153846154 0.14182692307692307 0.2620192307692308
3 0.10096153846153846 0.6658653846153846 0.1971153846153846 0.36538461538461536
3 0.109375 0.8822115384615384 0.20432692307692307 0.23076923076923078
3 0.2776442307692308 0.9290865384615384 0.22355769230769232 0.13701923076923078
3 0.265625 0.8100961538461539 0.12740384615384615 0.15865384615384615
3 0.8413461538461539 0.8653846153846154 0.04807692307692308 0.25
3 0.9711538461538461 0.609375 0.052884615384615384 0.2091346153846154
3 0.9711538461538461 0.3557692307692308 0.057692307692307696 0.19230769230769232
