3 0.09375 0.19230769230769232 0.1778846153846154 0.3701923076923077
3 0.3173076923076923 0.17668269230769232 0.3076923076923077 0.33413461538461536
3 0.4375 0.09134615384615384 0.125 0.16826923076923078
3 0.5600961538461539 0.15264423076923078 0.2548076923076923 0.2860576923076923
3 0.6838942307692307 0.37259615384615385 0.23317307692307693 0.34615384615384615
3 0.828125 0.18269230769230768 0.2764423076923077 0.34615384615384615
3 0.8858173076923077 0.3762019230769231 0.2283653846153846 0.7331730769230769
3 0.7355769230769231 0.6430288461538461 0.32211538461538464 0.3870192307692308
3 0.625 0.7884615384615384 0.1778846153846154 0.40384615384615385
3 0.7524038461538461 0.8653846153846154 0.16826923076923078 0.15384615384615385
3 0.9122596153846154 0.7451923076923077 0.17548076923076922 0.3317307692307692
3 0.9074519230769231 0.9266826923076923 0.18509615384615385 0.1466346153846154
3 0.7704326923076923 0.9507211538461539 0.12259615384615384 0.0985576923076923
3 0.5757211538461539 0.9026442307692307 0.17548076923076922 0.19471153846153846
3 0.3701923076923077 0.8822115384615384 0.21634615384615385 0.23557692307692307
3 0.06370192307692307 0.5336538461538461 0.11778846153846154 0.16826923076923078
3 0.03365384615384615 0.4879807692307692 0.052884615384615384 0.125
3 0.08413461538461539 0.390625 0.15384615384615385 0.21394230769230768
3 0.2512019230769231 0.43990384615384615 0.18509615384615385 0.2692307692307692
3 0.15865384615384615 0.5600961538461539 0.0673076923076923 0.125
3 0.12620192307692307 0.6850961538461539 0.10817307692307693 0.23076923076923078
3 0.04567307692307692 0.7055288461538461 0.07692307692307693 0.21394230769230768
3 0.25721153846153844 0.6658653846153846 0.15384615384615385 0.20673076923076922
3 0.3918269230769231 0.5516826923076923 0.15865384615384615 0.2860576923076923
3 0.5132211538461539 0.31009615384615385 0.11298076923076923 0.24519230769230768
3 0.4735576923076923 0.6069711538461539 0.16346153846153846 0.31490384615384615
3 0.13221153846153846 0.8810096153846154 0.09615384615384616 0.16105769230769232
3 0.3125 0.7956730769230769 0.16346153846153846 0.10576923076923077
3 0.22115384615384615 0.7956730769230769 0.14423076923076922 0.09615384615384616
3 0.1935096153846154 0.9651442307692307 0.13701923076923078 0.06971153846153846
3 0.07932692307692307 0.9026442307692307 0.10096153846153846 0.18990384615384615
3 0.020432692307692308 0.8870192307692307 0.03125 0.14903846153846154
3 0.5024038461538461 0.5036057692307693 0.9951923076923077 0.9927884615384616
