3 0.12980769230769232 0.7139423076923077 0.09615384615384616 0.12980769230769232
3 0.2403846153846154 0.7235576923076923 0.09134615384615384 0.1201923076923077
3 0.20432692307692307 0.5769230769230769 0.07692307692307693 0.15384615384615385
3 0.34615384615384615 0.3557692307692308 0.28846153846153844 0.20192307692307693
3 0.8149038461538461 0.40625 0.1875 0.40384615384615385
3 0.8293269230769231 0.6153846153846154 0.09615384615384616 0.1201923076923077
3 0.8473557692307693 0.48677884615384615 0.06490384615384616 0.10336538461538461
3 0.6875 0.59375 0.09615384615384616 0.12980769230769232
3 0.6802884615384616 0.6754807692307693 0.04326923076923077 0.12980769230769232
3 0.59375 0.6899038461538461 0.09134615384615384 0.14903846153846154
3 0.8100961538461539 0.3329326923076923 0.2403846153846154 0.17067307692307693
3 0.3401442307692308 0.7572115384615384 0.08413461538461539 0.07692307692307693
3 0.34375 0.6370192307692307 0.09615384615384616 0.12980769230769232
3 0.27884615384615385 0.6057692307692307 0.08653846153846154 0.11538461538461539
3 0.4543269230769231 0.671875 0.07211538461538461 0.10336538461538461
3 0.40865384615384615 0.6911057692307693 0.0673076923076923 0.0985576923076923
3 0.5673076923076923 0.3161057692307692 0.11057692307692307 0.18028846153846154
3 0.5528846153846154 0.38221153846153844 0.1346153846153846 0.19230769230769232
3 0.44591346153846156 0.5012019230769231 0.06490384615384616 0.0985576923076923
3 0.40384615384615385 0.5793269230769231 0.27403846153846156 0.19230769230769232
3 0.37259615384615385 0.46634615384615385 0.0673076923076923 0.1201923076923077
3 0.3004807692307692 0.4735576923076923 0.0673076923076923 0.08653846153846154
3 0.5192307692307693 0.46634615384615385 0.18269230769230768 0.27403846153846156
3 0.5817307692307693 0.4375 0.07211538461538461 0.09134615384615384
3 0.7247596153846154 0.46274038461538464 0.0985576923076923 0.14182692307692307
3 0.7211538461538461 0.28125 0.14903846153846154 0.15384615384615385
3 0.6754807692307693 0.3629807692307692 0.057692307692307696 0.08653846153846154
3 0.6201923076923077 0.3954326923076923 0.0625 0.0985576923076923
