3 0.7019230769230769 0.6105769230769231 0.25 0.33653846153846156
3 0.7992788461538461 0.4639423076923077 0.20432692307692307 0.41346153846153844
3 0.7427884615384616 0.7512019230769231 0.3317307692307692 0.23317307692307693
3 0.44591346153846156 0.7091346153846154 0.21875 0.28365384615384615
3 0.42427884615384615 0.5216346153846154 0.1658653846153846 0.20192307692307693
3 0.5637019230769231 0.4567307692307692 0.17067307692307693 0.24519230769230768
3 0.5564903846153846 0.6622596153846154 0.06490384615384616 0.18028846153846154
3 0.6742788461538461 0.34375 0.12740384615384615 0.21153846153846154
3 0.5228365384615384 0.3317307692307692 0.13701923076923078 0.20192307692307693
3 0.33533653846153844 0.4855769230769231 0.21394230769230768 0.5432692307692307
3 0.21394230769230768 0.5733173076923077 0.22596153846153846 0.5649038461538461
3 0.15745192307692307 0.24158653846153846 0.11298076923076923 0.21875
3 0.31490384615384615 0.140625 0.1778846153846154 0.18990384615384615
