3 0.8389423076923077 0.7596153846153846 0.08653846153846154 0.47115384615384615
3 0.8052884615384616 0.3245192307692308 0.08653846153846154 0.4807692307692308
3 0.75 0.7427884615384616 0.08173076923076923 0.47115384615384615
3 0.6947115384615384 0.3161057692307692 0.08653846153846154 0.4639423076923077
3 0.6610576923076923 0.7355769230769231 0.07692307692307693 0.47115384615384615
3 0.5552884615384616 0.7259615384615384 0.07692307692307693 0.47115384615384615
3 0.5072115384615384 0.5564903846153846 0.12980769230769232 0.6177884615384616
3 0.3894230769230769 0.7596153846153846 0.07211538461538461 0.34134615384615385
3 0.3173076923076923 0.7668269230769231 0.07692307692307693 0.375
3 0.2692307692307692 0.4170673076923077 0.04807692307692308 0.40625
3 0.23076923076923078 0.7836538461538461 0.08173076923076923 0.375
3 0.17307692307692307 0.45913461538461536 0.08653846153846154 0.375
3 0.14182692307692307 0.8004807692307693 0.09134615384615384 0.3894230769230769
0 0.9254807692307693 0.5432692307692307 0.14903846153846154 0.8221153846153846
0 0.7932692307692307 0.051682692307692304 0.11538461538461539 0.06490384615384616
0 0.8617788461538461 0.14182692307692307 0.026442307692307692 0.08173076923076923
0 0.7524038461538461 0.29086538461538464 0.019230769230769232 0.4326923076923077
0 0.0673076923076923 0.5240384615384616 0.11057692307692307 0.47115384615384615
0 0.05048076923076923 0.8689903846153846 0.08173076923076923 0.25240384615384615
0 0.03485576923076923 0.8401442307692307 0.06490384615384616 0.31009615384615385
0 0.025240384615384616 0.5276442307692307 0.04567307692307692 0.36778846153846156
0 0.11899038461538461 0.3942307692307692 0.021634615384615384 0.11538461538461539
0 0.23076923076923078 0.4254807692307692 0.02403846153846154 0.24519230769230768
0 0.3317307692307692 0.5144230769230769 0.07692307692307693 0.16346153846153846
