3 0.20432692307692307 0.35096153846153844 0.38461538461538464 0.32211538461538464
3 0.20673076923076922 0.5300480769230769 0.3894230769230769 0.25240384615384615
3 0.2091346153846154 0.6826923076923077 0.3701923076923077 0.16346153846153846
3 0.4519230769230769 0.7692307692307693 0.3557692307692308 0.27884615384615385
3 0.19230769230769232 0.8100961538461539 0.3605769230769231 0.32211538461538464
3 0.7980769230769231 0.75 0.35096153846153844 0.3557692307692308
3 0.8016826923076923 0.8918269230769231 0.34375 0.1875
3 0.6826923076923077 0.15384615384615385 0.38461538461538464 0.27403846153846156
3 0.4951923076923077 0.29086538461538464 0.2548076923076923 0.32211538461538464
3 0.5084134615384616 0.5096153846153846 0.2283653846153846 0.18269230769230768
3 0.5084134615384616 0.6538461538461539 0.23317307692307693 0.11538461538461539
3 0.8064903846153846 0.34615384615384615 0.37740384615384615 0.28365384615384615
3 0.8125 0.5456730769230769 0.3798076923076923 0.1875
3 0.8100961538461539 0.6754807692307693 0.3701923076923077 0.16826923076923078
