3 0.33533653846153844 0.7019230769230769 0.10817307692307693 0.3173076923076923
3 0.2127403846153846 0.6959134615384616 0.10336538461538461 0.3293269230769231
3 0.08774038461538461 0.6826923076923077 0.11298076923076923 0.34134615384615385
3 0.6706730769230769 0.8942307692307693 0.0625 0.16826923076923078
3 0.7620192307692307 0.8377403846153846 0.0673076923076923 0.11778846153846154
3 0.8245192307692307 0.7944711538461539 0.052884615384615384 0.09375
3 0.8810096153846154 0.9014423076923077 0.0889423076923077 0.19230769230769232
3 0.8149038461538461 0.9350961538461539 0.04326923076923077 0.12980769230769232
3 0.7415865384615384 0.9483173076923077 0.09375 0.10336538461538461
3 0.7836538461538461 0.16466346153846154 0.09134615384615384 0.31009615384615385
3 0.8701923076923077 0.22596153846153846 0.08653846153846154 0.1875
3 0.2800480769230769 0.21754807692307693 0.10336538461538461 0.3293269230769231
3 0.16346153846153846 0.24158653846153846 0.14423076923076922 0.3293269230769231
3 0.05048076923076923 0.23197115384615385 0.08653846153846154 0.31009615384615385
1 0.3786057692307692 0.18990384615384615 0.036057692307692304 0.25
1 0.40865384615384615 0.18870192307692307 0.038461538461538464 0.22355769230769232
1 0.4326923076923077 0.19951923076923078 0.028846153846153848 0.23076923076923078
1 0.40865384615384615 0.22115384615384615 0.019230769230769232 0.21153846153846154
1 0.4543269230769231 0.23076923076923078 0.03365384615384615 0.19230769230769232
1 0.53125 0.3581730769230769 0.04326923076923077 0.08653846153846154
1 0.5048076923076923 0.2764423076923077 0.04326923076923077 0.08653846153846154
1 0.5288461538461539 0.1935096153846154 0.04326923076923077 0.09375
1 0.5048076923076923 0.1045673076923077 0.04326923076923077 0.09375
1 0.6009615384615384 0.09615384615384616 0.04807692307692308 0.10096153846153846
