3 0.328125 0.8990384615384616 0.27163461538461536 0.1971153846153846
3 0.3269230769230769 0.8028846153846154 0.6153846153846154 0.34134615384615385
3 0.36899038461538464 0.6706730769230769 0.3004807692307692 0.15865384615384615
3 0.5997596153846154 0.6538461538461539 0.2283653846153846 0.2980769230769231
3 0.7740384615384616 0.7692307692307693 0.3317307692307692 0.27884615384615385
3 0.8197115384615384 0.5192307692307693 0.3317307692307692 0.25
3 0.25240384615384615 0.3137019230769231 0.39903846153846156 0.2668269230769231
3 0.39663461538461536 0.4675480769230769 0.34615384615384615 0.23798076923076922
3 0.4254807692307692 0.40384615384615385 0.7115384615384616 0.35096153846153844
3 0.4338942307692308 0.2091346153846154 0.7716346153846154 0.41346153846153844
3 0.5853365384615384 0.203125 0.23317307692307693 0.37740384615384615
3 0.7980769230769231 0.20432692307692307 0.2548076923076923 0.21634615384615385
