3 0.6370192307692307 0.7728365384615384 0.2644230769230769 0.4206730769230769
3 0.7740384615384616 0.6334134615384616 0.2644230769230769 0.5216346153846154
3 0.9098557692307693 0.5324519230769231 0.05048076923076923 0.4254807692307692
3 0.7836538461538461 0.2283653846153846 0.23557692307692307 0.34615384615384615
3 0.4807692307692308 0.25721153846153844 0.40384615384615385 0.3317307692307692
3 0.5144230769230769 0.48197115384615385 0.2548076923076923 0.2091346153846154
3 0.36177884615384615 0.6947115384615384 0.2764423076923077 0.5048076923076923
3 0.24759615384615385 0.5576923076923077 0.30288461538461536 0.4807692307692308
3 0.18269230769230768 0.17307692307692307 0.22115384615384615 0.28365384615384615
3 0.06490384615384616 0.4651442307692308 0.11538461538461539 0.4110576923076923
