3 0.8317307692307693 0.15264423076923078 0.3173076923076923 0.19951923076923078
3 0.49399038461538464 0.14783653846153846 0.3245192307692308 0.19951923076923078
3 0.16466346153846154 0.14543269230769232 0.3245192307692308 0.20432692307692307
3 0.4963942307692308 0.38341346153846156 0.31971153846153844 0.19951923076923078
3 0.8317307692307693 0.38461538461538464 0.3173076923076923 0.1875
3 0.16706730769230768 0.38341346153846156 0.31971153846153844 0.2091346153846154
3 0.49399038461538464 0.6141826923076923 0.31490384615384615 0.19951923076923078
3 0.8317307692307693 0.6189903846153846 0.3173076923076923 0.2091346153846154
3 0.16706730769230768 0.6189903846153846 0.31971153846153844 0.2091346153846154
3 0.17307692307692307 0.8449519230769231 0.3173076923076923 0.2091346153846154
3 0.4963942307692308 0.8473557692307693 0.31971153846153844 0.19471153846153846
3 0.8317307692307693 0.8449519230769231 0.3173076923076923 0.19951923076923078
