3 0.3329326923076923 0.8209134615384616 0.3293269230769231 0.3245192307692308
3 0.5060096153846154 0.7860576923076923 0.45913461538461536 0.35096153846153844
3 0.29086538461538464 0.6009615384615384 0.23557692307692307 0.3076923076923077
3 0.8798076923076923 0.53125 0.16346153846153846 0.3173076923076923
3 0.5997596153846154 0.47115384615384615 0.5360576923076923 0.2980769230769231
3 0.46033653846153844 0.3737980769230769 0.3870192307692308 0.22355769230769232
3 0.3786057692307692 0.3173076923076923 0.11298076923076923 0.14903846153846154
3 0.23798076923076922 0.27403846153846156 0.13942307692307693 0.20673076923076922
3 0.5865384615384616 0.21634615384615385 0.5480769230769231 0.1778846153846154
3 0.3894230769230769 0.12259615384615384 0.34134615384615385 0.20673076923076922
