3 0.8353365384615384 0.38822115384615385 0.29086538461538464 0.4879807692307692
3 0.7932692307692307 0.11057692307692307 0.18269230769230768 0.1971153846153846
3 0.6983173076923077 0.10096153846153846 0.31009615384615385 0.1971153846153846
3 0.6274038461538461 0.4675480769230769 0.2932692307692308 0.5504807692307693
3 0.6394230769230769 0.6790865384615384 0.22596153846153846 0.4879807692307692
3 0.8533653846153846 0.7680288461538461 0.28846153846153844 0.34375
3 0.2932692307692308 0.3798076923076923 0.3605769230769231 0.47596153846153844
3 0.4987980769230769 0.6213942307692307 0.19471153846153846 0.43509615384615385
3 0.6838942307692307 0.6237980769230769 0.18028846153846154 0.4495192307692308
3 0.34615384615384615 0.7379807692307693 0.34134615384615385 0.3269230769230769
3 0.09134615384615384 0.6694711538461539 0.1778846153846154 0.5072115384615384
3 0.09615384615384616 0.2932692307692308 0.13942307692307693 0.20192307692307693
3 0.06610576923076923 0.40865384615384615 0.12740384615384615 0.04807692307692308
3 0.27283653846153844 0.13581730769230768 0.37740384615384615 0.13701923076923078
3 0.2956730769230769 0.30408653846153844 0.34615384615384615 0.19951923076923078
