3 0.7932692307692307 0.17548076923076922 0.20673076923076922 0.03365384615384615
3 0.5649038461538461 0.17548076923076922 0.25 0.04326923076923077
3 0.28846153846153844 0.17427884615384615 0.32211538461538464 0.06009615384615385
3 0.453125 0.3918269230769231 0.5985576923076923 0.125
3 0.33413461538461536 0.6334134615384616 0.5 0.08413461538461539
3 0.1502403846153846 0.6322115384615384 0.15144230769230768 0.10096153846153846
3 0.7403846153846154 0.6790865384615384 0.4182692307692308 0.12259615384615384
3 0.3918269230769231 0.7776442307692307 0.3317307692307692 0.036057692307692304
3 0.43509615384615385 0.8569711538461539 0.4182692307692308 0.06009615384615385
3 0.4495192307692308 0.9519230769230769 0.44711538461538464 0.0673076923076923
