3 0.8100961538461539 0.8701923076923077 0.3317307692307692 0.17307692307692307
3 0.8233173076923077 0.6947115384615384 0.31490384615384615 0.18269230769230768
3 0.828125 0.5024038461538461 0.30528846153846156 0.19230769230769232
3 0.8293269230769231 0.3245192307692308 0.28846153846153844 0.16826923076923078
3 0.8293269230769231 0.14423076923076922 0.28846153846153844 0.16346153846153846
3 0.5264423076923077 0.13701923076923078 0.2980769230769231 0.16826923076923078
3 0.5192307692307693 0.3245192307692308 0.32211538461538464 0.1778846153846154
3 0.5216346153846154 0.5 0.2932692307692308 0.1778846153846154
3 0.5264423076923077 0.6899038461538461 0.2980769230769231 0.18269230769230768
3 0.5120192307692307 0.8725961538461539 0.28365384615384615 0.1778846153846154
3 0.21754807692307693 0.12740384615384615 0.31490384615384615 0.1778846153846154
3 0.19591346153846154 0.31490384615384615 0.31490384615384615 0.1875
3 0.20192307692307693 0.5 0.3269230769230769 0.1778846153846154
3 0.22355769230769232 0.6802884615384616 0.30288461538461536 0.17307692307692307
3 0.20552884615384615 0.8653846153846154 0.31009615384615385 0.1875
