3 0.4963942307692308 0.15745192307692307 0.11298076923076923 0.23317307692307693
3 0.5985576923076923 0.36899038461538464 0.11538461538461539 0.2283653846153846
3 0.6959134615384616 0.5949519230769231 0.11778846153846154 0.22355769230769232
3 0.7992788461538461 0.8137019230769231 0.12259615384615384 0.23317307692307693
3 0.49399038461538464 0.5925480769230769 0.11778846153846154 0.2283653846153846
3 0.59375 0.8088942307692307 0.11538461538461539 0.23317307692307693
3 0.38221153846153844 0.36899038461538464 0.11538461538461539 0.2283653846153846
3 0.28365384615384615 0.5877403846153846 0.11538461538461539 0.2283653846153846
3 0.3858173076923077 0.8112980769230769 0.11778846153846154 0.2283653846153846
3 0.17908653846153846 0.8088942307692307 0.12259615384615384 0.23317307692307693
