3 0.8701923076923077 0.35216346153846156 0.25961538461538464 0.28125
3 0.8846153846153846 0.6274038461538461 0.11538461538461539 0.27403846153846156
3 0.7331730769230769 0.6225961538461539 0.25 0.2692307692307692
3 0.6081730769230769 0.8521634615384616 0.2692307692307692 0.19951923076923078
3 0.5120192307692307 0.7067307692307693 0.2548076923076923 0.2692307692307692
3 0.6875 0.45913461538461536 0.1201923076923077 0.0673076923076923
3 0.7091346153846154 0.2980769230769231 0.2403846153846154 0.2692307692307692
3 0.6586538461538461 0.140625 0.1201923076923077 0.055288461538461536
3 0.46153846153846156 0.14423076923076922 0.27403846153846156 0.27403846153846156
3 0.2536057692307692 0.14182692307692307 0.21394230769230768 0.2692307692307692
3 0.4879807692307692 0.4230769230769231 0.2644230769230769 0.25961538461538464
3 0.2848557692307692 0.4206730769230769 0.2091346153846154 0.2644230769230769
3 0.23076923076923078 0.7295673076923077 0.3269230769230769 0.2764423076923077
3 0.1778846153846154 0.859375 0.3317307692307692 0.2764423076923077
3 0.4110576923076923 0.8617788461538461 0.19230769230769232 0.17067307692307693
3 0.6033653846153846 0.5024038461538461 0.27884615384615385 0.13942307692307693
