3 0.578125 0.6730769230769231 0.5216346153846154 0.3557692307692308
3 0.5961538461538461 0.9230769230769231 0.5096153846153846 0.15384615384615385
3 0.8774038461538461 0.8317307692307693 0.2403846153846154 0.33653846153846156
3 0.8617788461538461 0.5060096153846154 0.27163461538461536 0.3245192307692308
3 0.8677884615384616 0.18629807692307693 0.25961538461538464 0.31009615384615385
3 0.546875 0.33653846153846156 0.47836538461538464 0.3317307692307692
3 0.19951923076923078 0.5096153846153846 0.3894230769230769 0.3605769230769231
3 0.1971153846153846 0.8413461538461539 0.38461538461538464 0.3125
3 0.18028846153846154 0.16947115384615385 0.35096153846153844 0.33413461538461536
3 0.5769230769230769 0.06971153846153846 0.4519230769230769 0.1346153846153846
