3 0.47596153846153844 0.19591346153846154 0.5528846153846154 0.24759615384615385
3 0.7451923076923077 0.14783653846153846 0.25 0.15625
3 0.5384615384615384 0.19110576923076922 0.6682692307692307 0.24759615384615385
3 0.39663461538461536 0.4110576923076923 0.6009615384615384 0.24519230769230768
3 0.5985576923076923 0.39663461538461536 0.20673076923076922 0.20673076923076922
3 0.5348557692307693 0.6105769230769231 0.5408653846153846 0.21153846153846154
3 0.7992788461538461 0.6706730769230769 0.25721153846153844 0.1346153846153846
3 0.5865384615384616 0.625 0.6682692307692307 0.2403846153846154
3 0.6610576923076923 0.8581730769230769 0.2692307692307692 0.16826923076923078
3 0.4206730769230769 0.8257211538461539 0.5721153846153846 0.23798076923076922
3 0.4735576923076923 0.828125 0.6682692307692307 0.23317307692307693
3 0.6225961538461539 0.3798076923076923 0.15865384615384615 0.0673076923076923
