3 0.7223557692307693 0.19230769230769232 0.5552884615384616 0.25
3 0.7067307692307693 0.4423076923076923 0.5913461538461539 0.2692307692307692
3 0.6706730769230769 0.7199519230769231 0.6634615384615384 0.3245192307692308
3 0.9399038461538461 0.9399038461538461 0.1201923076923077 0.125
3 0.26322115384615385 0.0985576923076923 0.3870192307692308 0.14903846153846154
3 0.16105769230769232 0.20432692307692307 0.30288461538461536 0.2548076923076923
3 0.05889423076923077 0.40865384615384615 0.10336538461538461 0.2548076923076923
3 0.29086538461538464 0.38221153846153844 0.3605769230769231 0.22115384615384615
3 0.18028846153846154 0.5757211538461539 0.34615384615384615 0.24278846153846154
3 0.08173076923076923 0.8100961538461539 0.14903846153846154 0.2932692307692308
3 0.18509615384615385 0.8942307692307693 0.36538461538461536 0.21153846153846154
3 0.4375 0.9507211538461539 0.19230769230769232 0.0985576923076923
3 0.49038461538461536 0.8653846153846154 0.2932692307692308 0.10576923076923077
