3 0.3894230769230769 0.8894230769230769 0.21634615384615385 0.21153846153846154
3 0.546875 0.8076923076923077 0.19951923076923078 0.20192307692307693
3 0.43990384615384615 0.6899038461538461 0.17307692307692307 0.1875
3 0.5901442307692307 0.6189903846153846 0.18509615384615385 0.18509615384615385
3 0.7103365384615384 0.5048076923076923 0.18509615384615385 0.1971153846153846
3 0.6862980769230769 0.3004807692307692 0.18990384615384615 0.20192307692307693
3 0.5576923076923077 0.39302884615384615 0.13942307692307693 0.18028846153846154
3 0.4855769230769231 0.5048076923076923 0.16826923076923078 0.17307692307692307
3 0.3329326923076923 0.5685096153846154 0.18990384615384615 0.18028846153846154
3 0.31971153846153844 0.3942307692307692 0.22596153846153846 0.21634615384615385
3 0.5396634615384616 0.2980769230769231 0.19471153846153846 0.1971153846153846
3 0.40865384615384615 0.30649038461538464 0.1346153846153846 0.18509615384615385
3 0.5372596153846154 0.1875 0.19951923076923078 0.20673076923076922
3 0.3870192307692308 0.10576923076923077 0.21153846153846154 0.20673076923076922
