3 0.21153846153846154 0.23317307692307693 0.40384615384615385 0.39903846153846156
3 0.2956730769230769 0.08173076923076923 0.5721153846153846 0.14903846153846154
3 0.11298076923076923 0.625 0.21153846153846154 0.41346153846153844
3 0.4014423076923077 0.43028846153846156 0.46634615384615385 0.28846153846153844
3 0.5841346153846154 0.19591346153846154 0.34615384615384615 0.2620192307692308
3 0.7067307692307693 0.052884615384615384 0.2644230769230769 0.09615384615384616
3 0.2608173076923077 0.7439903846153846 0.5024038461538461 0.35336538461538464
3 0.17908653846153846 0.9579326923076923 0.34375 0.08413461538461539
3 0.49759615384615385 0.8245192307692307 0.3701923076923077 0.27403846153846156
3 0.6310096153846154 0.5769230769230769 0.2860576923076923 0.23557692307692307
3 0.7475961538461539 0.36538461538461536 0.25 0.20673076923076922
3 0.8341346153846154 0.17307692307692307 0.1875 0.1971153846153846
3 0.9158653846153846 0.052884615384615384 0.15384615384615385 0.09615384615384616
3 0.6778846153846154 0.8725961538461539 0.25 0.22115384615384615
3 0.7427884615384616 0.6634615384615384 0.2644230769230769 0.1971153846153846
3 0.8389423076923077 0.4735576923076923 0.22115384615384615 0.17307692307692307
3 0.9278846153846154 0.3004807692307692 0.14423076923076922 0.15865384615384615
3 0.9567307692307693 0.14783653846153846 0.08653846153846154 0.1466346153846154
