3 0.7980769230769231 0.9399038461538461 0.10576923076923077 0.11538461538461539
3 0.7391826923076923 0.9278846153846154 0.09375 0.11538461538461539
3 0.7824519230769231 0.8317307692307693 0.08413461538461539 0.11057692307692307
3 0.8461538461538461 0.8413461538461539 0.11057692307692307 0.12980769230769232
3 0.8509615384615384 0.7403846153846154 0.09615384615384616 0.11538461538461539
3 0.7668269230769231 0.6298076923076923 0.09615384615384616 0.09615384615384616
3 0.7043269230769231 0.5829326923076923 0.10576923076923077 0.09375
3 0.7043269230769231 0.484375 0.09615384615384616 0.08413461538461539
3 0.7644230769230769 0.4206730769230769 0.11057692307692307 0.09615384615384616
3 0.8293269230769231 0.4735576923076923 0.10576923076923077 0.10576923076923077
3 0.84375 0.578125 0.10576923076923077 0.09375
3 0.8185096153846154 0.21394230769230768 0.1466346153846154 0.13942307692307693
3 0.7211538461538461 0.2668269230769231 0.1201923076923077 0.13942307692307693
3 0.6430288461538461 0.1971153846153846 0.0889423076923077 0.11057692307692307
3 0.7283653846153846 0.14182692307692307 0.09615384615384616 0.1346153846153846
3 0.8425480769230769 0.08413461538461539 0.15144230769230768 0.12980769230769232
3 0.7620192307692307 0.038461538461538464 0.125 0.07211538461538461
3 0.6538461538461539 0.07451923076923077 0.07692307692307693 0.11538461538461539
3 0.3701923076923077 0.7019230769230769 0.4326923076923077 0.11538461538461539
3 0.4543269230769231 0.8209134615384616 0.23557692307692307 0.3293269230769231
3 0.5721153846153846 0.8485576923076923 0.28365384615384615 0.27884615384615385
3 0.4951923076923077 0.5841346153846154 0.3076923076923077 0.15865384615384615
3 0.32211538461538464 0.4951923076923077 0.42788461538461536 0.12980769230769232
3 0.29086538461538464 0.4951923076923077 0.10096153846153846 0.125
3 0.2644230769230769 0.5444711538461539 0.3894230769230769 0.0889423076923077
3 0.2956730769230769 0.3870192307692308 0.4182692307692308 0.11057692307692307
3 0.5925480769230769 0.40625 0.09375 0.1201923076923077
3 0.625 0.35096153846153844 0.09615384615384616 0.12980769230769232
3 0.6021634615384616 0.27163461538461536 0.0889423076923077 0.1201923076923077
3 0.3076923076923077 0.27403846153846156 0.41346153846153844 0.11538461538461539
3 0.3317307692307692 0.16947115384615385 0.4182692307692308 0.1466346153846154
3 0.39903846153846156 0.11057692307692307 0.42788461538461536 0.15865384615384615
