5 0.7788461538461539 0.7512019230769231 0.3269230769230769 0.49278846153846156
5 0.9639423076923077 0.7512019230769231 0.0673076923076923 0.49278846153846156
5 0.49278846153846156 0.7644230769230769 0.3125 0.46634615384615385
5 0.28846153846153844 0.7620192307692307 0.25 0.47115384615384615
5 0.11778846153846154 0.7644230769230769 0.23076923076923078 0.46634615384615385
5 0.9447115384615384 0.25600961538461536 0.11057692307692307 0.49759615384615385
5 0.7475961538461539 0.2644230769230769 0.2644230769230769 0.4807692307692308
5 0.5360576923076923 0.29927884615384615 0.2692307692307692 0.43509615384615385
5 0.32091346153846156 0.31971153846153844 0.19951923076923078 0.41346153846153844
5 0.18269230769230768 0.3389423076923077 0.20673076923076922 0.38461538461538464
5 0.0733173076923077 0.3389423076923077 0.14182692307692307 0.34134615384615385
