5 0.2091346153846154 0.3245192307692308 0.40384615384615385 0.6346153846153846
5 0.14423076923076922 0.140625 0.27403846153846156 0.2668269230769231
5 0.14903846153846154 0.6418269230769231 0.28365384615384615 0.08173076923076923
5 0.29927884615384615 0.9074519230769231 0.5841346153846154 0.18509615384615385
5 0.2668269230769231 0.8413461538461539 0.5192307692307693 0.0673076923076923
5 0.4891826923076923 0.5685096153846154 0.3870192307692308 0.27163461538461536
5 0.43509615384615385 0.25961538461538464 0.36538461538461536 0.3557692307692308
5 0.3737980769230769 0.43509615384615385 0.6177884615384616 0.7019230769230769
5 0.7235576923076923 0.028846153846153848 0.22115384615384615 0.04326923076923077
5 0.5504807692307693 0.036057692307692304 0.5673076923076923 0.057692307692307696
5 0.7307692307692307 0.43509615384615385 0.3317307692307692 0.6682692307692307
5 0.9026442307692307 0.8918269230769231 0.19951923076923078 0.21634615384615385
5 0.6995192307692307 0.8737980769230769 0.30288461538461536 0.25240384615384615
5 0.8653846153846154 0.07692307692307693 0.2692307692307692 0.14423076923076922
5 0.8930288461538461 0.46634615384615385 0.19951923076923078 0.5913461538461539
