5 0.8293269230769231 0.31009615384615385 0.3317307692307692 0.41346153846153844
5 0.42788461538461536 0.15264423076923078 0.8509615384615384 0.29086538461538464
5 0.9230769230769231 0.07692307692307693 0.14903846153846154 0.13942307692307693
5 0.0889423076923077 0.04326923076923077 0.17307692307692307 0.07211538461538461
5 0.6766826923076923 0.23798076923076922 0.4639423076923077 0.22115384615384615
5 0.2980769230769231 0.3173076923076923 0.3269230769230769 0.10096153846153846
5 0.12139423076923077 0.4338942307692308 0.23798076923076922 0.37740384615384615
5 0.19591346153846154 0.6322115384615384 0.3389423076923077 0.16826923076923078
5 0.5793269230769231 0.5024038461538461 0.8317307692307693 0.3701923076923077
5 0.8161057692307693 0.8088942307692307 0.3629807692307692 0.3004807692307692
5 0.3317307692307692 0.8353365384615384 0.6586538461538461 0.3293269230769231
5 0.10216346153846154 0.7295673076923077 0.18509615384615385 0.13701923076923078
5 0.4951923076923077 0.6634615384615384 0.3269230769230769 0.15865384615384615
5 0.8245192307692307 0.96875 0.35096153846153844 0.0625
