5 0.3245192307692308 0.3425480769230769 0.14423076923076922 0.2620192307692308
5 0.65625 0.31490384615384615 0.0673076923076923 0.12980769230769232
5 0.8100961538461539 0.3954326923076923 0.10096153846153846 0.14182692307692307
5 0.8581730769230769 0.5 0.07211538461538461 0.1201923076923077
5 0.7175480769230769 0.4519230769230769 0.09375 0.1875
5 0.609375 0.43990384615384615 0.12740384615384615 0.17307692307692307
5 0.5384615384615384 0.5697115384615384 0.08173076923076923 0.14903846153846154
5 0.6262019230769231 0.5685096153846154 0.09375 0.18028846153846154
5 0.7512019230769231 0.6514423076923077 0.14182692307692307 0.20192307692307693
5 0.6814903846153846 0.5793269230769231 0.05048076923076923 0.09134615384615384
5 0.8353365384615384 0.6634615384615384 0.07932692307692307 0.16346153846153846
5 0.8401442307692307 0.7932692307692307 0.09375 0.125
5 0.6442307692307693 0.7163461538461539 0.10096153846153846 0.14903846153846154
5 0.5576923076923077 0.7103365384615384 0.11538461538461539 0.18028846153846154
5 0.4987980769230769 0.7980769230769231 0.07932692307692307 0.16826923076923078
5 0.5913461538461539 0.8557692307692307 0.10576923076923077 0.17307692307692307
5 0.7367788461538461 0.8088942307692307 0.12740384615384615 0.18028846153846154
