5 0.44471153846153844 0.08173076923076923 0.3605769230769231 0.11057692307692307
5 0.38461538461538464 0.14423076923076922 0.27884615384615385 0.11538461538461539
5 0.23317307692307693 0.24759615384615385 0.23557692307692307 0.09134615384615384
5 0.32211538461538464 0.26322115384615385 0.2548076923076923 0.0985576923076923
5 0.2644230769230769 0.35096153846153844 0.27403846153846156 0.09615384615384616
5 0.19230769230769232 0.47596153846153844 0.20673076923076922 0.07211538461538461
5 0.31971153846153844 0.4807692307692308 0.125 0.08173076923076923
5 0.4014423076923077 0.5384615384615384 0.25961538461538464 0.10096153846153846
5 0.19230769230769232 0.5997596153846154 0.20673076923076922 0.07932692307692307
5 0.23677884615384615 0.7572115384615384 0.2668269230769231 0.09615384615384616
5 0.2644230769230769 0.8605769230769231 0.27403846153846156 0.10576923076923077
5 0.34134615384615385 0.9411057692307693 0.30288461538461536 0.0985576923076923
5 0.5600961538461539 0.90625 0.27884615384615385 0.11057692307692307
5 0.6742788461538461 0.796875 0.2860576923076923 0.13701923076923078
5 0.5096153846153846 0.6995192307692307 0.2932692307692308 0.1346153846153846
5 0.33413461538461536 0.8028846153846154 0.27884615384615385 0.10576923076923077
5 0.3942307692307692 0.6490384615384616 0.21153846153846154 0.10096153846153846
5 0.5901442307692307 0.5733173076923077 0.18028846153846154 0.10817307692307693
5 0.5745192307692307 0.42788461538461536 0.25961538461538464 0.10576923076923077
5 0.4879807692307692 0.35216346153846156 0.1875 0.0985576923076923
5 0.5552884615384616 0.28846153846153844 0.23557692307692307 0.10096153846153846
5 0.59375 0.18990384615384615 0.23557692307692307 0.10096153846153846
5 0.7548076923076923 0.32211538461538464 0.34615384615384615 0.1346153846153846
5 0.6706730769230769 0.46875 0.27884615384615385 0.125
5 0.6766826923076923 0.6370192307692307 0.11778846153846154 0.1201923076923077
