5 0.15985576923076922 0.9399038461538461 0.3004807692307692 0.1201923076923077
5 0.12259615384615384 0.8125 0.23076923076923078 0.27403846153846156
5 0.5757211538461539 0.9014423076923077 0.6225961538461539 0.1971153846153846
5 0.8725961538461539 0.9086538461538461 0.25 0.18269230769230768
5 0.9266826923076923 0.7944711538461539 0.1466346153846154 0.25721153846153844
5 0.7872596153846154 0.7091346153846154 0.34375 0.08653846153846154
5 0.7415865384615384 0.7427884615384616 0.14182692307692307 0.14903846153846154
5 0.36899038461538464 0.71875 0.3389423076923077 0.14903846153846154
5 0.2824519230769231 0.6057692307692307 0.2956730769230769 0.13942307692307693
5 0.4543269230769231 0.7848557692307693 0.4326923076923077 0.24759615384615385
5 0.08052884615384616 0.36778846153846156 0.14182692307692307 0.2644230769230769
5 0.0625 0.5324519230769231 0.11057692307692307 0.0985576923076923
5 0.26322115384615385 0.5456730769230769 0.18028846153846154 0.11538461538461539
5 0.11538461538461539 0.5612980769230769 0.15865384615384615 0.12740384615384615
5 0.27163461538461536 0.2403846153846154 0.1875 0.1778846153846154
5 0.20552884615384615 0.16466346153846154 0.2620192307692308 0.15625
5 0.052884615384615384 0.10336538461538461 0.08653846153846154 0.09134615384615384
5 0.09615384615384616 0.19831730769230768 0.17307692307692307 0.0985576923076923
5 0.46634615384615385 0.28365384615384615 0.12980769230769232 0.10096153846153846
5 0.3762019230769231 0.22235576923076922 0.13701923076923078 0.0985576923076923
5 0.22115384615384615 0.12379807692307693 0.25 0.12740384615384615
5 0.11538461538461539 0.06009615384615385 0.08173076923076923 0.057692307692307696
5 0.2091346153846154 0.039663461538461536 0.10096153846153846 0.07451923076923077
5 0.28725961538461536 0.038461538461538464 0.0985576923076923 0.052884615384615384
5 0.34134615384615385 0.02403846153846154 0.16346153846153846 0.038461538461538464
5 0.453125 0.08413461538461539 0.3004807692307692 0.1201923076923077
5 0.609375 0.04927884615384615 0.14182692307692307 0.08413461538461539
5 0.5396634615384616 0.055288461538461536 0.21875 0.10576923076923077
5 0.6538461538461539 0.1875 0.16346153846153846 0.22115384615384615
5 0.8088942307692307 0.1466346153846154 0.13701923076923078 0.19230769230769232
5 0.7536057692307693 0.06129807692307692 0.20432692307692307 0.11778846153846154
5 0.9158653846153846 0.06129807692307692 0.16826923076923078 0.11778846153846154
5 0.921875 0.16466346153846154 0.15625 0.18028846153846154
5 0.9519230769230769 0.28846153846153844 0.09134615384615384 0.04807692307692308
5 0.9435096153846154 0.3449519230769231 0.11298076923076923 0.14182692307692307
5 0.8317307692307693 0.2764423076923077 0.14903846153846154 0.07692307692307693
5 0.7043269230769231 0.3329326923076923 0.23557692307692307 0.08413461538461539
5 0.5625 0.41947115384615385 0.20192307692307693 0.14182692307692307
5 0.7451923076923077 0.4230769230769231 0.1971153846153846 0.1346153846153846
5 0.8834134615384616 0.4891826923076923 0.23317307692307693 0.10336538461538461
5 0.8557692307692307 0.5889423076923077 0.25 0.15384615384615385
5 0.7427884615384616 0.5528846153846154 0.14903846153846154 0.10576923076923077
5 0.5841346153846154 0.5769230769230769 0.20192307692307693 0.16346153846153846
5 0.44471153846153844 0.5240384615384616 0.16346153846153846 0.11057692307692307
5 0.29086538461538464 0.4423076923076923 0.32211538461538464 0.15865384615384615
5 0.34375 0.34375 0.15865384615384615 0.07211538461538461
5 0.28725961538461536 0.39903846153846156 0.14182692307692307 0.125
5 0.5048076923076923 0.5012019230769231 0.9951923076923077 0.9975961538461539
