5 0.7283653846153846 0.6466346153846154 0.09615384615384616 0.07211538461538461
5 0.7127403846153846 0.5192307692307693 0.11778846153846154 0.07211538461538461
5 0.09375 0.875 0.09615384615384616 0.07692307692307693
5 0.1466346153846154 0.9350961538461539 0.08173076923076923 0.08173076923076923
5 0.08653846153846154 0.9747596153846154 0.057692307692307696 0.05048076923076923
5 0.15384615384615385 0.9915865384615384 0.0673076923076923 0.016826923076923076
5 0.15625 0.8365384615384616 0.08173076923076923 0.07692307692307693
5 0.4362980769230769 0.8990384615384616 0.11778846153846154 0.08653846153846154
5 0.5192307692307693 0.9278846153846154 0.07692307692307693 0.07211538461538461
5 0.6081730769230769 0.9338942307692307 0.10096153846153846 0.06971153846153846
5 0.6887019230769231 0.96875 0.10817307692307693 0.0625
5 0.6850961538461539 0.8918269230769231 0.09134615384615384 0.08173076923076923
5 0.6418269230769231 0.8485576923076923 0.07692307692307693 0.04807692307692308
5 0.5817307692307693 0.8629807692307693 0.09134615384615384 0.04807692307692308
5 0.46875 0.984375 0.07211538461538461 0.03125
5 0.5168269230769231 0.984375 0.052884615384615384 0.03125
5 0.5637019230769231 0.984375 0.04567307692307692 0.03125
5 0.5480769230769231 0.84375 0.08653846153846154 0.04326923076923077
5 0.4543269230769231 0.8461538461538461 0.052884615384615384 0.03365384615384615
5 0.3161057692307692 0.984375 0.040865384615384616 0.03125
5 0.3557692307692308 0.9783653846153846 0.052884615384615384 0.04326923076923077
5 0.33413461538461536 0.9014423076923077 0.07692307692307693 0.04807692307692308
5 0.33413461538461536 0.9435096153846154 0.057692307692307696 0.026442307692307692
5 0.2644230769230769 0.9519230769230769 0.07211538461538461 0.0625
5 0.2668269230769231 0.8665865384615384 0.0673076923076923 0.0889423076923077
5 0.34615384615384615 0.84375 0.052884615384615384 0.04807692307692308
5 0.4074519230769231 0.8377403846153846 0.040865384615384616 0.026442307692307692
