5 0.1045673076923077 0.6081730769230769 0.19471153846153846 0.4326923076923077
5 0.04927884615384615 0.8870192307692307 0.08413461538461539 0.1346153846153846
5 0.10697115384615384 0.9519230769230769 0.19951923076923078 0.09615384615384616
5 0.20673076923076922 0.8485576923076923 0.23076923076923078 0.16346153846153846
5 0.3137019230769231 0.5769230769230769 0.2668269230769231 0.4375
5 0.5721153846153846 0.5625 0.2980769230769231 0.46634615384615385
5 0.8533653846153846 0.5408653846153846 0.2932692307692308 0.47596153846153844
5 0.9002403846153846 0.6826923076923077 0.19951923076923078 0.44711538461538464
5 0.6754807692307693 0.8100961538461539 0.25961538461538464 0.1971153846153846
5 0.42788461538461536 0.8389423076923077 0.2548076923076923 0.18269230769230768
5 0.3125 0.9423076923076923 0.21634615384615385 0.11538461538461539
5 0.5180288461538461 0.9338942307692307 0.21394230769230768 0.13221153846153846
5 0.7451923076923077 0.9314903846153846 0.2403846153846154 0.13701923076923078
5 0.9278846153846154 0.9411057692307693 0.14423076923076922 0.11778846153846154
