5 0.7608173076923077 0.9338942307692307 0.18028846153846154 0.12740384615384615
5 0.8713942307692307 0.6237980769230769 0.25721153846153844 0.59375
5 0.890625 0.22355769230769232 0.21875 0.3317307692307692
5 0.9338942307692307 0.052884615384615384 0.12740384615384615 0.10096153846153846
5 0.7127403846153846 0.18269230769230768 0.05048076923076923 0.2692307692307692
5 0.8028846153846154 0.17548076923076922 0.13942307692307693 0.34615384615384615
5 0.5997596153846154 0.4387019230769231 0.10817307692307693 0.3245192307692308
5 0.6875 0.5132211538461539 0.1875 0.4110576923076923
5 0.5300480769230769 0.4483173076923077 0.14182692307692307 0.31009615384615385
5 0.5973557692307693 0.29447115384615385 0.11778846153846154 0.06490384615384616
5 0.6766826923076923 0.9819711538461539 0.07451923076923077 0.03125
5 0.6322115384615384 0.8605769230769231 0.125 0.20192307692307693
5 0.5973557692307693 0.9663461538461539 0.11778846153846154 0.0625
5 0.5204326923076923 0.9206730769230769 0.12740384615384615 0.15384615384615385
5 0.47115384615384615 0.8930288461538461 0.14903846153846154 0.19951923076923078
5 0.37740384615384615 0.9543269230769231 0.125 0.08653846153846154
5 0.2932692307692308 0.9086538461538461 0.09615384615384616 0.1778846153846154
5 0.2536057692307692 0.9435096153846154 0.06971153846153846 0.10817307692307693
5 0.22115384615384615 0.8810096153846154 0.10096153846153846 0.23317307692307693
5 0.32091346153846156 0.7776442307692307 0.0889423076923077 0.23798076923076922
5 0.41466346153846156 0.8581730769230769 0.12259615384615384 0.25
5 0.53125 0.7668269230769231 0.10096153846153846 0.1875
5 0.43990384615384615 0.7091346153846154 0.07692307692307693 0.18269230769230768
5 0.359375 0.6418269230769231 0.09375 0.18269230769230768
5 0.22115384615384615 0.6418269230769231 0.08653846153846154 0.11057692307692307
5 0.25 0.7259615384615384 0.0625 0.09615384615384616
5 0.17908653846153846 0.7235576923076923 0.06971153846153846 0.08173076923076923
5 0.14302884615384615 0.6923076923076923 0.055288461538461536 0.07211538461538461
5 0.13221153846153846 0.8245192307692307 0.0625 0.18269230769230768
5 0.09254807692307693 0.7331730769230769 0.055288461538461536 0.15384615384615385
5 0.039663461538461536 0.6478365384615384 0.07451923076923077 0.23317307692307693
5 0.06850961538461539 0.5 0.055288461538461536 0.16346153846153846
5 0.10817307692307693 0.5276442307692307 0.038461538461538464 0.1658653846153846
5 0.13221153846153846 0.6129807692307693 0.038461538461538464 0.08173076923076923
5 0.15144230769230768 0.5576923076923077 0.038461538461538464 0.07692307692307693
5 0.1971153846153846 0.5048076923076923 0.08653846153846154 0.16346153846153846
5 0.265625 0.5865384615384616 0.09375 0.20192307692307693
5 0.11899038461538461 0.4519230769230769 0.07451923076923077 0.15865384615384615
5 0.05889423076923077 0.37259615384615385 0.0889423076923077 0.1201923076923077
5 0.02403846153846154 0.42427884615384615 0.04326923076923077 0.24278846153846154
5 0.6141826923076923 0.18870192307692307 0.15144230769230768 0.23798076923076922
5 0.5216346153846154 0.18028846153846154 0.125 0.2644230769230769
5 0.4735576923076923 0.38822115384615385 0.14423076923076922 0.31490384615384615
5 0.38461538461538464 0.38822115384615385 0.04326923076923077 0.20432692307692307
5 0.39783653846153844 0.2403846153846154 0.055288461538461536 0.09134615384615384
5 0.40625 0.1201923076923077 0.14903846153846154 0.19230769230769232
5 0.34975961538461536 0.3293269230769231 0.10817307692307693 0.28846153846153844
5 0.24879807692307693 0.2920673076923077 0.09375 0.25240384615384615
5 0.2536057692307692 0.09615384615384616 0.09375 0.1875
5 0.3173076923076923 0.12620192307692307 0.04326923076923077 0.21875
5 0.18389423076923078 0.25600961538461536 0.07451923076923077 0.22355769230769232
5 0.1346153846153846 0.21754807692307693 0.11057692307692307 0.19951923076923078
5 0.0625 0.18990384615384615 0.0673076923076923 0.17307692307692307
5 0.046875 0.15865384615384615 0.07451923076923077 0.1875
5 0.140625 0.06370192307692307 0.05048076923076923 0.11298076923076923
5 0.17668269230769232 0.07091346153846154 0.026442307692307692 0.13701923076923078
5 0.0673076923076923 0.056490384615384616 0.11538461538461539 0.10817307692307693
