5 0.8100961538461539 0.6850961538461539 0.36538461538461536 0.5625
5 0.5504807692307693 0.8918269230769231 0.40384615384615385 0.21153846153846154
5 0.875 0.9483173076923077 0.25 0.0985576923076923
5 0.4639423076923077 0.5961538461538461 0.40384615384615385 0.8028846153846154
5 0.17067307692307693 0.8137019230769231 0.3317307692307692 0.36778846153846156
5 0.17067307692307693 0.23197115384615385 0.3317307692307692 0.4543269230769231
5 0.1658653846153846 0.6322115384615384 0.32211538461538464 0.40865384615384615
5 0.4543269230769231 0.19471153846153846 0.23076923076923078 0.3798076923076923
5 0.7836538461538461 0.20793269230769232 0.4326923076923077 0.40625
5 0.5024038461538461 0.5012019230769231 0.9951923076923077 0.9927884615384616
