5 0.7836538461538461 0.9314903846153846 0.4326923076923077 0.13221153846153846
5 0.7548076923076923 0.8305288461538461 0.49038461538461536 0.33413461538461536
5 0.2668269230769231 0.8509615384615384 0.5288461538461539 0.2980769230769231
5 0.6682692307692307 0.5661057692307693 0.6634615384615384 0.41586538461538464
5 0.2824519230769231 0.45552884615384615 0.5600961538461539 0.5120192307692307
5 0.7800480769230769 0.34375 0.43990384615384615 0.3557692307692308
5 0.6382211538461539 0.14182692307692307 0.7235576923076923 0.27884615384615385
5 0.19230769230769232 0.2956730769230769 0.3798076923076923 0.3798076923076923
5 0.21033653846153846 0.109375 0.41586538461538464 0.21394230769230768
5 0.5012019230769231 0.5 0.9975961538461539 0.9951923076923077
