5 0.4338942307692308 0.09975961538461539 0.46875 0.18509615384615385
5 0.46875 0.31971153846153844 0.4807692307692308 0.2692307692307692
5 0.4879807692307692 0.5733173076923077 0.5048076923076923 0.2860576923076923
5 0.5228365384615384 0.8497596153846154 0.5408653846153846 0.3004807692307692
5 0.20673076923076922 0.6754807692307693 0.21153846153846154 0.2692307692307692
5 0.2091346153846154 0.4254807692307692 0.22596153846153846 0.25
5 0.18028846153846154 0.1971153846153846 0.21153846153846154 0.23557692307692307
5 0.13221153846153846 0.05048076923076923 0.15384615384615385 0.08653846153846154
5 0.1971153846153846 0.8966346153846154 0.18269230769230768 0.20673076923076922
5 0.055288461538461536 0.7391826923076923 0.10096153846153846 0.23798076923076922
5 0.055288461538461536 0.5192307692307693 0.10096153846153846 0.23076923076923078
5 0.055288461538461536 0.3088942307692308 0.10096153846153846 0.21875
5 0.04807692307692308 0.1045673076923077 0.08653846153846154 0.19951923076923078
5 0.06370192307692307 0.9290865384615384 0.11778846153846154 0.14182692307692307
