5 0.17908653846153846 0.8545673076923077 0.18509615384615385 0.1658653846153846
5 0.3076923076923077 0.9326923076923077 0.23557692307692307 0.1346153846153846
5 0.36899038461538464 0.7956730769230769 0.18509615384615385 0.14423076923076922
5 0.125 0.6370192307692307 0.21153846153846154 0.1201923076923077
5 0.4254807692307692 0.6646634615384616 0.16346153846153846 0.12740384615384615
5 0.2247596153846154 0.6262019230769231 0.18509615384615385 0.1658653846153846
5 0.13341346153846154 0.49278846153846156 0.18028846153846154 0.125
5 0.28365384615384615 0.47596153846153844 0.15865384615384615 0.1201923076923077
5 0.3329326923076923 0.5588942307692307 0.18509615384615385 0.10817307692307693
5 0.47115384615384615 0.5264423076923077 0.22596153846153846 0.14423076923076922
5 0.5649038461538461 0.65625 0.16346153846153846 0.10576923076923077
5 0.5240384615384616 0.7548076923076923 0.1346153846153846 0.09615384615384616
5 0.5336538461538461 0.8737980769230769 0.1971153846153846 0.12740384615384615
5 0.125 0.38221153846153844 0.20192307692307693 0.09615384615384616
5 0.24759615384615385 0.3581730769230769 0.14903846153846154 0.11538461538461539
5 0.3798076923076923 0.3918269230769231 0.1971153846153846 0.11538461538461539
5 0.5192307692307693 0.39663461538461536 0.1971153846153846 0.11538461538461539
5 0.6658653846153846 0.4807692307692308 0.13942307692307693 0.1201923076923077
5 0.7536057692307693 0.5625 0.18028846153846154 0.125
5 0.7896634615384616 0.6682692307692307 0.17067307692307693 0.14423076923076922
5 0.8677884615384616 0.7860576923076923 0.15384615384615385 0.1346153846153846
5 0.7764423076923077 0.9459134615384616 0.22596153846153846 0.10817307692307693
5 0.71875 0.8509615384615384 0.125 0.10576923076923077
5 0.6887019230769231 0.7692307692307693 0.17548076923076922 0.1201923076923077
5 0.7788461538461539 0.31490384615384615 0.20192307692307693 0.1346153846153846
5 0.6742788461538461 0.3581730769230769 0.18509615384615385 0.15384615384615385
5 0.8028846153846154 0.4519230769230769 0.125 0.1201923076923077
5 0.5096153846153846 0.1346153846153846 0.21153846153846154 0.13942307692307693
5 0.43149038461538464 0.2668269230769231 0.18509615384615385 0.11057692307692307
5 0.3173076923076923 0.2932692307692308 0.1346153846153846 0.09134615384615384
5 0.20673076923076922 0.1875 0.14903846153846154 0.10576923076923077
5 0.34134615384615385 0.17067307692307693 0.13942307692307693 0.11057692307692307
5 0.19591346153846154 0.052884615384615384 0.17067307692307693 0.10096153846153846
5 0.36177884615384615 0.06009615384615385 0.17067307692307693 0.11538461538461539
5 0.5336538461538461 0.052884615384615384 0.23557692307692307 0.10096153846153846
5 0.8016826923076923 0.1875 0.18509615384615385 0.12980769230769232
5 0.6346153846153846 0.21033653846153846 0.14903846153846154 0.1466346153846154
