5 0.7932692307692307 0.75 0.40865384615384615 0.39903846153846156
5 0.875 0.3317307692307692 0.20673076923076922 0.2403846153846154
5 0.9603365384615384 0.0889423076923077 0.06009615384615385 0.09615384615384616
5 0.8245192307692307 0.11778846153846154 0.1201923076923077 0.11057692307692307
5 0.7043269230769231 0.09375 0.08653846153846154 0.09134615384615384
5 0.45913461538461536 0.8473557692307693 0.25961538461538464 0.22355769230769232
5 0.11538461538461539 0.828125 0.22115384615384615 0.31009615384615385
5 0.2848557692307692 0.5600961538461539 0.2668269230769231 0.4375
5 0.6009615384615384 0.45913461538461536 0.375 0.38461538461538464
5 0.5012019230769231 0.2512019230769231 0.31971153846153844 0.2283653846153846
5 0.16706730769230768 0.27283653846153844 0.31971153846153844 0.2283653846153846
5 0.5973557692307693 0.09014423076923077 0.07932692307692307 0.07451923076923077
5 0.47596153846153844 0.08533653846153846 0.11057692307692307 0.08413461538461539
5 0.36177884615384615 0.07692307692307693 0.07932692307692307 0.1201923076923077
5 0.25961538461538464 0.08774038461538461 0.07692307692307693 0.06971153846153846
5 0.16105769230769232 0.08533653846153846 0.10096153846153846 0.07451923076923077
5 0.051682692307692304 0.10336538461538461 0.08413461538461539 0.09134615384615384
