5 0.7331730769230769 0.7560096153846154 0.16826923076923078 0.36778846153846156
5 0.6141826923076923 0.5180288461538461 0.15625 0.7283653846153846
5 0.7331730769230769 0.7211538461538461 0.15865384615384615 0.28365384615384615
5 0.6141826923076923 0.296875 0.15625 0.2860576923076923
5 0.5048076923076923 0.8185096153846154 0.15865384615384615 0.31490384615384615
5 0.4098557692307692 0.5841346153846154 0.17548076923076922 0.6586538461538461
5 0.41225961538461536 0.4014423076923077 0.16105769230769232 0.27884615384615385
5 0.2644230769230769 0.17307692307692307 0.15384615384615385 0.27884615384615385
5 0.25961538461538464 0.4387019230769231 0.17307692307692307 0.8100961538461539
5 0.2764423076923077 0.7776442307692307 0.16826923076923078 0.31009615384615385
