5 0.23317307692307693 0.2403846153846154 0.3798076923076923 0.46153846153846156
5 0.10216346153846154 0.375 0.18990384615384615 0.7307692307692307
5 0.4519230769230769 0.08653846153846154 0.1778846153846154 0.15384615384615385
5 0.6826923076923077 0.2548076923076923 0.25961538461538464 0.49038461538461536
5 0.5336538461538461 0.3954326923076923 0.35096153846153844 0.6995192307692307
5 0.34375 0.6442307692307693 0.36538461538461536 0.7163461538461539
5 0.16466346153846154 0.7764423076923077 0.31971153846153844 0.44711538461538464
5 0.8521634615384616 0.1814903846153846 0.2956730769230769 0.3485576923076923
5 0.8521634615384616 0.6478365384615384 0.2956730769230769 0.7043269230769231
5 0.9423076923076923 0.375 0.11538461538461539 0.5
5 0.6862980769230769 0.7704326923076923 0.3485576923076923 0.45913461538461536
5 0.4579326923076923 0.8930288461538461 0.2620192307692308 0.21394230769230768
