5 0.15625 0.1971153846153846 0.2980769230769231 0.375
5 0.43509615384615385 0.24519230769230768 0.3076923076923077 0.47115384615384615
5 0.6875 0.25600961538461536 0.28846153846153844 0.49278846153846156
5 0.890625 0.2247596153846154 0.21875 0.43509615384615385
5 0.8257211538461539 0.6610576923076923 0.3485576923076923 0.4519230769230769
5 0.5120192307692307 0.6274038461538461 0.30288461538461536 0.4375
5 0.17067307692307693 0.5192307692307693 0.3269230769230769 0.2932692307692308
5 0.1875 0.703125 0.36538461538461536 0.59375
5 0.44591346153846156 0.9158653846153846 0.15144230769230768 0.16826923076923078
5 0.7596153846153846 0.7956730769230769 0.4807692307692308 0.40865384615384615
5 0.5024038461538461 0.5048076923076923 0.9951923076923077 0.9903846153846154
