5 0.1466346153846154 0.9375 0.2548076923076923 0.125
5 0.13701923076923078 0.7980769230769231 0.24519230769230768 0.20192307692307693
5 0.13341346153846154 0.6442307692307693 0.22355769230769232 0.19230769230769232
5 0.1310096153846154 0.4723557692307692 0.2091346153846154 0.22355769230769232
5 0.12860576923076922 0.2932692307692308 0.21394230769230768 0.2692307692307692
5 0.6201923076923077 0.41225961538461536 0.7307692307692307 0.6418269230769231
5 0.515625 0.6911057692307693 0.5793269230769231 0.6177884615384616
5 0.9555288461538461 0.8810096153846154 0.0889423076923077 0.23798076923076922
5 0.9651442307692307 0.6526442307692307 0.06971153846153846 0.25721153846153844
5 0.9627403846153846 0.4182692307692308 0.07451923076923077 0.27884615384615385
5 0.9615384615384616 0.21995192307692307 0.07692307692307693 0.3004807692307692
5 0.45913461538461536 0.1778846153846154 0.9086538461538461 0.33653846153846156
5 0.6538461538461539 0.7728365384615384 0.22115384615384615 0.3581730769230769
5 0.3870192307692308 0.7764423076923077 0.2644230769230769 0.44711538461538464
5 0.6694711538461539 0.7668269230769231 0.2860576923076923 0.24519230769230768
