5 0.21033653846153846 0.6478365384615384 0.41586538461538464 0.41586538461538464
5 0.5625 0.6177884615384616 0.5961538461538461 0.3557692307692308
5 0.44591346153846156 0.6514423076923077 0.8870192307692307 0.40865384615384615
5 0.21394230769230768 0.2512019230769231 0.1201923076923077 0.06009615384615385
5 0.21995192307692307 0.3557692307692308 0.2283653846153846 0.10096153846153846
5 0.40384615384615385 0.8870192307692307 0.38461538461538464 0.14903846153846154
5 0.41947115384615385 0.9663461538461539 0.3629807692307692 0.057692307692307696
5 0.078125 0.9387019230769231 0.15144230769230768 0.11778846153846154
5 0.040865384615384616 0.125 0.02403846153846154 0.23076923076923078
5 0.06490384615384616 0.11899038461538461 0.038461538461538464 0.21875
5 0.09975961538461539 0.1201923076923077 0.040865384615384616 0.22596153846153846
5 0.12139423076923077 0.1201923076923077 0.036057692307692304 0.21153846153846154
5 0.13942307692307693 0.1201923076923077 0.019230769230769232 0.22596153846153846
5 0.16466346153846154 0.109375 0.03125 0.21394230769230768
5 0.19831730769230768 0.11177884615384616 0.03125 0.21875
5 0.23557692307692307 0.125 0.038461538461538464 0.20673076923076922
5 0.2644230769230769 0.11538461538461539 0.019230769230769232 0.20192307692307693
5 0.28846153846153844 0.1201923076923077 0.03365384615384615 0.21153846153846154
5 0.3088942307692308 0.12620192307692307 0.026442307692307692 0.23798076923076922
5 0.34375 0.12139423076923077 0.052884615384615384 0.23798076923076922
5 0.3918269230769231 0.12980769230769232 0.03365384615384615 0.20673076923076922
5 0.4206730769230769 0.1201923076923077 0.02403846153846154 0.20192307692307693
5 0.45072115384615385 0.12620192307692307 0.036057692307692304 0.18990384615384615
5 0.48197115384615385 0.1310096153846154 0.016826923076923076 0.19471153846153846
5 0.4987980769230769 0.1201923076923077 0.016826923076923076 0.20192307692307693
5 0.5276442307692307 0.125 0.026442307692307692 0.20673076923076922
5 0.5504807692307693 0.11538461538461539 0.028846153846153848 0.21153846153846154
5 0.5901442307692307 0.11778846153846154 0.04567307692307692 0.20673076923076922
5 0.6225961538461539 0.1201923076923077 0.02403846153846154 0.21153846153846154
5 0.6646634615384616 0.11538461538461539 0.055288461538461536 0.20192307692307693
5 0.7007211538461539 0.109375 0.026442307692307692 0.18990384615384615
5 0.7331730769230769 0.11177884615384616 0.04326923076923077 0.21875
5 0.7608173076923077 0.11778846153846154 0.026442307692307692 0.20673076923076922
5 0.7908653846153846 0.11177884615384616 0.03365384615384615 0.19471153846153846
5 0.8305288461538461 0.10336538461538461 0.05048076923076923 0.20192307692307693
5 0.8677884615384616 0.11778846153846154 0.019230769230769232 0.18269230769230768
5 0.8930288461538461 0.11538461538461539 0.036057692307692304 0.1778846153846154
5 0.9230769230769231 0.10336538461538461 0.02403846153846154 0.20192307692307693
5 0.9567307692307693 0.11899038461538461 0.03365384615384615 0.19471153846153846
5 0.9891826923076923 0.109375 0.021634615384615384 0.18990384615384615
5 0.9555288461538461 0.3629807692307692 0.04567307692307692 0.21153846153846154
5 0.9002403846153846 0.35697115384615385 0.05048076923076923 0.19951923076923078
5 0.9266826923076923 0.3762019230769231 0.016826923076923076 0.18990384615384615
5 0.8497596153846154 0.3629807692307692 0.03125 0.22596153846153846
5 0.8197115384615384 0.37259615384615385 0.028846153846153848 0.18269230769230768
5 0.7992788461538461 0.36658653846153844 0.03125 0.17067307692307693
5 0.7728365384615384 0.36899038461538464 0.036057692307692304 0.18990384615384615
5 0.7475961538461539 0.3641826923076923 0.03365384615384615 0.18990384615384615
5 0.78125 0.2608173076923077 0.10576923076923077 0.06490384615384616
5 0.71875 0.37259615384615385 0.028846153846153848 0.20673076923076922
5 0.6887019230769231 0.36658653846153844 0.040865384615384616 0.18509615384615385
5 0.65625 0.36658653846153844 0.03365384615384615 0.21875
5 0.6334134615384616 0.3858173076923077 0.026442307692307692 0.19471153846153846
5 0.6129807692307693 0.38461538461538464 0.02403846153846154 0.18269230769230768
5 0.5913461538461539 0.35697115384615385 0.03365384615384615 0.19951923076923078
5 0.5745192307692307 0.390625 0.03365384615384615 0.21875
5 0.5540865384615384 0.38461538461538464 0.026442307692307692 0.17307692307692307
5 0.5300480769230769 0.38461538461538464 0.026442307692307692 0.18269230769230768
5 0.5108173076923077 0.375 0.016826923076923076 0.1778846153846154
5 0.49278846153846156 0.38100961538461536 0.03365384615384615 0.19951923076923078
5 0.46153846153846156 0.3870192307692308 0.04807692307692308 0.22596153846153846
5 0.41466346153846156 0.36658653846153844 0.04567307692307692 0.18509615384615385
5 0.38461538461538464 0.36899038461538464 0.052884615384615384 0.1658653846153846
5 0.35336538461538464 0.37259615384615385 0.028846153846153848 0.14903846153846154
5 0.07451923076923077 0.33653846153846156 0.028846153846153848 0.14903846153846154
5 0.09975961538461539 0.32211538461538464 0.026442307692307692 0.12980769230769232
5 0.04927884615384615 0.34615384615384615 0.040865384615384616 0.12980769230769232
5 0.9399038461538461 0.6478365384615384 0.07692307692307693 0.19951923076923078
5 0.9867788461538461 0.7740384615384616 0.026442307692307692 0.30288461538461536
5 0.9867788461538461 0.953125 0.026442307692307692 0.0889423076923077
5 0.9747596153846154 0.5588942307692307 0.05048076923076923 0.14182692307692307
5 0.875 0.6213942307692307 0.07692307692307693 0.19471153846153846
5 0.9459134615384616 0.875 0.026442307692307692 0.15865384615384615
5 0.9182692307692307 0.8545673076923077 0.03365384615384615 0.21394230769230768
5 0.8966346153846154 0.8725961538461539 0.03365384615384615 0.20192307692307693
5 0.8233173076923077 0.9014423076923077 0.15144230769230768 0.15384615384615385
5 0.6634615384615384 0.8569711538461539 0.1201923076923077 0.11298076923076923
5 0.7536057692307693 0.8894230769230769 0.055288461538461536 0.1778846153846154
5 0.7896634615384616 0.6334134615384616 0.036057692307692304 0.19471153846153846
5 0.7560096153846154 0.6009615384615384 0.036057692307692304 0.15384615384615385
5 0.7151442307692307 0.5973557692307693 0.036057692307692304 0.11298076923076923
5 0.6887019230769231 0.6045673076923077 0.026442307692307692 0.0889423076923077
5 0.6574519230769231 0.5817307692307693 0.026442307692307692 0.07211538461538461
5 0.6334134615384616 0.5661057692307693 0.007211538461538462 0.036057692307692304
