5 0.20192307692307693 0.10336538461538461 0.38461538461538464 0.19230769230769232
5 0.2620192307692308 0.39663461538461536 0.5096153846153846 0.42788461538461536
5 0.03245192307692308 0.5793269230769231 0.04567307692307692 0.125
5 0.09375 0.8209134615384616 0.17307692307692307 0.3581730769230769
5 0.39663461538461536 0.7932692307692307 0.6634615384615384 0.41346153846153844
5 0.6105769230769231 0.20192307692307693 0.44711538461538464 0.3894230769230769
5 0.9555288461538461 0.5757211538461539 0.0889423076923077 0.22355769230769232
5 0.8653846153846154 0.1658653846153846 0.2692307692307692 0.32211538461538464
5 0.9134615384615384 0.27403846153846156 0.17307692307692307 0.2980769230769231
5 0.8377403846153846 0.8076923076923077 0.3293269230769231 0.38461538461538464
5 0.7271634615384616 0.47716346153846156 0.49759615384615385 0.41586538461538464
