5 0.6081730769230769 0.10336538461538461 0.4326923076923077 0.19230769230769232
5 0.8870192307692307 0.04927884615384615 0.1346153846153846 0.08413461538461539
5 0.9519230769230769 0.10697115384615384 0.09615384615384616 0.19951923076923078
5 0.8485576923076923 0.20673076923076922 0.16346153846153846 0.23076923076923078
5 0.5769230769230769 0.3125 0.4375 0.2644230769230769
5 0.5625 0.5721153846153846 0.46634615384615385 0.2980769230769231
5 0.5384615384615384 0.8533653846153846 0.47596153846153844 0.2932692307692308
5 0.6826923076923077 0.9002403846153846 0.44711538461538464 0.19951923076923078
5 0.8100961538461539 0.6754807692307693 0.1971153846153846 0.25961538461538464
5 0.8389423076923077 0.42788461538461536 0.18269230769230768 0.2548076923076923
5 0.9423076923076923 0.3125 0.11538461538461539 0.21634615384615385
5 0.9338942307692307 0.5180288461538461 0.13221153846153846 0.21394230769230768
5 0.9314903846153846 0.7451923076923077 0.13701923076923078 0.2403846153846154
5 0.9399038461538461 0.9290865384615384 0.1201923076923077 0.1466346153846154
