5 0.8293269230769231 0.6947115384615384 0.3317307692307692 0.41346153846153844
5 0.42908653846153844 0.8533653846153846 0.8485576923076923 0.2932692307692308
5 0.9230769230769231 0.9290865384615384 0.14903846153846154 0.14182692307692307
5 0.09014423076923077 0.9627403846153846 0.17067307692307693 0.07451923076923077
5 0.6766826923076923 0.7692307692307693 0.4639423076923077 0.22115384615384615
5 0.2980769230769231 0.6875 0.3269230769230769 0.10096153846153846
5 0.12259615384615384 0.5721153846153846 0.23557692307692307 0.3798076923076923
5 0.19591346153846154 0.375 0.3389423076923077 0.16826923076923078
5 0.5793269230769231 0.5024038461538461 0.8317307692307693 0.3701923076923077
5 0.8161057692307693 0.19591346153846154 0.3629807692307692 0.3004807692307692
5 0.3317307692307692 0.16947115384615385 0.6538461538461539 0.33413461538461536
5 0.10216346153846154 0.27524038461538464 0.18509615384615385 0.13701923076923078
5 0.4951923076923077 0.34134615384615385 0.3269230769230769 0.15865384615384615
5 0.8233173076923077 0.03485576923076923 0.3485576923076923 0.06490384615384616
