5 0.2764423076923077 0.65625 0.3317307692307692 0.5240384615384616
5 0.6466346153846154 0.6586538461538461 0.28365384615384615 0.5288461538461539
5 0.40384615384615385 0.5564903846153846 0.3125 0.43990384615384615
5 0.7379807692307693 0.5588942307692307 0.3076923076923077 0.43509615384615385
5 0.4026442307692308 0.42788461538461536 0.31971153846153844 0.7067307692307693
5 0.7415865384615384 0.4230769230769231 0.31971153846153844 0.7067307692307693
1 0.09375 0.35336538461538464 0.17307692307692307 0.7019230769230769
0 0.0889423076923077 0.44711538461538464 0.16346153846153846 0.5240384615384616
0 0.9591346153846154 0.46875 0.08173076923076923 0.08173076923076923
0 0.9278846153846154 0.5961538461538461 0.14423076923076922 0.23076923076923078
