5 0.6610576923076923 0.9699519230769231 0.5769230769230769 0.06009615384615385
5 0.6370192307692307 0.9074519230769231 0.625 0.036057692307692304
5 0.65625 0.8665865384615384 0.5673076923076923 0.036057692307692304
5 0.6538461538461539 0.8137019230769231 0.5769230769230769 0.05048076923076923
5 0.5961538461538461 0.7680288461538461 0.6778846153846154 0.03125
5 0.6201923076923077 0.7079326923076923 0.6442307692307693 0.07451923076923077
5 0.6334134615384616 0.6694711538461539 0.5889423076923077 0.040865384615384616
5 0.6370192307692307 0.6201923076923077 0.5817307692307693 0.052884615384615384
5 0.6502403846153846 0.5889423076923077 0.5408653846153846 0.028846153846153848
5 0.6334134615384616 0.5360576923076923 0.5889423076923077 0.07692307692307693
5 0.6394230769230769 0.4795673076923077 0.5769230769230769 0.04567307692307692
5 0.6298076923076923 0.4519230769230769 0.5817307692307693 0.028846153846153848
5 0.6574519230769231 0.43149038461538464 0.5408653846153846 0.03125
5 0.6370192307692307 0.39302884615384615 0.5961538461538461 0.036057692307692304
5 0.6442307692307693 0.35216346153846156 0.5817307692307693 0.04567307692307692
5 0.5961538461538461 0.31850961538461536 0.6634615384615384 0.03125
5 0.6033653846153846 0.296875 0.6634615384615384 0.040865384615384616
5 0.5997596153846154 0.265625 0.6706730769230769 0.036057692307692304
5 0.6370192307692307 0.234375 0.5817307692307693 0.04567307692307692
5 0.6574519230769231 0.20072115384615385 0.5552884615384616 0.03125
5 0.65625 0.17908653846153846 0.5673076923076923 0.03125
5 0.6478365384615384 0.1346153846153846 0.5889423076923077 0.0625
5 0.6129807692307693 0.07211538461538461 0.6442307692307693 0.08173076923076923
5 0.6442307692307693 0.025240384615384616 0.5673076923076923 0.04567307692307692
