5 0.6778846153846154 0.7680288461538461 0.6394230769230769 0.45913461538461536
5 0.7355769230769231 0.47115384615384615 0.5288461538461539 0.21634615384615385
5 0.9615384615384616 0.23918269230769232 0.07692307692307693 0.4110576923076923
5 0.7307692307692307 0.35336538461538464 0.47596153846153844 0.09134615384615384
5 0.7283653846153846 0.2956730769230769 0.40865384615384615 0.0625
5 0.7283653846153846 0.24639423076923078 0.3942307692307692 0.03125
5 0.7331730769230769 0.21995192307692307 0.3942307692307692 0.040865384615384616
5 0.7355769230769231 0.1935096153846154 0.375 0.040865384615384616
5 0.7379807692307693 0.1622596153846154 0.35096153846153844 0.05048076923076923
5 0.7596153846153846 0.1310096153846154 0.34615384615384615 0.040865384615384616
5 0.7632211538461539 0.09735576923076923 0.31490384615384615 0.04567307692307692
5 0.20192307692307693 0.8653846153846154 0.39903846153846156 0.2644230769230769
5 0.21033653846153846 0.8257211538461539 0.4110576923076923 0.3245192307692308
5 0.2247596153846154 0.7632211538461539 0.44471153846153844 0.46875
5 0.234375 0.6670673076923077 0.4639423076923077 0.5264423076923077
5 0.2800480769230769 0.4387019230769231 0.41586538461538464 0.18028846153846154
5 0.30408653846153844 0.3737980769230769 0.4110576923076923 0.1658653846153846
5 0.32091346153846156 0.31971153846153844 0.38221153846153844 0.14903846153846154
5 0.35216346153846156 0.28365384615384615 0.3581730769230769 0.15865384615384615
5 0.38100961538461536 0.21875 0.31490384615384615 0.09134615384615384
5 0.39783653846153844 0.19110576923076922 0.30528846153846156 0.11778846153846154
5 0.4170673076923077 0.140625 0.2620192307692308 0.10817307692307693
5 0.4362980769230769 0.11298076923076923 0.24759615384615385 0.1201923076923077
5 0.45552884615384615 0.07451923076923077 0.21875 0.09134615384615384
5 0.17908653846153846 0.10697115384615384 0.24278846153846154 0.10336538461538461
5 0.12620192307692307 0.1310096153846154 0.24759615384615385 0.040865384615384616
5 0.06850961538461539 0.38100961538461536 0.13221153846153846 0.16105769230769232
5 0.08413461538461539 0.2704326923076923 0.16346153846153846 0.07451923076923077
5 0.09615384615384616 0.20192307692307693 0.1778846153846154 0.07692307692307693
