5 0.8918269230769231 0.375 0.21153846153846154 0.3125
5 0.9495192307692307 0.31490384615384615 0.09615384615384616 0.20673076923076922
5 0.8269230769230769 0.1201923076923077 0.25961538461538464 0.1971153846153846
5 0.9639423076923077 0.10336538461538461 0.0673076923076923 0.12980769230769232
5 0.6766826923076923 0.14423076923076922 0.18509615384615385 0.23076923076923078
5 0.7139423076923077 0.28966346153846156 0.14423076923076922 0.040865384615384616
5 0.8028846153846154 0.4567307692307692 0.3076923076923077 0.28365384615384615
5 0.8653846153846154 0.7379807692307693 0.2644230769230769 0.3894230769230769
5 0.8365384615384616 0.7980769230769231 0.32211538461538464 0.40384615384615385
5 0.6899038461538461 0.44471153846153844 0.21153846153846154 0.2980769230769231
5 0.5865384615384616 0.15384615384615385 0.11057692307692307 0.25
5 0.46274038461538464 0.04927884615384615 0.13701923076923078 0.0889423076923077
5 0.5036057692307693 0.18990384615384615 0.18509615384615385 0.21634615384615385
5 0.546875 0.4639423076923077 0.24278846153846154 0.32211538461538464
5 0.6141826923076923 0.8125 0.29086538461538464 0.375
5 0.39783653846153844 0.8389423076923077 0.23798076923076922 0.32211538461538464
5 0.3701923076923077 0.5060096153846154 0.21634615384615385 0.3293269230769231
5 0.3389423076923077 0.2283653846153846 0.16346153846153846 0.22596153846153846
5 0.32572115384615385 0.06370192307692307 0.11778846153846154 0.11778846153846154
5 0.21153846153846154 0.0625 0.11057692307692307 0.11538461538461539
5 0.1935096153846154 0.24519230769230768 0.13701923076923078 0.24519230769230768
5 0.18990384615384615 0.5336538461538461 0.16346153846153846 0.3173076923076923
5 0.19591346153846154 0.8461538461538461 0.18509615384615385 0.3076923076923077
5 0.05048076923076923 0.8088942307692307 0.09615384615384616 0.18028846153846154
5 0.052884615384615384 0.5612980769230769 0.10096153846153846 0.31490384615384615
5 0.057692307692307696 0.3004807692307692 0.11057692307692307 0.20673076923076922
5 0.09134615384615384 0.10817307692307693 0.10096153846153846 0.15865384615384615
