5 0.07451923076923077 0.21995192307692307 0.12980769230769232 0.4254807692307692
5 0.17548076923076922 0.25841346153846156 0.3317307692307692 0.5024038461538461
5 0.15625 0.7391826923076923 0.2980769230769231 0.5216346153846154
5 0.43509615384615385 0.3401442307692308 0.40384615384615385 0.6658653846153846
5 0.5432692307692307 0.7223557692307693 0.5288461538461539 0.5552884615384616
5 0.6658653846153846 0.22716346153846154 0.3557692307692308 0.43990384615384615
5 0.8557692307692307 0.36658653846153844 0.28846153846153844 0.7283653846153846
5 0.7055288461538461 0.8137019230769231 0.3918269230769231 0.37259615384615385
5 0.8521634615384616 0.6862980769230769 0.3004807692307692 0.6274038461538461
5 0.5048076923076923 0.5012019230769231 0.9951923076923077 0.9975961538461539
