5 0.3125 0.14423076923076922 0.6105769230769231 0.27403846153846156
5 0.3088942307692308 0.40024038461538464 0.5985576923076923 0.31971153846153844
5 0.30408653846153844 0.6778846153846154 0.59375 0.2403846153846154
5 0.3088942307692308 0.8870192307692307 0.6081730769230769 0.22596153846153846
5 0.8052884615384616 0.14543269230769232 0.3894230769230769 0.28125
5 0.8052884615384616 0.31971153846153844 0.3894230769230769 0.13942307692307693
5 0.8052884615384616 0.5204326923076923 0.3894230769230769 0.2860576923076923
5 0.8004807692307693 0.7451923076923077 0.39903846153846156 0.1778846153846154
5 0.8040865384615384 0.9146634615384616 0.3918269230769231 0.17548076923076922
5 0.5012019230769231 0.5036057692307693 0.9975961538461539 0.9975961538461539
