5 0.8557692307692307 0.6862980769230769 0.28846153846153844 0.6225961538461539
5 0.5925480769230769 0.6550480769230769 0.3293269230769231 0.6850961538461539
5 0.8822115384615384 0.3173076923076923 0.23557692307692307 0.30288461538461536
5 0.7884615384615384 0.22596153846153846 0.2932692307692308 0.4230769230769231
5 0.5625 0.18509615384615385 0.27884615384615385 0.34134615384615385
5 0.32211538461538464 0.6658653846153846 0.25961538461538464 0.6586538461538461
5 0.32211538461538464 0.27283653846153844 0.21634615384615385 0.19951923076923078
5 0.2668269230769231 0.21634615384615385 0.2644230769230769 0.22596153846153846
5 0.057692307692307696 0.04927884615384615 0.0 0.007211538461538462
5 0.13822115384615385 0.65625 0.27163461538461536 0.6778846153846154
5 0.18269230769230768 0.1814903846153846 0.25961538461538464 0.28125
5 0.1466346153846154 0.16346153846153846 0.25 0.3076923076923077
