4 0.8822115384615384 0.4326923076923077 0.22596153846153846 0.25
4 0.8822115384615384 0.6790865384615384 0.22596153846153846 0.25721153846153844
4 0.6394230769230769 0.5456730769230769 0.27403846153846156 0.27403846153846156
4 0.5612980769230769 0.42788461538461536 0.24278846153846154 0.22596153846153846
4 0.6514423076923077 0.7800480769230769 0.1875 0.19471153846153846
4 0.39783653846153844 0.890625 0.24278846153846154 0.19471153846153846
4 0.2800480769230769 0.7367788461538461 0.31971153846153844 0.28125
4 0.5060096153846154 0.6971153846153846 0.13221153846153846 0.2644230769230769
4 0.29086538461538464 0.4951923076923077 0.2644230769230769 0.3125
4 0.09975961538461539 0.5264423076923077 0.18028846153846154 0.25
