5 0.8100961538461539 0.7415865384615384 0.375 0.5024038461538461
5 0.7680288461538461 0.31850961538461536 0.45913461538461536 0.5168269230769231
5 0.39783653846153844 0.4855769230769231 0.46875 0.47115384615384615
5 0.38822115384615385 0.5096153846153846 0.3870192307692308 0.3798076923076923
5 0.4567307692307692 0.8149038461538461 0.47596153846153844 0.3701923076923077
5 0.7427884615384616 0.12980769230769232 0.5144230769230769 0.25
5 0.33653846153846156 0.1971153846153846 0.4807692307692308 0.38461538461538464
5 0.14423076923076922 0.8629807692307693 0.28365384615384615 0.27403846153846156
5 0.11057692307692307 0.59375 0.21634615384615385 0.3798076923076923
5 0.0829326923076923 0.28725961538461536 0.16105769230769232 0.3918269230769231
