5 0.47115384615384615 0.9002403846153846 0.38461538461538464 0.19471153846153846
5 0.7163461538461539 0.7788461538461539 0.46153846153846156 0.4375
5 0.8004807692307693 0.6274038461538461 0.39903846153846156 0.6490384615384616
5 0.3918269230769231 0.7584134615384616 0.4423076923076923 0.47836538461538464
5 0.1778846153846154 0.7235576923076923 0.35096153846153844 0.5480769230769231
5 0.3870192307692308 0.3641826923076923 0.44711538461538464 0.3581730769230769
5 0.7223557692307693 0.2247596153846154 0.4110576923076923 0.44471153846153844
5 0.9591346153846154 0.3713942307692308 0.08173076923076923 0.18028846153846154
5 0.20192307692307693 0.27524038461538464 0.38461538461538464 0.5456730769230769
5 0.43990384615384615 0.14182692307692307 0.1971153846153846 0.27884615384615385
5 0.8617788461538461 0.23557692307692307 0.2764423076923077 0.46634615384615385
