5 0.13701923076923078 0.4375 0.10576923076923077 0.5625
5 0.20552884615384615 0.4338942307692308 0.09375 0.5889423076923077
5 0.2668269230769231 0.4639423076923077 0.1201923076923077 0.5673076923076923
5 0.34375 0.47836538461538464 0.12980769230769232 0.5240384615384616
5 0.4074519230769231 0.46634615384615385 0.11298076923076923 0.5721153846153846
5 0.47836538461538464 0.5060096153846154 0.10576923076923077 0.5985576923076923
5 0.5528846153846154 0.4795673076923077 0.11057692307692307 0.5889423076923077
5 0.6225961538461539 0.5 0.09134615384615384 0.6105769230769231
5 0.6971153846153846 0.5 0.11057692307692307 0.5769230769230769
5 0.7800480769230769 0.4879807692307692 0.11778846153846154 0.6057692307692307
5 0.8341346153846154 0.5192307692307693 0.12980769230769232 0.625
5 0.8930288461538461 0.4951923076923077 0.13221153846153846 0.6105769230769231
