5 0.9375 0.8581730769230769 0.125 0.2548076923076923
5 0.7980769230769231 0.8689903846153846 0.20192307692307693 0.24759615384615385
5 0.6442307692307693 0.8725961538461539 0.19230769230769232 0.22115384615384615
5 0.4723557692307692 0.8737980769230769 0.22355769230769232 0.2091346153846154
5 0.2932692307692308 0.8786057692307693 0.2692307692307692 0.21394230769230768
5 0.41225961538461536 0.3870192307692308 0.6418269230769231 0.7307692307692307
5 0.6911057692307693 0.4891826923076923 0.6177884615384616 0.5793269230769231
5 0.8810096153846154 0.04927884615384615 0.23798076923076922 0.0889423076923077
5 0.6514423076923077 0.039663461538461536 0.2548076923076923 0.06971153846153846
5 0.4182692307692308 0.042067307692307696 0.27884615384615385 0.07451923076923077
5 0.21995192307692307 0.04326923076923077 0.3004807692307692 0.07692307692307693
5 0.1778846153846154 0.5456730769230769 0.33653846153846156 0.9086538461538461
5 0.7728365384615384 0.35336538461538464 0.3581730769230769 0.22115384615384615
5 0.7764423076923077 0.6177884615384616 0.44711538461538464 0.2644230769230769
5 0.7668269230769231 0.33774038461538464 0.24519230769230768 0.2860576923076923
