5 0.10216346153846154 0.20192307692307693 0.19471153846153846 0.38461538461538464
5 0.39783653846153844 0.2620192307692308 0.43028846153846156 0.5096153846153846
5 0.5805288461538461 0.03245192307692308 0.12740384615384615 0.04567307692307692
5 0.8209134615384616 0.09375 0.3581730769230769 0.17307692307692307
5 0.7932692307692307 0.39663461538461536 0.41346153846153844 0.6634615384615384
5 0.203125 0.6105769230769231 0.3918269230769231 0.44711538461538464
5 0.5757211538461539 0.9555288461538461 0.22355769230769232 0.0889423076923077
5 0.16706730769230768 0.8653846153846154 0.3245192307692308 0.2692307692307692
5 0.27403846153846156 0.9134615384615384 0.2980769230769231 0.17307692307692307
5 0.8088942307692307 0.8365384615384616 0.38221153846153844 0.3269230769230769
5 0.47716346153846156 0.7271634615384616 0.41586538461538464 0.49759615384615385
