5 0.45552884615384615 0.49759615384615385 0.8004807692307693 0.9903846153846154
5 0.8882211538461539 0.765625 0.22355769230769232 0.44471153846153844
5 0.7235576923076923 0.9375 0.28365384615384615 0.1201923076923077
5 0.038461538461538464 0.49399038461538464 0.07211538461538461 0.4831730769230769
5 0.22355769230769232 0.6526442307692307 0.1778846153846154 0.3245192307692308
5 0.515625 0.5204326923076923 0.17067307692307693 0.25240384615384615
5 0.41586538461538464 0.18269230769230768 0.21153846153846154 0.19230769230769232
5 0.6935096153846154 0.28846153846153844 0.15144230769230768 0.2980769230769231
5 0.2692307692307692 0.38461538461538464 0.15384615384615385 0.23076923076923078
5 0.44350961538461536 0.7980769230769231 0.20432692307692307 0.39903846153846156
5 0.640625 0.3581730769230769 0.11778846153846154 0.27403846153846156
5 0.6430288461538461 0.6574519230769231 0.11298076923076923 0.10336538461538461
5 0.34134615384615385 0.4423076923076923 0.3076923076923077 0.39903846153846156
