5 0.40384615384615385 0.5288461538461539 0.23557692307692307 0.6346153846153846
5 0.4375 0.84375 0.20192307692307693 0.3076923076923077
5 0.39903846153846156 0.6057692307692307 0.28846153846153844 0.7836538461538461
5 0.28125 0.7692307692307693 0.08653846153846154 0.4567307692307692
5 0.1778846153846154 0.6947115384615384 0.20673076923076922 0.6057692307692307
5 0.7211538461538461 0.9867788461538461 0.4423076923076923 0.026442307692307692
5 0.7415865384615384 0.9411057692307693 0.45913461538461536 0.07451923076923077
5 0.7259615384615384 0.8882211538461539 0.40865384615384615 0.040865384615384616
5 0.7379807692307693 0.8245192307692307 0.40865384615384615 0.09615384615384616
5 0.7427884615384616 0.7548076923076923 0.39903846153846156 0.04807692307692308
5 0.7403846153846154 0.7115384615384616 0.40384615384615385 0.04326923076923077
5 0.7319711538461539 0.6586538461538461 0.4206730769230769 0.052884615384615384
5 0.7331730769230769 0.6081730769230769 0.40865384615384615 0.052884615384615384
5 0.7319711538461539 0.5432692307692307 0.4206730769230769 0.0673076923076923
5 0.71875 0.4795673076923077 0.44711538461538464 0.06490384615384616
5 0.7103365384615384 0.4182692307692308 0.4639423076923077 0.0673076923076923
5 0.7019230769230769 0.3605769230769231 0.4807692307692308 0.052884615384615384
5 0.6538461538461539 0.28846153846153844 0.5913461538461539 0.10576923076923077
5 0.6598557692307693 0.22115384615384615 0.6225961538461539 0.057692307692307696
5 0.6466346153846154 0.15625 0.5913461538461539 0.07211538461538461
5 0.6514423076923077 0.08653846153846154 0.5961538461538461 0.09615384615384616
5 0.6466346153846154 0.026442307692307692 0.6009615384615384 0.04807692307692308
