5 0.8389423076923077 0.9290865384615384 0.3173076923076923 0.14182692307692307
5 0.828125 0.78125 0.3389423076923077 0.16826923076923078
5 0.9375 0.6766826923076923 0.1201923076923077 0.23317307692307693
5 0.9038461538461539 0.6490384615384616 0.1875 0.23557692307692307
5 0.7451923076923077 0.6346153846153846 0.20673076923076922 0.14423076923076922
5 0.5552884615384616 0.6682692307692307 0.1971153846153846 0.13942307692307693
5 0.5576923076923077 0.796875 0.23557692307692307 0.12740384615384615
5 0.5504807692307693 0.9266826923076923 0.28365384615384615 0.1466346153846154
5 0.5709134615384616 0.9447115384615384 0.2620192307692308 0.11057692307692307
5 0.30528846153846156 0.9555288461538461 0.21153846153846154 0.0889423076923077
5 0.11057692307692307 0.9411057692307693 0.21153846153846154 0.11778846153846154
5 0.3112980769230769 0.9194711538461539 0.25721153846153844 0.16105769230769232
5 0.3557692307692308 0.7932692307692307 0.14903846153846154 0.10096153846153846
5 0.13581730769230768 0.8545673076923077 0.25721153846153844 0.11778846153846154
5 0.1778846153846154 0.7608173076923077 0.20673076923076922 0.08413461538461539
5 0.34615384615384615 0.7475961538461539 0.15384615384615385 0.0673076923076923
5 0.5528846153846154 0.6814903846153846 0.19230769230769232 0.0985576923076923
5 0.875 0.5 0.15865384615384615 0.057692307692307696
5 0.9375 0.4110576923076923 0.1201923076923077 0.08653846153846154
5 0.9519230769230769 0.49278846153846156 0.09134615384615384 0.09134615384615384
5 0.8389423076923077 0.43028846153846156 0.17307692307692307 0.09134615384615384
5 0.8401442307692307 0.5072115384615384 0.0985576923076923 0.07692307692307693
5 0.7644230769230769 0.4879807692307692 0.09134615384615384 0.1346153846153846
5 0.9074519230769231 0.34615384615384615 0.18028846153846154 0.052884615384615384
5 0.8149038461538461 0.33653846153846156 0.07211538461538461 0.0625
5 0.7403846153846154 0.32211538461538464 0.07692307692307693 0.0625
5 0.6923076923076923 0.2764423076923077 0.0673076923076923 0.04807692307692308
5 0.8100961538461539 0.22956730769230768 0.23557692307692307 0.05048076923076923
5 0.7403846153846154 0.40024038461538464 0.07692307692307693 0.08413461538461539
5 0.6971153846153846 0.4230769230769231 0.07692307692307693 0.09134615384615384
5 0.6622596153846154 0.46274038461538464 0.13701923076923078 0.08413461538461539
5 0.7043269230769231 0.5492788461538461 0.19230769230769232 0.12740384615384615
5 0.5420673076923077 0.5649038461538461 0.13701923076923078 0.10576923076923077
5 0.3701923076923077 0.6826923076923077 0.17307692307692307 0.13942307692307693
5 0.21634615384615385 0.703125 0.1875 0.06971153846153846
5 0.25 0.6466346153846154 0.16346153846153846 0.08173076923076923
5 0.27163461538461536 0.5769230769230769 0.15384615384615385 0.07211538461538461
5 0.40625 0.5216346153846154 0.15384615384615385 0.07692307692307693
5 0.41346153846153844 0.5697115384615384 0.12980769230769232 0.08173076923076923
5 0.46153846153846156 0.4675480769230769 0.08653846153846154 0.05048076923076923
5 0.5528846153846154 0.46875 0.125 0.07211538461538461
5 0.5492788461538461 0.41586538461538464 0.0985576923076923 0.0625
5 0.6346153846153846 0.4074519230769231 0.08173076923076923 0.06490384615384616
5 0.6418269230769231 0.3581730769230769 0.0673076923076923 0.057692307692307696
5 0.5456730769230769 0.3641826923076923 0.07211538461538461 0.036057692307692304
5 0.49278846153846156 0.38221153846153844 0.07211538461538461 0.04807692307692308
5 0.46634615384615385 0.43149038461538464 0.07692307692307693 0.05048076923076923
5 0.4375 0.3918269230769231 0.08173076923076923 0.057692307692307696
5 0.38461538461538464 0.4495192307692308 0.1201923076923077 0.0673076923076923
5 0.3173076923076923 0.5216346153846154 0.11538461538461539 0.0673076923076923
5 0.2403846153846154 0.5384615384615384 0.125 0.10096153846153846
5 0.125 0.6165865384615384 0.19230769230769232 0.08413461538461539
5 0.09615384615384616 0.6550480769230769 0.1875 0.05048076923076923
5 0.07932692307692307 0.7319711538461539 0.15384615384615385 0.14182692307692307
5 0.04326923076923077 0.5877403846153846 0.08173076923076923 0.0985576923076923
5 0.11298076923076923 0.5540865384615384 0.15384615384615385 0.0985576923076923
5 0.07211538461538461 0.5072115384615384 0.09134615384615384 0.0625
5 0.17307692307692307 0.46875 0.08653846153846154 0.07211538461538461
5 0.25240384615384615 0.4735576923076923 0.125 0.07692307692307693
5 0.3004807692307692 0.43990384615384615 0.07211538461538461 0.04326923076923077
5 0.30528846153846156 0.4014423076923077 0.19230769230769232 0.07692307692307693
5 0.1622596153846154 0.3798076923076923 0.0985576923076923 0.04807692307692308
5 0.07932692307692307 0.4110576923076923 0.15384615384615385 0.0673076923076923
5 0.11778846153846154 0.44471153846153844 0.17307692307692307 0.07692307692307693
5 0.040865384615384616 0.5120192307692307 0.07692307692307693 0.125
5 0.5600961538461539 0.3245192307692308 0.0673076923076923 0.038461538461538464
5 0.5360576923076923 0.3076923076923077 0.038461538461538464 0.03365384615384615
5 0.625 0.296875 0.052884615384615384 0.05048076923076923
5 0.27163461538461536 0.3076923076923077 0.17307692307692307 0.08653846153846154
