5 0.17908653846153846 0.5168269230769231 0.3389423076923077 0.2692307692307692
5 0.43509615384615385 0.8064903846153846 0.8509615384615384 0.2860576923076923
5 0.7319711538461539 0.6706730769230769 0.38221153846153844 0.22596153846153846
5 0.5240384615384616 0.6670673076923077 0.7980769230769231 0.2283653846153846
5 0.6201923076923077 0.4495192307692308 0.3942307692307692 0.2548076923076923
5 0.5072115384615384 0.44471153846153844 0.6346153846153846 0.24519230769230768
5 0.8737980769230769 0.4855769230769231 0.25240384615384615 0.14423076923076922
5 0.7572115384615384 0.27403846153846156 0.3317307692307692 0.22115384615384615
5 0.6754807692307693 0.27163461538461536 0.4807692307692308 0.21153846153846154
5 0.2536057692307692 0.25240384615384615 0.4879807692307692 0.2548076923076923
5 0.3401442307692308 0.16105769230769232 0.5745192307692307 0.14423076923076922
