5 0.2536057692307692 0.7271634615384616 0.49278846153846156 0.5216346153846154
5 0.2848557692307692 0.23677884615384615 0.4735576923076923 0.46875
5 0.5997596153846154 0.7115384615384616 0.2620192307692308 0.4375
5 0.47115384615384615 0.4831730769230769 0.13942307692307693 0.11057692307692307
5 0.5769230769230769 0.29086538461538464 0.14423076923076922 0.40384615384615385
5 0.7139423076923077 0.3016826923076923 0.12980769230769232 0.38221153846153844
5 0.7704326923076923 0.6947115384615384 0.10817307692307693 0.3942307692307692
5 0.8713942307692307 0.6887019230769231 0.10817307692307693 0.38221153846153844
5 0.9603365384615384 0.6778846153846154 0.07932692307692307 0.36538461538461536
5 0.8293269230769231 0.31490384615384615 0.10096153846153846 0.3557692307692308
5 0.9411057692307693 0.33052884615384615 0.11298076923076923 0.3245192307692308
