5 0.1346153846153846 0.5276442307692307 0.25 0.8629807692307693
5 0.15504807692307693 0.9411057692307693 0.29086538461538464 0.11778846153846154
5 0.46634615384615385 0.7584134615384616 0.5865384615384616 0.4831730769230769
5 0.2764423076923077 0.3161057692307692 0.5384615384615384 0.6225961538461539
5 0.4675480769230769 0.09975961538461539 0.22355769230769232 0.18990384615384615
5 0.5372596153846154 0.3137019230769231 0.44471153846153844 0.6177884615384616
5 0.7067307692307693 0.7019230769230769 0.23076923076923078 0.5961538461538461
5 0.7740384615384616 0.45913461538461536 0.3557692307692308 0.5961538461538461
5 0.9194711538461539 0.8918269230769231 0.12259615384615384 0.21634615384615385
5 0.8269230769230769 0.3942307692307692 0.34615384615384615 0.7788461538461539
5 0.5036057692307693 0.5012019230769231 0.9927884615384616 0.9975961538461539
