5 0.6225961538461539 0.22596153846153846 0.18269230769230768 0.20192307692307693
5 0.6394230769230769 0.14903846153846154 0.15384615384615385 0.21153846153846154
5 0.6610576923076923 0.15625 0.13942307692307693 0.057692307692307696
5 0.7439903846153846 0.20432692307692307 0.19951923076923078 0.14423076923076922
5 0.7548076923076923 0.0733173076923077 0.25961538461538464 0.11778846153846154
5 0.7644230769230769 0.38822115384615385 0.1346153846153846 0.14182692307692307
5 0.7908653846153846 0.04447115384615385 0.25961538461538464 0.07451923076923077
5 0.8822115384615384 0.22716346153846154 0.18269230769230768 0.13221153846153846
5 0.8894230769230769 0.37740384615384615 0.21634615384615385 0.3701923076923077
5 0.9158653846153846 0.5745192307692307 0.16346153846153846 0.21153846153846154
5 0.3401442307692308 0.2536057692307692 0.1466346153846154 0.05048076923076923
5 0.34615384615384615 0.31850961538461536 0.125 0.11778846153846154
5 0.36778846153846156 0.20192307692307693 0.1778846153846154 0.0625
5 0.38341346153846156 0.14903846153846154 0.19471153846153846 0.0625
5 0.40384615384615385 0.08413461538461539 0.21153846153846154 0.0673076923076923
5 0.41947115384615385 0.028846153846153848 0.22355769230769232 0.04326923076923077
5 0.42427884615384615 0.5204326923076923 0.8389423076923077 0.37740384615384615
5 0.4387019230769231 0.3076923076923077 0.19951923076923078 0.14423076923076922
5 0.4855769230769231 0.7403846153846154 0.6346153846153846 0.08173076923076923
5 0.5360576923076923 0.3942307692307692 0.18269230769230768 0.10096153846153846
5 0.5649038461538461 0.31490384615384615 0.18269230769230768 0.16826923076923078
5 0.5745192307692307 0.2764423076923077 0.12980769230769232 0.15384615384615385
