5 0.921875 0.27524038461538464 0.15625 0.1658653846153846
5 0.9182692307692307 0.3870192307692308 0.15865384615384615 0.19230769230769232
5 0.9122596153846154 0.5444711538461539 0.17548076923076922 0.20432692307692307
5 0.8088942307692307 0.21394230769230768 0.19951923076923078 0.12980769230769232
5 0.8689903846153846 0.2536057692307692 0.18990384615384615 0.10336538461538461
5 0.8353365384615384 0.31009615384615385 0.10817307692307693 0.057692307692307696
5 0.8221153846153846 0.35096153846153844 0.07211538461538461 0.04807692307692308
5 0.8233173076923077 0.3894230769230769 0.08413461538461539 0.04326923076923077
5 0.828125 0.4266826923076923 0.08413461538461539 0.040865384615384616
5 0.6634615384615384 0.21394230769230768 0.14423076923076922 0.10096153846153846
5 0.6610576923076923 0.24879807692307693 0.12980769230769232 0.07451923076923077
5 0.6526442307692307 0.29086538461538464 0.12259615384615384 0.07211538461538461
5 0.6610576923076923 0.3088942307692308 0.12980769230769232 0.07932692307692307
5 0.6586538461538461 0.35096153846153844 0.125 0.07692307692307693
5 0.7043269230769231 0.3954326923076923 0.1346153846153846 0.07451923076923077
5 0.7007211538461539 0.44471153846153844 0.13221153846153846 0.0673076923076923
5 0.7271634615384616 0.5108173076923077 0.055288461538461536 0.03125
5 0.7716346153846154 0.8161057692307693 0.4567307692307692 0.3629807692307692
5 0.29927884615384615 0.8846153846153846 0.4879807692307692 0.22596153846153846
5 0.4675480769230769 0.4579326923076923 0.13701923076923078 0.45913461538461536
5 0.39302884615384615 0.6117788461538461 0.78125 0.7716346153846154
5 0.45913461538461536 0.2512019230769231 0.1201923076923077 0.06971153846153846
5 0.5673076923076923 0.26802884615384615 0.057692307692307696 0.026442307692307692
5 0.5625 0.28725961538461536 0.052884615384615384 0.026442307692307692
5 0.4543269230769231 0.29086538461538464 0.10576923076923077 0.07211538461538461
5 0.2283653846153846 0.16466346153846154 0.3605769230769231 0.1658653846153846
5 0.21754807692307693 0.23798076923076922 0.3629807692307692 0.1346153846153846
5 0.19110576923076922 0.27283653846153844 0.36778846153846156 0.15144230769230768
5 0.18990384615384615 0.3245192307692308 0.36538461538461536 0.11057692307692307
5 0.19591346153846154 0.06129807692307692 0.06971153846153846 0.09375
5 0.15504807692307693 0.07932692307692307 0.06009615384615385 0.057692307692307696
5 0.15625 0.11778846153846154 0.057692307692307696 0.04326923076923077
5 0.09735576923076923 0.051682692307692304 0.06490384615384616 0.0889423076923077
5 0.09735576923076923 0.125 0.06490384615384616 0.07692307692307693
5 0.03125 0.10697115384615384 0.057692307692307696 0.09375
5 0.03125 0.042067307692307696 0.057692307692307696 0.07932692307692307
