2 0.12740384615384615 0.2091346153846154 0.23557692307692307 0.40384615384615385
2 0.37740384615384615 0.04447115384615385 0.28846153846153844 0.07451923076923077
2 0.4519230769230769 0.16706730769230768 0.8894230769230769 0.2668269230769231
2 0.8197115384615384 0.10697115384615384 0.13942307692307693 0.0985576923076923
2 0.3173076923076923 0.34375 0.15865384615384615 0.08653846153846154
2 0.7439903846153846 0.31850961538461536 0.11778846153846154 0.08413461538461539
2 0.8942307692307693 0.5600961538461539 0.10096153846153846 0.08173076923076923
2 0.5 0.8197115384615384 0.11057692307692307 0.08653846153846154
2 0.9771634615384616 0.7391826923076923 0.04567307692307692 0.08413461538461539
2 0.5036057692307693 0.7199519230769231 0.9927884615384616 0.19471153846153846
2 0.47836538461538464 0.5769230769230769 0.9423076923076923 0.21634615384615385
2 0.20192307692307693 0.3870192307692308 0.3894230769230769 0.17307692307692307
2 0.5444711538461539 0.3425480769230769 0.9110576923076923 0.24759615384615385
2 0.6826923076923077 0.18389423076923078 0.6346153846153846 0.27163461538461536
2 0.8485576923076923 0.039663461538461536 0.30288461538461536 0.06971153846153846
2 0.6694711538461539 0.038461538461538464 0.38221153846153844 0.0625
2 0.9423076923076923 0.5600961538461539 0.11538461538461539 0.24519230769230768
2 0.2800480769230769 0.8076923076923077 0.5408653846153846 0.22115384615384615
2 0.5516826923076923 0.8810096153846154 0.9014423076923077 0.23798076923076922
2 0.1658653846153846 0.9194711538461539 0.3125 0.13221153846153846
2 0.7932692307692307 0.9435096153846154 0.4182692307692308 0.11298076923076923
2 0.5036057692307693 0.5024038461538461 0.9927884615384616 0.9951923076923077
