2 0.49278846153846156 0.43028846153846156 0.3557692307692308 0.4230769230769231
2 0.3485576923076923 0.8461538461538461 0.14423076923076922 0.14903846153846154
2 0.5625 0.9471153846153846 0.10096153846153846 0.09134615384615384
2 0.6971153846153846 0.9423076923076923 0.08173076923076923 0.0625
2 0.953125 0.9495192307692307 0.06971153846153846 0.0673076923076923
2 0.7860576923076923 0.9447115384615384 0.0625 0.0673076923076923
2 0.8605769230769231 0.9423076923076923 0.0625 0.08173076923076923
2 0.22355769230769232 0.9338942307692307 0.08653846153846154 0.10817307692307693
2 0.31490384615384615 0.9471153846153846 0.08173076923076923 0.09134615384615384
2 0.04326923076923077 0.9134615384615384 0.08173076923076923 0.08653846153846154
