2 0.15865384615384615 0.5228365384615384 0.1201923076923077 0.7860576923076923
2 0.15985576923076922 0.15144230769230768 0.06009615384615385 0.057692307692307696
2 0.3088942307692308 0.11538461538461539 0.06009615384615385 0.0625
2 0.4495192307692308 0.09495192307692307 0.057692307692307696 0.06971153846153846
2 0.5913461538461539 0.09134615384615384 0.057692307692307696 0.0625
2 0.7283653846153846 0.13942307692307693 0.0625 0.14423076923076922
2 0.8677884615384616 0.31971153846153844 0.0673076923076923 0.057692307692307696
2 0.30528846153846156 0.5 0.125 0.8173076923076923
2 0.4495192307692308 0.4831730769230769 0.125 0.8605769230769231
2 0.5913461538461539 0.484375 0.1201923076923077 0.8485576923076923
2 0.7247596153846154 0.4831730769230769 0.10817307692307693 0.8365384615384616
2 0.8653846153846154 0.5997596153846154 0.12980769230769232 0.6033653846153846
