2 0.8173076923076923 0.1814903846153846 0.12980769230769232 0.06490384615384616
2 0.6754807692307693 0.09134615384615384 0.12980769230769232 0.0625
2 0.5336538461538461 0.13221153846153846 0.12980769230769232 0.052884615384615384
2 0.33653846153846156 0.1778846153846154 0.12980769230769232 0.057692307692307696
2 0.30288461538461536 0.11298076923076923 0.1201923076923077 0.04807692307692308
2 0.71875 0.5276442307692307 0.3701923076923077 0.7524038461538461
2 0.6370192307692307 0.2512019230769231 0.20673076923076922 0.38221153846153844
2 0.4230769230769231 0.5060096153846154 0.3269230769230769 0.8004807692307693
2 0.3293269230769231 0.32211538461538464 0.14903846153846154 0.34615384615384615
2 0.23557692307692307 0.4855769230769231 0.2692307692307692 0.7932692307692307
