2 0.4855769230769231 0.10096153846153846 0.13942307692307693 0.08173076923076923
2 0.5240384615384616 0.2548076923076923 0.125 0.07692307692307693
2 0.5793269230769231 0.39783653846153844 0.12980769230769232 0.0889423076923077
2 0.6129807692307693 0.5456730769230769 0.11538461538461539 0.07211538461538461
2 0.6394230769230769 0.6778846153846154 0.11538461538461539 0.07211538461538461
2 0.6586538461538461 0.8149038461538461 0.1201923076923077 0.0673076923076923
2 0.6802884615384616 0.9375 0.1201923076923077 0.07211538461538461
2 0.3125 0.7572115384615384 0.12980769230769232 0.07692307692307693
2 0.23557692307692307 0.5745192307692307 0.12980769230769232 0.07692307692307693
2 0.13221153846153846 0.3786057692307692 0.125 0.08413461538461539
2 0.08413461538461539 0.14543269230769232 0.125 0.0889423076923077
2 0.3076923076923077 0.9086538461538461 0.12980769230769232 0.08173076923076923
2 0.6754807692307693 0.10336538461538461 0.5192307692307693 0.1201923076923077
2 0.40625 0.14783653846153846 0.7740384615384616 0.2091346153846154
2 0.4254807692307692 0.375 0.7115384615384616 0.19230769230769232
2 0.48197115384615385 0.5745192307692307 0.6177884615384616 0.16346153846153846
2 0.5192307692307693 0.7584134615384616 0.5432692307692307 0.14182692307692307
2 0.5144230769230769 0.9086538461538461 0.5336538461538461 0.125
2 0.6971153846153846 0.25240384615384615 0.4807692307692308 0.11538461538461539
2 0.7235576923076923 0.3942307692307692 0.4182692307692308 0.11538461538461539
2 0.7463942307692307 0.5432692307692307 0.38221153846153844 0.10096153846153846
2 0.7596153846153846 0.6778846153846154 0.3557692307692308 0.09615384615384616
2 0.7692307692307693 0.8137019230769231 0.3317307692307692 0.09375
2 0.7800480769230769 0.9375 0.31971153846153844 0.08173076923076923
