2 0.07932692307692307 0.8485576923076923 0.14423076923076922 0.2980769230769231
2 0.12980769230769232 0.5204326923076923 0.24519230769230768 0.4831730769230769
2 0.1778846153846154 0.8461538461538461 0.11538461538461539 0.30288461538461536
2 0.06009615384615385 0.6947115384615384 0.10576923076923077 0.23557692307692307
2 0.19471153846153846 0.8653846153846154 0.16346153846153846 0.2644230769230769
2 0.3293269230769231 0.9230769230769231 0.3701923076923077 0.14903846153846154
2 0.3317307692307692 0.4951923076923077 0.16346153846153846 0.7307692307692307
2 0.49278846153846156 0.43509615384615385 0.1778846153846154 0.8269230769230769
2 0.6105769230769231 0.5889423076923077 0.21634615384615385 0.7115384615384616
2 0.2283653846153846 0.10096153846153846 0.20192307692307693 0.1971153846153846
2 0.13942307692307693 0.2439903846153846 0.2644230769230769 0.4831730769230769
2 0.71875 0.6153846153846154 0.1346153846153846 0.30288461538461536
2 0.7668269230769231 0.7908653846153846 0.375 0.41346153846153844
2 0.9014423076923077 0.8786057692307693 0.1971153846153846 0.23798076923076922
2 0.8786057692307693 0.5396634615384616 0.24278846153846154 0.2956730769230769
2 0.5865384615384616 0.171875 0.5144230769230769 0.3389423076923077
2 0.8617788461538461 0.25841346153846156 0.2764423076923077 0.2956730769230769
2 0.8125 0.08774038461538461 0.375 0.17067307692307693
2 0.5048076923076923 0.5 0.9951923076923077 0.9951923076923077
