2 0.7235576923076923 0.7259615384615384 0.07211538461538461 0.11538461538461539
2 0.8990384615384616 0.5673076923076923 0.08173076923076923 0.09134615384615384
2 0.8822115384615384 0.43509615384615385 0.14903846153846154 0.08653846153846154
2 0.5048076923076923 0.38221153846153844 0.1201923076923077 0.10096153846153846
2 0.22115384615384615 0.359375 0.13942307692307693 0.0889423076923077
2 0.5336538461538461 0.5817307692307693 0.8365384615384616 0.16826923076923078
2 0.4495192307692308 0.7451923076923077 0.625 0.19230769230769232
2 0.5625 0.4362980769230769 0.7980769230769231 0.18509615384615385
2 0.28725961538461536 0.42427884615384615 0.25721153846153844 0.22355769230769232
2 0.34375 0.2704326923076923 0.4519230769230769 0.3245192307692308
