2 0.5264423076923077 0.08173076923076923 0.6298076923076923 0.125
2 0.25 0.08052884615384616 0.07692307692307693 0.05048076923076923
2 0.6033653846153846 0.07692307692307693 0.40384615384615385 0.125
2 0.47596153846153844 0.2403846153846154 0.6730769230769231 0.1201923076923077
2 0.3858173076923077 0.2403846153846154 0.16105769230769232 0.1201923076923077
2 0.4735576923076923 0.3942307692307692 0.75 0.11538461538461539
2 0.5144230769230769 0.3942307692307692 0.2980769230769231 0.11057692307692307
2 0.13701923076923078 0.38221153846153844 0.07692307692307693 0.052884615384615384
2 0.6153846153846154 0.5552884615384616 0.27403846153846156 0.1201923076923077
2 0.5060096153846154 0.5528846153846154 0.6129807692307693 0.1201923076923077
2 0.1778846153846154 0.7235576923076923 0.07692307692307693 0.052884615384615384
2 0.4495192307692308 0.7307692307692307 0.6298076923076923 0.1201923076923077
2 0.30408653846153844 0.8834134615384616 0.06490384615384616 0.06009615384615385
2 0.5444711538461539 0.8834134615384616 0.5360576923076923 0.11298076923076923
2 0.5336538461538461 0.8810096153846154 0.12980769230769232 0.10336538461538461
2 0.5120192307692307 0.7307692307692307 0.5048076923076923 0.11057692307692307
