2 0.3269230769230769 0.25721153846153844 0.34615384615384615 0.1346153846153846
2 0.39663461538461536 0.3605769230769231 0.40384615384615385 0.12980769230769232
2 0.515625 0.5480769230769231 0.6706730769230769 0.17307692307692307
2 0.31850961538461536 0.6466346153846154 0.3293269230769231 0.1346153846153846
2 0.4206730769230769 0.7740384615384616 0.49038461538461536 0.16346153846153846
2 0.47836538461538464 0.25240384615384615 0.04326923076923077 0.07211538461538461
2 0.5853365384615384 0.3605769230769231 0.036057692307692304 0.0673076923076923
2 0.8269230769230769 0.5456730769230769 0.04807692307692308 0.0625
2 0.46153846153846156 0.6514423076923077 0.04326923076923077 0.07211538461538461
2 0.6430288461538461 0.7716346153846154 0.036057692307692304 0.07211538461538461
