2 0.453125 0.9038461538461539 0.9014423076923077 0.12980769230769232
2 0.0673076923076923 0.9038461538461539 0.12980769230769232 0.11057692307692307
2 0.05048076923076923 0.7427884615384616 0.08173076923076923 0.0673076923076923
2 0.18509615384615385 0.5793269230769231 0.08173076923076923 0.0625
2 0.14182692307692307 0.42788461538461536 0.09134615384615384 0.0625
2 0.09134615384615384 0.2668269230769231 0.09134615384615384 0.0625
2 0.0889423076923077 0.10336538461538461 0.08653846153846154 0.057692307692307696
2 0.5216346153846154 0.5769230769230769 0.7548076923076923 0.12980769230769232
2 0.46033653846153844 0.7403846153846154 0.9014423076923077 0.12980769230769232
2 0.5 0.4254807692307692 0.7980769230769231 0.1201923076923077
2 0.47836538461538464 0.2668269230769231 0.8509615384615384 0.125
2 0.47836538461538464 0.10336538461538461 0.8653846153846154 0.12980769230769232
