2 0.4423076923076923 0.24278846153846154 0.5961538461538461 0.20192307692307693
2 0.19230769230769232 0.28846153846153844 0.09134615384615384 0.07692307692307693
2 0.39663461538461536 0.31850961538461536 0.11057692307692307 0.08413461538461539
2 0.15625 0.40384615384615385 0.11057692307692307 0.07692307692307693
2 0.31490384615384615 0.5432692307692307 0.1201923076923077 0.0673076923076923
2 0.8509615384615384 0.5384615384615384 0.11057692307692307 0.09134615384615384
2 0.4567307692307692 0.6971153846153846 0.40384615384615385 0.3798076923076923
2 0.6754807692307693 0.5865384615384616 0.4807692307692308 0.24519230769230768
2 0.34134615384615385 0.46875 0.4807692307692308 0.20192307692307693
2 0.6225961538461539 0.3581730769230769 0.5528846153846154 0.25961538461538464
