2 0.3894230769230769 0.5432692307692307 0.1778846153846154 0.20673076923076922
2 0.46634615384615385 0.5408653846153846 0.10576923076923077 0.19230769230769232
2 0.6574519230769231 0.23197115384615385 0.10817307692307693 0.0985576923076923
2 0.9278846153846154 0.13341346153846154 0.10576923076923077 0.14182692307692307
2 0.0625 0.5264423076923077 0.1201923076923077 0.23076923076923078
2 0.21754807692307693 0.6550480769230769 0.09375 0.13701923076923078
2 0.10817307692307693 0.3629807692307692 0.10096153846153846 0.17307692307692307
2 0.42908653846153844 0.3161057692307692 0.0985576923076923 0.11298076923076923
2 0.6514423076923077 0.484375 0.3317307692307692 0.41586538461538464
2 0.5300480769230769 0.7560096153846154 0.07451923076923077 0.13221153846153846
2 0.765625 0.8413461538461539 0.4639423076923077 0.3125
2 0.7055288461538461 0.5709134615384616 0.5889423076923077 0.5889423076923077
2 0.8629807692307693 0.13341346153846154 0.27403846153846156 0.2620192307692308
2 0.26802884615384615 0.71875 0.4014423076923077 0.5576923076923077
2 0.6346153846153846 0.8221153846153846 0.39903846153846156 0.35096153846153844
2 0.15745192307692307 0.7956730769230769 0.2668269230769231 0.40384615384615385
2 0.04326923076923077 0.5324519230769231 0.08173076923076923 0.24278846153846154
2 0.06129807692307692 0.7043269230769231 0.11778846153846154 0.5865384615384616
2 0.07572115384615384 0.3701923076923077 0.1466346153846154 0.1971153846153846
2 0.5829326923076923 0.1502403846153846 0.5985576923076923 0.2956730769230769
2 0.27283653846153844 0.36538461538461536 0.4110576923076923 0.4326923076923077
2 0.06490384615384616 0.2920673076923077 0.125 0.2764423076923077
2 0.11057692307692307 0.08774038461538461 0.21634615384615385 0.17067307692307693
2 0.3473557692307692 0.07932692307692307 0.4495192307692308 0.15384615384615385
