2 0.6298076923076923 0.8822115384615384 0.47115384615384615 0.1875
2 0.6935096153846154 0.7728365384615384 0.3245192307692308 0.0889423076923077
2 0.6923076923076923 0.6802884615384616 0.33653846153846156 0.10096153846153846
2 0.5444711538461539 0.6826923076923077 0.036057692307692304 0.0625
2 0.5420673076923077 0.7668269230769231 0.03125 0.04326923076923077
2 0.41586538461538464 0.8762019230769231 0.04326923076923077 0.08413461538461539
2 0.31009615384615385 0.5348557692307693 0.052884615384615384 0.09375
2 0.06009615384615385 0.6394230769230769 0.0625 0.10576923076923077
2 0.14182692307692307 0.3004807692307692 0.07211538461538461 0.125
2 0.3076923076923077 0.14903846153846154 0.0673076923076923 0.09615384615384616
2 0.33413461538461536 0.34375 0.04807692307692308 0.0673076923076923
2 0.41586538461538464 0.6418269230769231 0.7644230769230769 0.35096153846153844
2 0.5649038461538461 0.5576923076923077 0.5721153846153846 0.28365384615384615
2 0.5817307692307693 0.34615384615384615 0.5432692307692307 0.15865384615384615
2 0.5721153846153846 0.15865384615384615 0.5865384615384616 0.25
2 0.29086538461538464 0.32572115384615385 0.3557692307692308 0.27163461538461536
