2 0.8737980769230769 0.3701923076923077 0.08413461538461539 0.4423076923076923
2 0.7860576923076923 0.46634615384615385 0.10576923076923077 0.6634615384615384
2 0.6923076923076923 0.46634615384615385 0.125 0.6971153846153846
2 0.5853365384615384 0.38221153846153844 0.10336538461538461 0.47596153846153844
2 0.47475961538461536 0.49759615384615385 0.2091346153846154 0.6634615384615384
2 0.3557692307692308 0.35697115384615385 0.08173076923076923 0.41586538461538464
2 0.265625 0.5 0.10336538461538461 0.6394230769230769
2 0.16466346153846154 0.4879807692307692 0.11778846153846154 0.6634615384615384
2 0.09615384615384616 0.3629807692307692 0.09134615384615384 0.44711538461538464
2 0.875 0.5673076923076923 0.04326923076923077 0.04807692307692308
2 0.7740384615384616 0.765625 0.04807692307692308 0.06490384615384616
2 0.7007211538461539 0.7932692307692307 0.055288461538461536 0.052884615384615384
2 0.5889423076923077 0.5673076923076923 0.04326923076923077 0.10096153846153846
2 0.4987980769230769 0.7932692307692307 0.13701923076923078 0.08653846153846154
2 0.3581730769230769 0.5432692307692307 0.04326923076923077 0.052884615384615384
2 0.2620192307692308 0.7920673076923077 0.04326923076923077 0.06490384615384616
2 0.17067307692307693 0.7932692307692307 0.052884615384615384 0.052884615384615384
2 0.09375 0.5673076923076923 0.04807692307692308 0.04807692307692308
