2 0.8725961538461539 0.6766826923076923 0.14423076923076922 0.5697115384615384
2 0.8653846153846154 0.4230769230769231 0.0673076923076923 0.07211538461538461
2 0.7163461538461539 0.40384615384615385 0.0625 0.1346153846153846
2 0.5408653846153846 0.13942307692307693 0.057692307692307696 0.0673076923076923
2 0.3125 0.13942307692307693 0.0625 0.0673076923076923
2 0.12980769230769232 0.42788461538461536 0.07692307692307693 0.07211538461538461
2 0.7199519230769231 0.6490384615384616 0.1466346153846154 0.625
2 0.5432692307692307 0.5336538461538461 0.21634615384615385 0.8557692307692307
2 0.3125 0.5360576923076923 0.21634615384615385 0.8605769230769231
2 0.13341346153846154 0.6814903846153846 0.1466346153846154 0.5697115384615384
