2 0.5612980769230769 0.8990384615384616 0.8774038461538461 0.12980769230769232
2 0.53125 0.7379807692307693 0.8125 0.1346153846153846
2 0.46634615384615385 0.5745192307692307 0.6826923076923077 0.12980769230769232
2 0.48677884615384615 0.4254807692307692 0.7379807692307693 0.125
2 0.5096153846153846 0.2668269230769231 0.7788461538461539 0.12980769230769232
2 0.5096153846153846 0.10096153846153846 0.7788461538461539 0.125
2 0.9086538461538461 0.9014423076923077 0.1875 0.11057692307692307
2 0.8954326923076923 0.7427884615384616 0.07932692307692307 0.0673076923076923
2 0.7644230769230769 0.578125 0.08653846153846154 0.06490384615384616
2 0.8100961538461539 0.42788461538461536 0.09134615384615384 0.0625
2 0.8533653846153846 0.2668269230769231 0.09134615384615384 0.0625
2 0.8629807692307693 0.10336538461538461 0.08653846153846154 0.057692307692307696
