2 0.11658653846153846 0.6514423076923077 0.11778846153846154 0.5625
2 0.11177884615384616 0.40024038461538464 0.06490384615384616 0.06009615384615385
2 0.1971153846153846 0.5408653846153846 0.1201923076923077 0.7163461538461539
2 0.20432692307692307 0.2127403846153846 0.052884615384615384 0.05048076923076923
2 0.2800480769230769 0.34134615384615385 0.055288461538461536 0.0673076923076923
2 0.375 0.3112980769230769 0.057692307692307696 0.13701923076923078
2 0.4795673076923077 0.23076923076923078 0.05048076923076923 0.04807692307692308
2 0.5012019230769231 0.375 0.05048076923076923 0.052884615384615384
2 0.5745192307692307 0.34975961538461536 0.057692307692307696 0.06009615384615385
2 0.6634615384615384 0.46634615384615385 0.052884615384615384 0.0673076923076923
2 0.7163461538461539 0.34134615384615385 0.057692307692307696 0.04326923076923077
2 0.8052884615384616 0.35216346153846156 0.04807692307692308 0.055288461538461536
2 0.8918269230769231 0.35336538461538464 0.052884615384615384 0.052884615384615384
2 0.38461538461538464 0.5913461538461539 0.13942307692307693 0.6923076923076923
2 0.2776442307692308 0.6213942307692307 0.0985576923076923 0.6225961538461539
2 0.4735576923076923 0.35096153846153844 0.1201923076923077 0.27884615384615385
2 0.49038461538461536 0.6225961538461539 0.08173076923076923 0.5528846153846154
2 0.5745192307692307 0.6225961538461539 0.11057692307692307 0.6057692307692307
2 0.6538461538461539 0.6838942307692307 0.12980769230769232 0.49759615384615385
2 0.71875 0.6129807692307693 0.1201923076923077 0.5961538461538461
2 0.8076923076923077 0.6141826923076923 0.08653846153846154 0.5793269230769231
2 0.8894230769230769 0.6201923076923077 0.10576923076923077 0.5913461538461539
