2 0.7007211538461539 0.5024038461538461 0.2860576923076923 0.7115384615384616
2 0.6983173076923077 0.19591346153846154 0.13221153846153846 0.10817307692307693
2 0.49278846153846156 0.30649038461538464 0.1201923076923077 0.0889423076923077
2 0.5612980769230769 0.5348557692307693 0.2668269230769231 0.5456730769230769
2 0.38822115384615385 0.4639423076923077 0.0889423076923077 0.07211538461538461
2 0.4206730769230769 0.6009615384615384 0.20192307692307693 0.3317307692307692
2 0.28725961538461536 0.5745192307692307 0.08413461538461539 0.0625
2 0.3004807692307692 0.6418269230769231 0.15865384615384615 0.20673076923076922
2 0.171875 0.6526442307692307 0.06971153846153846 0.05048076923076923
2 0.1658653846153846 0.6778846153846154 0.12980769230769232 0.10576923076923077
