2 0.10336538461538461 0.7103365384615384 0.16346153846153846 0.15144230769230768
2 0.125 0.6658653846153846 0.07692307692307693 0.0625
2 0.1201923076923077 0.6117788461538461 0.057692307692307696 0.036057692307692304
2 0.14182692307692307 0.65625 0.1346153846153846 0.125
2 0.24759615384615385 0.6586538461538461 0.052884615384615384 0.04807692307692308
2 0.33653846153846156 0.6634615384615384 0.052884615384615384 0.04807692307692308
2 0.37259615384615385 0.6129807692307693 0.052884615384615384 0.04326923076923077
2 0.25240384615384615 0.7067307692307693 0.09615384615384616 0.15384615384615385
2 0.37259615384615385 0.7139423076923077 0.1346153846153846 0.1346153846153846
2 0.3942307692307692 0.6646634615384616 0.10576923076923077 0.14182692307692307
2 0.6225961538461539 0.4855769230769231 0.11057692307692307 0.5480769230769231
2 0.7115384615384616 0.4519230769230769 0.10096153846153846 0.5336538461538461
2 0.7620192307692307 0.59375 0.1346153846153846 0.40865384615384615
2 0.9182692307692307 0.4951923076923077 0.15865384615384615 0.5817307692307693
2 0.8413461538461539 0.33413461538461536 0.10096153846153846 0.2980769230769231
2 0.6274038461538461 0.2283653846153846 0.057692307692307696 0.038461538461538464
2 0.7019230769230769 0.20192307692307693 0.0625 0.04326923076923077
2 0.7668269230769231 0.4182692307692308 0.0625 0.0673076923076923
2 0.8581730769230769 0.20673076923076922 0.04807692307692308 0.04326923076923077
2 0.9230769230769231 0.21754807692307693 0.052884615384615384 0.03125
