2 0.9399038461538461 0.7608173076923077 0.1201923076923077 0.46875
2 0.9615384615384616 0.8401442307692307 0.07692307692307693 0.31490384615384615
2 0.8798076923076923 0.6033653846153846 0.2403846153846154 0.15384615384615385
2 0.9603365384615384 0.47596153846153844 0.05048076923076923 0.07692307692307693
2 0.9435096153846154 0.2608173076923077 0.11298076923076923 0.49278846153846156
2 0.921875 0.2764423076923077 0.04567307692307692 0.08173076923076923
2 0.7788461538461539 0.09735576923076923 0.21634615384615385 0.15625
2 0.8269230769230769 0.2403846153846154 0.2403846153846154 0.14423076923076922
2 0.7956730769230769 0.4206730769230769 0.27403846153846156 0.25
2 0.7668269230769231 0.3161057692307692 0.2644230769230769 0.18509615384615385
2 0.8112980769230769 0.5805288461538461 0.18990384615384615 0.21394230769230768
2 0.8485576923076923 0.8341346153846154 0.1201923076923077 0.3269230769230769
2 0.7475961538461539 0.828125 0.16346153846153846 0.3389423076923077
2 0.65625 0.6850961538461539 0.1346153846153846 0.6009615384615384
2 0.44711538461538464 0.33533653846153844 0.03365384615384615 0.06009615384615385
2 0.5444711538461539 0.36538461538461536 0.2283653846153846 0.15384615384615385
2 0.5492788461538461 0.2512019230769231 0.13221153846153846 0.13701923076923078
2 0.5721153846153846 0.18990384615384615 0.15384615384615385 0.1971153846153846
2 0.6478365384615384 0.14543269230769232 0.12259615384615384 0.21394230769230768
2 0.38341346153846156 0.17668269230769232 0.2668269230769231 0.2860576923076923
2 0.37259615384615385 0.36538461538461536 0.125 0.20192307692307693
2 0.34615384615384615 0.43990384615384615 0.20673076923076922 0.125
2 0.47115384615384615 0.4699519230769231 0.125 0.18509615384615385
2 0.48197115384615385 0.6778846153846154 0.04567307692307692 0.20673076923076922
2 0.5492788461538461 0.6634615384615384 0.12740384615384615 0.4519230769230769
2 0.4735576923076923 0.9471153846153846 0.16346153846153846 0.10096153846153846
2 0.5829326923076923 0.953125 0.06490384615384616 0.0889423076923077
2 0.39783653846153844 0.8569711538461539 0.17067307692307693 0.16105769230769232
2 0.32572115384615385 0.9194711538461539 0.1466346153846154 0.15625
2 0.1141826923076923 0.6069711538461539 0.15625 0.44471153846153844
2 0.0625 0.7043269230769231 0.1201923076923077 0.25
2 0.33413461538461536 0.6790865384615384 0.33653846153846156 0.3389423076923077
2 0.21995192307692307 0.4074519230769231 0.18028846153846154 0.18028846153846154
2 0.11057692307692307 0.15264423076923078 0.038461538461538464 0.06009615384615385
2 0.14903846153846154 0.22355769230769232 0.1201923076923077 0.20192307692307693
2 0.1201923076923077 0.35096153846153844 0.04326923076923077 0.07692307692307693
2 0.25721153846153844 0.23798076923076922 0.1971153846153846 0.14903846153846154
