2 0.6177884615384616 0.14543269230769232 0.27884615384615385 0.25240384615384615
2 0.19471153846153846 0.15144230769230768 0.38461538461538464 0.17307692307692307
2 0.8822115384615384 0.34975961538461536 0.20673076923076922 0.3004807692307692
2 0.75 0.5528846153846154 0.2403846153846154 0.21153846153846154
2 0.43149038461538464 0.36778846153846156 0.4110576923076923 0.10576923076923077
2 0.2512019230769231 0.3701923076923077 0.040865384615384616 0.04807692307692308
2 0.09975961538461539 0.5480769230769231 0.18990384615384615 0.3557692307692308
2 0.4182692307692308 0.6346153846153846 0.375 0.24519230769230768
2 0.7283653846153846 0.8425480769230769 0.34615384615384615 0.2620192307692308
2 0.24278846153846154 0.8834134615384616 0.4423076923076923 0.16105769230769232
