2 0.921875 0.30408653846153844 0.08413461538461539 0.20432692307692307
2 0.9182692307692307 0.21995192307692307 0.04326923076923077 0.036057692307692304
2 0.8112980769230769 0.28846153846153844 0.0889423076923077 0.23076923076923078
2 0.8088942307692307 0.18629807692307693 0.03125 0.03125
2 0.6959134615384616 0.15985576923076922 0.036057692307692304 0.03125
2 0.5853365384615384 0.14783653846153846 0.036057692307692304 0.03125
2 0.47475961538461536 0.15745192307692307 0.036057692307692304 0.036057692307692304
2 0.3605769230769231 0.15745192307692307 0.038461538461538464 0.03125
2 0.24639423076923078 0.140625 0.036057692307692304 0.036057692307692304
2 0.13822115384615385 0.06370192307692307 0.03125 0.03125
2 0.13701923076923078 0.5733173076923077 0.0625 0.05048076923076923
2 0.3137019230769231 0.5805288461538461 0.036057692307692304 0.026442307692307692
2 0.4675480769230769 0.5757211538461539 0.03125 0.026442307692307692
2 0.6165865384615384 0.5853365384615384 0.036057692307692304 0.026442307692307692
2 0.7680288461538461 0.6021634615384616 0.036057692307692304 0.036057692307692304
2 0.9194711538461539 0.6454326923076923 0.026442307692307692 0.03125
2 0.921875 0.7908653846153846 0.08413461538461539 0.3173076923076923
2 0.7668269230769231 0.7668269230769231 0.125 0.36538461538461536
2 0.6177884615384616 0.7608173076923077 0.10096153846153846 0.37740384615384615
2 0.46634615384615385 0.7536057692307693 0.11057692307692307 0.38221153846153844
2 0.3161057692307692 0.7584134615384616 0.09375 0.37259615384615385
2 0.13822115384615385 0.5396634615384616 0.13701923076923078 0.13221153846153846
2 0.13822115384615385 0.7091346153846154 0.2091346153846154 0.47115384615384615
2 0.6983173076923077 0.27524038461538464 0.09375 0.25721153846153844
2 0.5901442307692307 0.2704326923076923 0.0889423076923077 0.2668269230769231
2 0.4723557692307692 0.2704326923076923 0.09375 0.25721153846153844
2 0.36177884615384615 0.2704326923076923 0.09375 0.25721153846153844
2 0.24879807692307693 0.25961538461538464 0.08413461538461539 0.27403846153846156
2 0.13581730769230768 0.22596153846153846 0.10817307692307693 0.34615384615384615
