2 0.3581730769230769 0.8882211538461539 0.5576923076923077 0.11298076923076923
2 0.46153846153846156 0.8076923076923077 0.7115384615384616 0.1201923076923077
2 0.3918269230769231 0.7331730769230769 0.6105769230769231 0.09615384615384616
2 0.41346153846153844 0.6237980769230769 0.7115384615384616 0.14182692307692307
2 0.6370192307692307 0.53125 0.3173076923076923 0.12980769230769232
2 0.36899038461538464 0.5204326923076923 0.5793269230769231 0.11298076923076923
2 0.3798076923076923 0.43509615384615385 0.6105769230769231 0.11057692307692307
2 0.2860576923076923 0.3557692307692308 0.5576923076923077 0.13942307692307693
2 0.3918269230769231 0.29086538461538464 0.6009615384615384 0.11538461538461539
2 0.3918269230769231 0.20072115384615385 0.5913461538461539 0.08413461538461539
2 0.38461538461538464 0.11298076923076923 0.5913461538461539 0.10576923076923077
2 0.6514423076923077 0.11538461538461539 0.08173076923076923 0.057692307692307696
2 0.6538461538461539 0.20192307692307693 0.07692307692307693 0.04807692307692308
2 0.6634615384615384 0.2932692307692308 0.07692307692307693 0.052884615384615384
2 0.5336538461538461 0.34375 0.07692307692307693 0.0625
2 0.6514423076923077 0.4326923076923077 0.07211538461538461 0.057692307692307696
2 0.6237980769230769 0.5024038461538461 0.06009615384615385 0.052884615384615384
2 0.7620192307692307 0.5288461538461539 0.052884615384615384 0.052884615384615384
2 0.6923076923076923 0.6298076923076923 0.12980769230769232 0.0625
2 0.6610576923076923 0.7259615384615384 0.07211538461538461 0.052884615384615384
2 0.7920673076923077 0.8040865384615384 0.06009615384615385 0.055288461538461536
2 0.6021634615384616 0.8894230769230769 0.06009615384615385 0.057692307692307696
