2 0.7572115384615384 0.08413461538461539 0.4807692307692308 0.15384615384615385
2 0.6754807692307693 0.25961538461538464 0.6442307692307693 0.2403846153846154
2 0.7704326923076923 0.4326923076923077 0.4543269230769231 0.25
2 0.6814903846153846 0.6322115384615384 0.6322115384615384 0.22115384615384615
2 0.7572115384615384 0.8197115384615384 0.4807692307692308 0.33653846153846156
2 0.4735576923076923 0.4807692307692308 0.5096153846153846 0.19230769230769232
2 0.4807692307692308 0.14423076923076922 0.5576923076923077 0.21634615384615385
2 0.3076923076923077 0.06971153846153846 0.40384615384615385 0.125
2 0.13221153846153846 0.03485576923076923 0.25961538461538464 0.055288461538461536
2 0.10817307692307693 0.16105769230769232 0.21153846153846154 0.13942307692307693
2 0.18629807692307693 0.2608173076923077 0.36778846153846156 0.13221153846153846
2 0.3317307692307692 0.3545673076923077 0.46634615384615385 0.1658653846153846
2 0.3269230769230769 0.6550480769230769 0.4423076923076923 0.19471153846153846
2 0.4495192307692308 0.8100961538461539 0.47115384615384615 0.2548076923076923
2 0.6814903846153846 0.9399038461538461 0.6370192307692307 0.1201923076923077
2 0.3088942307692308 0.9314903846153846 0.3870192307692308 0.13701923076923078
2 0.21394230769230768 0.8125 0.39903846153846156 0.19230769230769232
2 0.12980769230769232 0.6875 0.2548076923076923 0.16346153846153846
2 0.1814903846153846 0.5192307692307693 0.3581730769230769 0.18269230769230768
2 0.13221153846153846 0.4230769230769231 0.25961538461538464 0.15865384615384615
2 0.11778846153846154 0.9254807692307693 0.23076923076923078 0.14903846153846154
