2 0.9158653846153846 0.4987980769230769 0.125 0.9014423076923077
2 0.9146634615384616 0.08173076923076923 0.04567307692307692 0.0673076923076923
2 0.7632211538461539 0.4987980769230769 0.11778846153846154 0.9014423076923077
2 0.7620192307692307 0.08173076923076923 0.04807692307692308 0.0673076923076923
2 0.609375 0.24879807692307693 0.055288461538461536 0.07932692307692307
2 0.6105769230769231 0.578125 0.11057692307692307 0.7427884615384616
2 0.47716346153846156 0.2439903846153846 0.06490384615384616 0.0985576923076923
2 0.47836538461538464 0.5721153846153846 0.11057692307692307 0.7548076923076923
2 0.34975961538461536 0.2536057692307692 0.07451923076923077 0.09375
2 0.34975961538461536 0.5721153846153846 0.0985576923076923 0.7403846153846154
2 0.21634615384615385 0.11778846153846154 0.038461538461538464 0.07211538461538461
2 0.21875 0.5120192307692307 0.10576923076923077 0.8605769230769231
2 0.08052884615384616 0.1045673076923077 0.036057692307692304 0.06009615384615385
2 0.08052884615384616 0.5192307692307693 0.10817307692307693 0.875
