2 0.14423076923076922 0.3870192307692308 0.15865384615384615 0.5625
2 0.33533653846153844 0.5048076923076923 0.18509615384615385 0.7932692307692307
2 0.5108173076923077 0.38461538461538464 0.12259615384615384 0.5480769230769231
2 0.6875 0.4963942307692308 0.16826923076923078 0.78125
2 0.8629807692307693 0.38341346153846156 0.1201923076923077 0.5600961538461539
2 0.14423076923076922 0.6358173076923077 0.0625 0.06490384615384616
2 0.3317307692307692 0.8737980769230769 0.0625 0.055288461538461536
2 0.5120192307692307 0.6358173076923077 0.0625 0.055288461538461536
2 0.6875 0.8605769230769231 0.0673076923076923 0.0625
2 0.859375 0.6346153846153846 0.07451923076923077 0.0673076923076923
