2 0.6574519230769231 0.8125 0.07451923076923077 0.10576923076923077
2 0.6802884615384616 0.9110576923076923 0.09134615384615384 0.1201923076923077
2 0.7728365384615384 0.9206730769230769 0.09375 0.1201923076923077
2 0.8629807692307693 0.8990384615384616 0.08653846153846154 0.10576923076923077
2 0.9483173076923077 0.8918269230769231 0.09375 0.10096153846153846
2 0.8966346153846154 0.7740384615384616 0.09134615384615384 0.1201923076923077
2 0.8149038461538461 0.78125 0.07692307692307693 0.10576923076923077
2 0.7379807692307693 0.7836538461538461 0.07692307692307693 0.10096153846153846
2 0.21153846153846154 0.4855769230769231 0.19230769230769232 0.6586538461538461
2 0.09014423076923077 0.4110576923076923 0.13221153846153846 0.6442307692307693
2 0.1875 0.1502403846153846 0.11057692307692307 0.23317307692307693
2 0.27524038461538464 0.2091346153846154 0.11298076923076923 0.25
2 0.3894230769230769 0.47716346153846156 0.14903846153846154 0.6754807692307693
2 0.5432692307692307 0.45913461538461536 0.16826923076923078 0.6586538461538461
2 0.44350961538461536 0.19831730769230768 0.11298076923076923 0.23798076923076922
2 0.35336538461538464 0.12379807692307693 0.11057692307692307 0.22355769230769232
2 0.5192307692307693 0.12740384615384615 0.11057692307692307 0.20673076923076922
2 0.625 0.3798076923076923 0.11057692307692307 0.6201923076923077
