2 0.44711538461538464 0.5564903846153846 0.16346153846153846 0.11778846153846154
2 0.6682692307692307 0.35336538461538464 0.15865384615384615 0.10576923076923077
2 0.8293269230769231 0.09495192307692307 0.14423076923076922 0.09375
2 0.5036057692307693 0.039663461538461536 0.13221153846153846 0.07451923076923077
2 0.24278846153846154 0.23317307692307693 0.16346153846153846 0.10576923076923077
2 0.4375 0.75 0.49038461538461536 0.4951923076923077
2 0.6634615384615384 0.5661057692307693 0.27884615384615385 0.53125
2 0.8185096153846154 0.3605769230769231 0.2764423076923077 0.6153846153846154
2 0.5048076923076923 0.24639423076923078 0.35096153846153844 0.4879807692307692
2 0.23677884615384615 0.4735576923076923 0.2860576923076923 0.5769230769230769
