2 0.3076923076923077 0.20552884615384615 0.3798076923076923 0.10817307692307693
2 0.38461538461538464 0.3245192307692308 0.5673076923076923 0.1346153846153846
2 0.45913461538461536 0.4543269230769231 0.6923076923076923 0.14903846153846154
2 0.5192307692307693 0.6033653846153846 0.8028846153846154 0.15865384615384615
2 0.5336538461538461 0.75 0.8413461538461539 0.16346153846153846
2 0.4567307692307692 0.20673076923076922 0.08173076923076923 0.057692307692307696
2 0.6105769230769231 0.31971153846153844 0.11538461538461539 0.052884615384615384
2 0.7620192307692307 0.4567307692307692 0.08653846153846154 0.052884615384615384
2 0.8798076923076923 0.6057692307692307 0.08173076923076923 0.0625
2 0.9038461538461539 0.7620192307692307 0.08653846153846154 0.0625
