2 0.5024038461538461 0.8774038461538461 0.8076923076923077 0.1201923076923077
2 0.15264423076923078 0.8737980769230769 0.10817307692307693 0.055288461538461536
2 0.12980769230769232 0.6959134615384616 0.09615384615384616 0.06971153846153846
2 0.49278846153846156 0.6971153846153846 0.8269230769230769 0.125
2 0.15865384615384615 0.5072115384615384 0.07211538461538461 0.09134615384615384
2 0.23557692307692307 0.30408653846153844 0.10096153846153846 0.0889423076923077
2 0.16826923076923078 0.11538461538461539 0.10096153846153846 0.0673076923076923
2 0.5120192307692307 0.5096153846153846 0.7788461538461539 0.13942307692307693
2 0.5456730769230769 0.3076923076923077 0.7211538461538461 0.16826923076923078
2 0.5120192307692307 0.11778846153846154 0.7884615384615384 0.13942307692307693
