2 0.671875 0.36778846153846156 0.10336538461538461 0.04807692307692308
2 0.6887019230769231 0.5144230769230769 0.10336538461538461 0.04807692307692308
2 0.32572115384615385 0.30408653846153844 0.0985576923076923 0.06490384615384616
2 0.2536057692307692 0.34375 0.0985576923076923 0.0673076923076923
2 0.18028846153846154 0.10336538461538461 0.07211538461538461 0.0673076923076923
2 0.06129807692307692 0.41346153846153844 0.10336538461538461 0.057692307692307696
2 0.0625 0.16346153846153846 0.07692307692307693 0.057692307692307696
2 0.0985576923076923 0.7355769230769231 0.08173076923076923 0.0625
2 0.3401442307692308 0.5985576923076923 0.10336538461538461 0.04807692307692308
2 0.5600961538461539 0.7199519230769231 0.07692307692307693 0.05048076923076923
2 0.5721153846153846 0.8533653846153846 0.04326923076923077 0.07211538461538461
2 0.9543269230769231 0.8317307692307693 0.07692307692307693 0.04326923076923077
2 0.22596153846153846 0.8713942307692307 0.08653846153846154 0.06490384615384616
2 0.10336538461538461 0.9459134615384616 0.08173076923076923 0.055288461538461536
2 0.4362980769230769 0.19471153846153846 0.5841346153846154 0.28365384615384615
2 0.7620192307692307 0.09254807692307693 0.1875 0.17067307692307693
2 0.9206730769230769 0.08653846153846154 0.15384615384615385 0.15865384615384615
2 0.8629807692307693 0.5132211538461539 0.2692307692307692 0.6947115384615384
2 0.4855769230769231 0.1875 0.6730769230769231 0.27884615384615385
2 0.7572115384615384 0.09254807692307693 0.1971153846153846 0.17067307692307693
2 0.39663461538461536 0.03245192307692308 0.5144230769230769 0.05048076923076923
2 0.1045673076923077 0.02403846153846154 0.06009615384615385 0.03365384615384615
2 0.0733173076923077 0.036057692307692304 0.14182692307692307 0.057692307692307696
2 0.0733173076923077 0.3293269230769231 0.14182692307692307 0.22596153846153846
2 0.0733173076923077 0.13701923076923078 0.14182692307692307 0.15865384615384615
2 0.49399038461538464 0.4831730769230769 0.45913461538461536 0.4230769230769231
2 0.7331730769230769 0.8485576923076923 0.4230769230769231 0.30288461538461536
2 0.5276442307692307 0.9122596153846154 0.3293269230769231 0.17548076923076922
2 0.40384615384615385 0.8858173076923077 0.24519230769230768 0.2283653846153846
2 0.24158653846153846 0.9110576923076923 0.10336538461538461 0.16826923076923078
2 0.4362980769230769 0.7307692307692307 0.18028846153846154 0.08173076923076923
2 0.109375 0.9278846153846154 0.21394230769230768 0.14423076923076922
2 0.05048076923076923 0.8028846153846154 0.09134615384615384 0.09615384615384616
2 0.12259615384615384 0.6286057692307693 0.2403846153846154 0.2764423076923077
2 0.038461538461538464 0.6514423076923077 0.07211538461538461 0.04807692307692308
2 0.06971153846153846 0.6682692307692307 0.12980769230769232 0.18269230769230768
2 0.13701923076923078 0.4639423076923077 0.24519230769230768 0.04326923076923077
2 0.12620192307692307 0.3329326923076923 0.24759615384615385 0.21394230769230768
2 0.21634615384615385 0.7475961538461539 0.3173076923076923 0.20673076923076922
2 0.24278846153846154 0.6658653846153846 0.4807692307692308 0.34134615384615385
2 0.9230769230769231 0.6117788461538461 0.14903846153846154 0.14182692307692307
2 0.5012019230769231 0.5024038461538461 0.9975961538461539 0.9951923076923077
