2 0.9447115384615384 0.10697115384615384 0.11057692307692307 0.2091346153846154
2 0.8737980769230769 0.125 0.06971153846153846 0.17307692307692307
2 0.8040865384615384 0.1466346153846154 0.06971153846153846 0.16826923076923078
2 0.5853365384615384 0.18509615384615385 0.10336538461538461 0.20673076923076922
2 0.4879807692307692 0.11298076923076923 0.09615384615384616 0.22115384615384615
2 0.4855769230769231 0.2956730769230769 0.12980769230769232 0.20192307692307693
2 0.1201923076923077 0.1814903846153846 0.1201923076923077 0.18990384615384615
2 0.08173076923076923 0.8918269230769231 0.14423076923076922 0.20673076923076922
2 0.21875 0.9675480769230769 0.07211538461538461 0.06009615384615385
2 0.21394230769230768 0.8533653846153846 0.1346153846153846 0.20192307692307693
2 0.140625 0.8365384615384616 0.10336538461538461 0.1778846153846154
2 0.13701923076923078 0.6983173076923077 0.14423076923076922 0.21394230769230768
2 0.06490384615384616 0.6646634615384616 0.09615384615384616 0.1658653846153846
2 0.05048076923076923 0.7920673076923077 0.03365384615384615 0.0889423076923077
2 0.037259615384615384 0.5637019230769231 0.06009615384615385 0.2620192307692308
2 0.0985576923076923 0.46634615384615385 0.1346153846153846 0.22596153846153846
2 0.0625 0.3245192307692308 0.08173076923076923 0.14423076923076922
2 0.028846153846153848 0.3076923076923077 0.04807692307692308 0.14423076923076922
2 0.03365384615384615 0.19230769230769232 0.057692307692307696 0.12980769230769232
2 0.05889423076923077 0.10336538461538461 0.06009615384615385 0.12980769230769232
2 0.015625 0.07932692307692307 0.021634615384615384 0.10576923076923077
2 0.1502403846153846 0.06009615384615385 0.11778846153846154 0.11057692307692307
2 0.27403846153846156 0.11298076923076923 0.10576923076923077 0.1971153846153846
2 0.28725961538461536 0.30649038461538464 0.10817307692307693 0.21394230769230768
2 0.18389423076923078 0.36899038461538464 0.11298076923076923 0.18509615384615385
2 0.20192307692307693 0.5300480769230769 0.09615384615384616 0.13701923076923078
2 0.2860576923076923 0.5865384615384616 0.1201923076923077 0.22596153846153846
2 0.24519230769230768 0.6959134615384616 0.07692307692307693 0.11298076923076923
2 0.3557692307692308 0.6995192307692307 0.1346153846153846 0.27403846153846156
2 0.35216346153846156 0.8209134615384616 0.11298076923076923 0.16105769230769232
2 0.3161057692307692 0.9615384615384616 0.11298076923076923 0.07211538461538461
2 0.3137019230769231 0.8990384615384616 0.11778846153846154 0.10096153846153846
2 0.39783653846153844 0.5 0.10336538461538461 0.17307692307692307
2 0.3701923076923077 0.4098557692307692 0.08173076923076923 0.13701923076923078
2 0.36177884615384615 0.25 0.08413461538461539 0.17307692307692307
2 0.3713942307692308 0.08774038461538461 0.0985576923076923 0.1658653846153846
2 0.6141826923076923 0.07211538461538461 0.15144230769230768 0.1346153846153846
2 0.71875 0.05048076923076923 0.10096153846153846 0.09615384615384616
2 0.7139423076923077 0.17067307692307693 0.14423076923076922 0.22596153846153846
2 0.7235576923076923 0.40865384615384615 0.1971153846153846 0.32211538461538464
2 0.6370192307692307 0.4375 0.08653846153846154 0.16826923076923078
2 0.6742788461538461 0.7115384615384616 0.10336538461538461 0.16826923076923078
2 0.65625 0.6141826923076923 0.08173076923076923 0.16105769230769232
2 0.5865384615384616 0.6826923076923077 0.125 0.3317307692307692
2 0.5625 0.9170673076923077 0.10576923076923077 0.16105769230769232
2 0.47836538461538464 0.9206730769230769 0.07692307692307693 0.15384615384615385
2 0.4266826923076923 0.9026442307692307 0.11298076923076923 0.18990384615384615
2 0.46875 0.7728365384615384 0.10096153846153846 0.16105769230769232
2 0.46634615384615385 0.6298076923076923 0.10096153846153846 0.17307692307692307
2 0.45913461538461536 0.47596153846153844 0.08653846153846154 0.17307692307692307
2 0.5492788461538461 0.46634615384615385 0.11298076923076923 0.20192307692307693
2 0.5853365384615384 0.38461538461538464 0.09375 0.15384615384615385
2 0.953125 0.3473557692307692 0.09375 0.18028846153846154
2 0.8413461538461539 0.4110576923076923 0.14903846153846154 0.2932692307692308
2 0.7560096153846154 0.5961538461538461 0.1466346153846154 0.1971153846153846
2 0.9074519230769231 0.6346153846153846 0.15625 0.27403846153846156
2 0.9254807692307693 0.7211538461538461 0.14903846153846154 0.3557692307692308
2 0.8533653846153846 0.890625 0.07211538461538461 0.21394230769230768
2 0.7668269230769231 0.8701923076923077 0.15865384615384615 0.2548076923076923
2 0.9278846153846154 0.9411057692307693 0.07692307692307693 0.11298076923076923
2 0.6526442307692307 0.8870192307692307 0.09375 0.22115384615384615
2 0.7764423076923077 0.7439903846153846 0.125 0.18509615384615385
2 0.5048076923076923 0.5 0.9951923076923077 0.9951923076923077
