2 0.21153846153846154 0.11298076923076923 0.40384615384615385 0.21153846153846154
2 0.23076923076923078 0.04567307692307692 0.4423076923076923 0.08173076923076923
2 0.7007211538461539 0.11658653846153846 0.5985576923076923 0.19471153846153846
2 0.703125 0.04447115384615385 0.59375 0.07932692307692307
2 0.6850961538461539 0.21995192307692307 0.6009615384615384 0.17067307692307693
2 0.7415865384615384 0.984375 0.5168269230769231 0.03125
2 0.2548076923076923 0.9759615384615384 0.5 0.04807692307692308
2 0.11538461538461539 0.8629807692307693 0.21153846153846154 0.1778846153846154
2 0.5060096153846154 0.7752403846153846 0.65625 0.18509615384615385
2 0.6165865384615384 0.6009615384615384 0.06009615384615385 0.052884615384615384
2 0.6634615384615384 0.4074519230769231 0.0673076923076923 0.06490384615384616
2 0.07932692307692307 0.3004807692307692 0.1201923076923077 0.057692307692307696
2 0.9783653846153846 0.9879807692307693 0.04326923076923077 0.028846153846153848
2 0.8052884615384616 0.8389423076923077 0.0673076923076923 0.057692307692307696
2 0.6923076923076923 0.75 0.08653846153846154 0.038461538461538464
2 0.5961538461538461 0.8293269230769231 0.038461538461538464 0.052884615384615384
2 0.9326923076923077 0.6802884615384616 0.07692307692307693 0.057692307692307696
2 0.8942307692307693 0.5444711538461539 0.07692307692307693 0.05048076923076923
2 0.9495192307692307 0.39783653846153844 0.10096153846153846 0.040865384615384616
2 0.9795673076923077 0.2860576923076923 0.040865384615384616 0.052884615384615384
2 0.49038461538461536 0.17307692307692307 0.0673076923076923 0.0625
2 0.20072115384615385 0.19110576923076922 0.38221153846153844 0.18509615384615385
2 0.2692307692307692 0.36538461538461536 0.5192307692307693 0.22115384615384615
2 0.21514423076923078 0.1658653846153846 0.38221153846153844 0.3173076923076923
2 0.7752403846153846 0.47836538461538464 0.25721153846153844 0.35096153846153844
2 0.34615384615384615 0.48197115384615385 0.6778846153846154 0.23317307692307693
2 0.33413461538461536 0.4110576923076923 0.6490384615384616 0.1971153846153846
2 0.9435096153846154 0.3762019230769231 0.11298076923076923 0.15144230769230768
2 0.9375 0.5240384615384616 0.12980769230769232 0.30288461538461536
2 0.7391826923076923 0.8762019230769231 0.5216346153846154 0.18509615384615385
2 0.8581730769230769 0.9639423076923077 0.28365384615384615 0.07692307692307693
2 0.6778846153846154 0.90625 0.6442307692307693 0.19230769230769232
2 0.24519230769230768 0.9038461538461539 0.24519230769230768 0.18269230769230768
2 0.15625 0.8629807692307693 0.04326923076923077 0.0625
2 0.10096153846153846 0.7223557692307693 0.1875 0.0985576923076923
2 0.3245192307692308 0.5985576923076923 0.6346153846153846 0.14903846153846154
2 0.8810096153846154 0.6947115384615384 0.23798076923076922 0.1346153846153846
2 0.5024038461538461 0.5036057692307693 0.9951923076923077 0.9975961538461539
