2 0.9026442307692307 0.5504807692307693 0.13221153846153846 0.8990384615384616
2 0.9026442307692307 0.9362980769230769 0.11298076923076923 0.12740384615384615
2 0.7427884615384616 0.9567307692307693 0.0673076923076923 0.08173076923076923
2 0.5793269230769231 0.8197115384615384 0.0625 0.08173076923076923
2 0.42788461538461536 0.8629807692307693 0.0625 0.09134615384615384
2 0.2668269230769231 0.9134615384615384 0.0625 0.09134615384615384
2 0.10336538461538461 0.9158653846153846 0.057692307692307696 0.08653846153846154
2 0.5769230769230769 0.4855769230769231 0.12980769230769232 0.7548076923076923
2 0.7403846153846154 0.546875 0.12980769230769232 0.9014423076923077
2 0.4254807692307692 0.5072115384615384 0.1201923076923077 0.7980769230769231
2 0.2668269230769231 0.5288461538461539 0.125 0.8509615384615384
2 0.10336538461538461 0.5288461538461539 0.12980769230769232 0.8653846153846154
