2 0.8257211538461539 0.9483173076923077 0.12740384615384615 0.0985576923076923
2 0.8665865384615384 0.8858173076923077 0.2668269230769231 0.22355769230769232
2 0.9615384615384616 0.9182692307692307 0.07692307692307693 0.15865384615384615
2 0.8401442307692307 0.7295673076923077 0.31971153846153844 0.25240384615384615
2 0.8798076923076923 0.6141826923076923 0.2403846153846154 0.15144230769230768
2 0.9146634615384616 0.47836538461538464 0.17067307692307693 0.1875
2 0.9375 0.38461538461538464 0.125 0.11057692307692307
2 0.8100961538461539 0.2403846153846154 0.16826923076923078 0.16826923076923078
2 0.9399038461538461 0.24519230769230768 0.1201923076923077 0.16826923076923078
2 0.8052884615384616 0.38461538461538464 0.1346153846153846 0.23076923076923078
2 0.6478365384615384 0.43990384615384615 0.27163461538461536 0.1971153846153846
2 0.5661057692307693 0.6394230769230769 0.23317307692307693 0.20192307692307693
2 0.484375 0.6526442307692307 0.2860576923076923 0.2091346153846154
2 0.4519230769230769 0.7560096153846154 0.14903846153846154 0.27163461538461536
2 0.5480769230769231 0.8112980769230769 0.08173076923076923 0.0985576923076923
2 0.6201923076923077 0.8822115384615384 0.22596153846153846 0.23076923076923078
2 0.71875 0.9423076923076923 0.14423076923076922 0.11057692307692307
2 0.25721153846153844 0.828125 0.5096153846153846 0.3389423076923077
2 0.36538461538461536 0.7992788461538461 0.14903846153846154 0.13701923076923078
2 0.46033653846153844 0.8028846153846154 0.12740384615384615 0.16826923076923078
2 0.24639423076923078 0.6646634615384616 0.1658653846153846 0.2620192307692308
2 0.2860576923076923 0.5456730769230769 0.11057692307692307 0.11538461538461539
2 0.15504807692307693 0.5793269230769231 0.0889423076923077 0.125
2 0.03125 0.7295673076923077 0.057692307692307696 0.18509615384615385
2 0.109375 0.7127403846153846 0.0985576923076923 0.0985576923076923
2 0.030048076923076924 0.5865384615384616 0.055288461538461536 0.1201923076923077
2 0.28966346153846156 0.47475961538461536 0.3485576923076923 0.25721153846153844
2 0.3701923076923077 0.4014423076923077 0.2980769230769231 0.3269230769230769
2 0.6418269230769231 0.2860576923076923 0.22596153846153846 0.1201923076923077
2 0.5240384615384616 0.08173076923076923 0.3125 0.15865384615384615
2 0.1875 0.20793269230769232 0.3701923076923077 0.4110576923076923
2 0.8401442307692307 0.13341346153846154 0.31971153846153844 0.2620192307692308
2 0.4423076923076923 0.19110576923076922 0.11057692307692307 0.21394230769230768
2 0.5877403846153846 0.19110576923076922 0.17548076923076922 0.1466346153846154
