2 0.6057692307692307 0.78125 0.5721153846153846 0.19230769230769232
2 0.6129807692307693 0.4831730769230769 0.6875 0.21153846153846154
2 0.4326923076923077 0.7043269230769231 0.40384615384615385 0.08653846153846154
2 0.4519230769230769 0.6514423076923077 0.35096153846153844 0.10576923076923077
2 0.5420673076923077 0.5625 0.5456730769230769 0.10576923076923077
2 0.59375 0.3173076923076923 0.6634615384615384 0.1875
2 0.6129807692307693 0.22355769230769232 0.5961538461538461 0.09134615384615384
2 0.5769230769230769 0.12740384615384615 0.4855769230769231 0.16826923076923078
2 0.7692307692307693 0.7139423076923077 0.27403846153846156 0.2980769230769231
2 0.3605769230769231 0.7920673076923077 0.09134615384615384 0.06971153846153846
2 0.2668269230769231 0.6983173076923077 0.057692307692307696 0.055288461538461536
2 0.29927884615384615 0.6550480769230769 0.04567307692307692 0.036057692307692304
2 0.34134615384615385 0.5600961538461539 0.09134615384615384 0.052884615384615384
2 0.3112980769230769 0.5024038461538461 0.08413461538461539 0.07692307692307693
2 0.29086538461538464 0.30528846153846156 0.057692307692307696 0.0673076923076923
2 0.35096153846153844 0.21995192307692307 0.07211538461538461 0.055288461538461536
2 0.35336538461538464 0.15144230769230768 0.052884615384615384 0.04326923076923077
