2 0.1971153846153846 0.6177884615384616 0.28365384615384615 0.6730769230769231
2 0.15865384615384615 0.4026442307692308 0.3076923076923077 0.6995192307692307
2 0.06009615384615385 0.2548076923076923 0.11057692307692307 0.375
2 0.7740384615384616 0.2403846153846154 0.42788461538461536 0.3798076923076923
2 0.8894230769230769 0.29086538461538464 0.15384615384615385 0.47115384615384615
2 0.6514423076923077 0.4519230769230769 0.375 0.5144230769230769
2 0.41466346153846156 0.42427884615384615 0.20432692307692307 0.7379807692307693
2 0.41346153846153844 0.21875 0.30288461538461536 0.25
2 0.5552884615384616 0.7980769230769231 0.4375 0.40384615384615385
2 0.7680288461538461 0.7548076923076923 0.46875 0.49038461538461536
2 0.8810096153846154 0.8641826923076923 0.24278846153846154 0.27163461538461536
2 0.05889423076923077 0.8822115384615384 0.10817307692307693 0.23557692307692307
2 0.1971153846153846 0.8918269230769231 0.17307692307692307 0.21634615384615385
