2 0.13581730769230768 0.14182692307692307 0.13221153846153846 0.08173076923076923
2 0.14182692307692307 0.4855769230769231 0.2548076923076923 0.7692307692307693
2 0.30528846153846156 0.15144230769230768 0.11538461538461539 0.07211538461538461
2 0.328125 0.48677884615384615 0.19471153846153846 0.7427884615384616
2 0.46634615384615385 0.16826923076923078 0.11538461538461539 0.07211538461538461
2 0.49158653846153844 0.48197115384615385 0.18990384615384615 0.7043269230769231
2 0.6225961538461539 0.17908653846153846 0.10576923076923077 0.06490384615384616
2 0.6466346153846154 0.4795673076923077 0.1778846153846154 0.6658653846153846
2 0.7860576923076923 0.18990384615384615 0.10096153846153846 0.0673076923076923
2 0.7992788461538461 0.47475961538461536 0.17067307692307693 0.6370192307692307
2 0.9326923076923077 0.20192307692307693 0.09615384615384616 0.0625
2 0.9338942307692307 0.47475961538461536 0.12740384615384615 0.5841346153846154
