2 0.2764423076923077 0.40384615384615385 0.18269230769230768 0.10576923076923077
2 0.4543269230769231 0.6610576923076923 0.5384615384615384 0.6201923076923077
2 0.4855769230769231 0.875 0.27403846153846156 0.25
2 0.7620192307692307 0.8629807692307693 0.1875 0.125
2 0.8353365384615384 0.9278846153846154 0.3245192307692308 0.14423076923076922
2 0.8353365384615384 0.6298076923076923 0.3245192307692308 0.5961538461538461
2 0.6430288461538461 0.5228365384615384 0.40625 0.40625
2 0.3737980769230769 0.20552884615384615 0.6129807692307693 0.4014423076923077
2 0.7355769230769231 0.1814903846153846 0.5240384615384616 0.35336538461538464
2 0.8786057692307693 0.24519230769230768 0.23798076923076922 0.20192307692307693
