2 0.8930288461538461 0.5528846153846154 0.09375 0.0625
2 0.7127403846153846 0.5288461538461539 0.0985576923076923 0.0625
2 0.8569711538461539 0.1466346153846154 0.08413461538461539 0.04807692307692308
2 0.7103365384615384 0.15264423076923078 0.08413461538461539 0.04567307692307692
2 0.5805288461538461 0.14423076923076922 0.07932692307692307 0.04807692307692308
2 0.41947115384615385 0.1346153846153846 0.08413461538461539 0.04807692307692308
2 0.30528846153846156 0.27403846153846156 0.07211538461538461 0.052884615384615384
2 0.21634615384615385 0.2932692307692308 0.0625 0.052884615384615384
2 0.12620192307692307 0.3317307692307692 0.0889423076923077 0.038461538461538464
2 0.5228365384615384 0.5060096153846154 0.08413461538461539 0.06971153846153846
2 0.32572115384615385 0.49158653846153844 0.10336538461538461 0.06009615384615385
2 0.14302884615384615 0.4807692307692308 0.11298076923076923 0.04807692307692308
2 0.8713942307692307 0.7487980769230769 0.16105769230769232 0.45913461538461536
2 0.7091346153846154 0.734375 0.18269230769230768 0.4735576923076923
2 0.5240384615384616 0.7295673076923077 0.1875 0.49759615384615385
2 0.3485576923076923 0.7211538461538461 0.1875 0.5048076923076923
2 0.15865384615384615 0.7151442307692307 0.21153846153846154 0.5024038461538461
2 0.8545673076923077 0.28725961538461536 0.1466346153846154 0.31490384615384615
2 0.7103365384615384 0.28966346153846156 0.12259615384615384 0.3004807692307692
2 0.5709134615384616 0.2800480769230769 0.14182692307692307 0.31971153846153844
2 0.4254807692307692 0.27524038461538464 0.13942307692307693 0.31490384615384615
2 0.3137019230769231 0.3473557692307692 0.0889423076923077 0.18509615384615385
2 0.21995192307692307 0.3581730769230769 0.0889423076923077 0.16346153846153846
2 0.12860576923076922 0.37259615384615385 0.09375 0.1201923076923077
