2 0.296875 0.10336538461538461 0.15144230769230768 0.16346153846153846
2 0.34134615384615385 0.125 0.0625 0.07692307692307693
2 0.39302884615384615 0.1201923076923077 0.036057692307692304 0.057692307692307696
2 0.3485576923076923 0.14182692307692307 0.125 0.1346153846153846
2 0.3485576923076923 0.24759615384615385 0.04807692307692308 0.052884615384615384
2 0.34375 0.33653846153846156 0.04807692307692308 0.052884615384615384
2 0.3942307692307692 0.37259615384615385 0.04326923076923077 0.052884615384615384
2 0.2980769230769231 0.25240384615384615 0.15384615384615385 0.09615384615384616
2 0.29086538461538464 0.37259615384615385 0.1346153846153846 0.1346153846153846
2 0.3401442307692308 0.3942307692307692 0.14182692307692307 0.10576923076923077
2 0.5216346153846154 0.6225961538461539 0.5480769230769231 0.11057692307692307
2 0.5552884615384616 0.7115384615384616 0.5336538461538461 0.10096153846153846
2 0.4110576923076923 0.7620192307692307 0.40865384615384615 0.1346153846153846
2 0.5120192307692307 0.9194711538461539 0.5817307692307693 0.16105769230769232
2 0.6730769230769231 0.8401442307692307 0.2980769230769231 0.10336538461538461
2 0.7788461538461539 0.6274038461538461 0.038461538461538464 0.057692307692307696
2 0.8028846153846154 0.7019230769230769 0.04326923076923077 0.0625
2 0.5865384615384616 0.7668269230769231 0.0673076923076923 0.0625
2 0.7980769230769231 0.859375 0.04326923076923077 0.05048076923076923
2 0.7872596153846154 0.9230769230769231 0.03125 0.052884615384615384
