2 0.9290865384615384 0.4254807692307692 0.14182692307692307 0.8365384615384616
2 0.8221153846153846 0.27403846153846156 0.19230769230769232 0.3125
2 0.5576923076923077 0.1466346153846154 0.3942307692307692 0.27403846153846156
2 0.8173076923076923 0.5120192307692307 0.13942307692307693 0.20192307692307693
2 0.18509615384615385 0.18269230769230768 0.3557692307692308 0.34615384615384615
2 0.13221153846153846 0.04326923076923077 0.25 0.07211538461538461
2 0.6334134615384616 0.6129807692307693 0.6514423076923077 0.7740384615384616
2 0.6430288461538461 0.828125 0.2764423076923077 0.34375
2 0.042067307692307696 0.8689903846153846 0.07451923076923077 0.2620192307692308
2 0.15745192307692307 0.6766826923076923 0.30528846153846156 0.6466346153846154
2 0.7043269230769231 0.4567307692307692 0.5817307692307693 0.6105769230769231
2 0.984375 0.9867788461538461 0.03125 0.026442307692307692
2 0.96875 0.9158653846153846 0.0625 0.16826923076923078
2 0.5024038461538461 0.5036057692307693 0.9951923076923077 0.9927884615384616
