2 0.8221153846153846 0.4026442307692308 0.10576923076923077 0.5649038461538461
2 0.7391826923076923 0.27884615384615385 0.07451923076923077 0.3942307692307692
2 0.6658653846153846 0.18990384615384615 0.07211538461538461 0.28846153846153844
2 0.5360576923076923 0.15865384615384615 0.13942307692307693 0.21634615384615385
2 0.3954326923076923 0.20432692307692307 0.06490384615384616 0.08653846153846154
2 0.3954326923076923 0.14182692307692307 0.12740384615384615 0.20192307692307693
2 0.3161057692307692 0.2932692307692308 0.09375 0.44711538461538464
2 0.20793269230769232 0.49038461538461536 0.15625 0.7788461538461539
2 0.27884615384615385 0.5913461538461539 0.12980769230769232 0.75
2 0.375 0.484375 0.1346153846153846 0.7908653846153846
2 0.46634615384615385 0.5240384615384616 0.038461538461538464 0.07211538461538461
2 0.4699519230769231 0.34134615384615385 0.08413461538461539 0.4423076923076923
2 0.4423076923076923 0.6009615384615384 0.1346153846153846 0.7163461538461539
2 0.5288461538461539 0.5336538461538461 0.125 0.7067307692307693
2 0.609375 0.5600961538461539 0.12740384615384615 0.7980769230769231
2 0.6105769230769231 0.3161057692307692 0.08173076923076923 0.47836538461538464
2 0.6875 0.4411057692307692 0.10576923076923077 0.6322115384615384
2 0.7668269230769231 0.5360576923076923 0.13942307692307693 0.8461538461538461
