2 0.8497596153846154 0.5072115384615384 0.3004807692307692 0.5384615384615384
2 0.5685096153846154 0.8125 0.15625 0.21634615384615385
2 0.71875 0.36778846153846156 0.5576923076923077 0.5817307692307693
2 0.7451923076923077 0.7980769230769231 0.5096153846153846 0.2403846153846154
2 0.43028846153846156 0.8028846153846154 0.42788461538461536 0.22115384615384615
2 0.19951923076923078 0.8653846153846154 0.14903846153846154 0.10096153846153846
2 0.17427884615384615 0.6790865384615384 0.34375 0.4735576923076923
2 0.4182692307692308 0.6153846153846154 0.27403846153846156 0.3125
2 0.12620192307692307 0.36538461538461536 0.24759615384615385 0.42788461538461536
2 0.1778846153846154 0.27524038461538464 0.35096153846153844 0.3245192307692308
2 0.7235576923076923 0.12980769230769232 0.1346153846153846 0.125
2 0.6887019230769231 0.039663461538461536 0.10336538461538461 0.07451923076923077
2 0.44711538461538464 0.18389423076923078 0.4423076923076923 0.3629807692307692
2 0.8689903846153846 0.037259615384615384 0.25240384615384615 0.06971153846153846
2 0.12980769230769232 0.10697115384615384 0.2548076923076923 0.2091346153846154
2 0.5012019230769231 0.46634615384615385 0.9975961538461539 0.9278846153846154
