2 0.078125 0.8701923076923077 0.13701923076923078 0.1875
2 0.11658653846153846 0.9723557692307693 0.21394230769230768 0.055288461538461536
2 0.13581730769230768 0.9375 0.11298076923076923 0.09134615384615384
2 0.27403846153846156 0.8365384615384616 0.17307692307692307 0.19230769230769232
2 0.22596153846153846 0.9230769230769231 0.04326923076923077 0.019230769230769232
2 0.3401442307692308 0.84375 0.06490384615384616 0.038461538461538464
2 0.3605769230769231 0.8677884615384616 0.07211538461538461 0.04326923076923077
2 0.3125 0.9350961538461539 0.08173076923076923 0.10576923076923077
2 0.29086538461538464 0.9759615384615384 0.028846153846153848 0.019230769230769232
2 0.5745192307692307 0.8509615384615384 0.16826923076923078 0.0625
2 0.5504807692307693 0.7908653846153846 0.12980769230769232 0.0625
2 0.43509615384615385 0.7536057692307693 0.125 0.05048076923076923
2 0.5576923076923077 0.7451923076923077 0.09615384615384616 0.0673076923076923
2 0.6418269230769231 0.7451923076923077 0.10096153846153846 0.10576923076923077
2 0.5949519230769231 0.7163461538461539 0.0889423076923077 0.04807692307692308
2 0.6298076923076923 0.65625 0.23076923076923078 0.08173076923076923
2 0.5048076923076923 0.6550480769230769 0.14903846153846154 0.12740384615384615
2 0.45552884615384615 0.7115384615384616 0.036057692307692304 0.03365384615384615
2 0.2620192307692308 0.6646634615384616 0.052884615384615384 0.026442307692307692
2 0.06009615384615385 0.7391826923076923 0.052884615384615384 0.026442307692307692
2 0.021634615384615384 0.7235576923076923 0.02403846153846154 0.02403846153846154
2 0.028846153846153848 0.7007211538461539 0.04326923076923077 0.06490384615384616
2 0.19591346153846154 0.6213942307692307 0.31490384615384615 0.2620192307692308
2 0.2283653846153846 0.2980769230769231 0.1778846153846154 0.2644230769230769
2 0.375 0.31009615384615385 0.14903846153846154 0.20673076923076922
2 0.3173076923076923 0.40865384615384615 0.04807692307692308 0.038461538461538464
2 0.3389423076923077 0.41346153846153844 0.2932692307692308 0.16346153846153846
2 0.0985576923076923 0.18629807692307693 0.04807692307692308 0.026442307692307692
2 0.06610576923076923 0.2608173076923077 0.11298076923076923 0.18028846153846154
2 0.1466346153846154 0.1875 0.04807692307692308 0.02403846153846154
2 0.12740384615384615 0.24759615384615385 0.09615384615384616 0.1346153846153846
2 0.15384615384615385 0.30288461538461536 0.1971153846153846 0.13942307692307693
2 0.057692307692307696 0.3918269230769231 0.09615384615384616 0.07692307692307693
2 0.18389423076923078 0.06971153846153846 0.1658653846153846 0.12980769230769232
2 0.30649038461538464 0.09375 0.15625 0.1778846153846154
2 0.37740384615384615 0.14182692307692307 0.16826923076923078 0.12980769230769232
2 0.4831730769230769 0.23798076923076922 0.1971153846153846 0.13942307692307693
2 0.5240384615384616 0.3425480769230769 0.125 0.06971153846153846
2 0.6490384615384616 0.38822115384615385 0.028846153846153848 0.026442307692307692
2 0.6153846153846154 0.39663461538461536 0.08173076923076923 0.04807692307692308
2 0.5721153846153846 0.4807692307692308 0.17307692307692307 0.18269230769230768
2 0.6262019230769231 0.5805288461538461 0.0889423076923077 0.06971153846153846
2 0.5300480769230769 0.5625 0.0889423076923077 0.04807692307692308
2 0.5036057692307693 0.5492788461538461 0.036057692307692304 0.016826923076923076
2 0.47115384615384615 0.4519230769230769 0.07692307692307693 0.11057692307692307
2 0.6105769230769231 0.30288461538461536 0.1201923076923077 0.09615384615384616
2 0.7884615384615384 0.28846153846153844 0.22596153846153846 0.1875
2 0.703125 0.36538461538461536 0.06490384615384616 0.038461538461538464
2 0.8269230769230769 0.33653846153846156 0.17307692307692307 0.17307692307692307
2 0.7920673076923077 0.4110576923076923 0.06490384615384616 0.019230769230769232
2 0.8894230769230769 0.3485576923076923 0.1201923076923077 0.23557692307692307
2 0.7764423076923077 0.45913461538461536 0.10576923076923077 0.125
2 0.8521634615384616 0.5625 0.11298076923076923 0.16826923076923078
2 0.7043269230769231 0.5336538461538461 0.12980769230769232 0.17307692307692307
2 0.6418269230769231 0.4098557692307692 0.10096153846153846 0.21394230769230768
2 0.47596153846153844 0.1201923076923077 0.10096153846153846 0.10576923076923077
2 0.5625 0.14302884615384615 0.08173076923076923 0.09375
2 0.6225961538461539 0.22956730769230768 0.1201923076923077 0.06009615384615385
2 0.7115384615384616 0.1466346153846154 0.25 0.0673076923076923
2 0.9014423076923077 0.17908653846153846 0.1778846153846154 0.13701923076923078
2 0.9891826923076923 0.13942307692307693 0.021634615384615384 0.07211538461538461
2 0.9711538461538461 0.2548076923076923 0.057692307692307696 0.10096153846153846
2 0.9375 0.09615384615384616 0.07211538461538461 0.04326923076923077
2 0.8245192307692307 0.11057692307692307 0.10576923076923077 0.0625
2 0.8064903846153846 0.028846153846153848 0.10817307692307693 0.04807692307692308
2 0.8942307692307693 0.040865384615384616 0.21153846153846154 0.07211538461538461
2 0.8137019230769231 0.0673076923076923 0.036057692307692304 0.019230769230769232
2 0.9326923076923077 0.05048076923076923 0.08173076923076923 0.028846153846153848
2 0.9567307692307693 0.06129807692307692 0.08653846153846154 0.04567307692307692
2 0.7379807692307693 0.07091346153846154 0.10096153846153846 0.09375
2 0.6394230769230769 0.06490384615384616 0.16826923076923078 0.09134615384615384
2 0.6081730769230769 0.016826923076923076 0.11538461538461539 0.02403846153846154
2 0.5649038461538461 0.05048076923076923 0.10096153846153846 0.07692307692307693
2 0.4579326923076923 0.020432692307692308 0.17548076923076922 0.03125
2 0.4014423076923077 0.02403846153846154 0.04807692307692308 0.02403846153846154
