2 0.6370192307692307 0.671875 0.04807692307692308 0.10336538461538461
2 0.49278846153846156 0.6887019230769231 0.04807692307692308 0.10336538461538461
2 0.7007211538461539 0.32572115384615385 0.06490384615384616 0.0985576923076923
2 0.6634615384615384 0.2536057692307692 0.0673076923076923 0.0985576923076923
2 0.9038461538461539 0.18028846153846154 0.0673076923076923 0.07211538461538461
2 0.5913461538461539 0.06129807692307692 0.057692307692307696 0.10336538461538461
2 0.84375 0.0625 0.057692307692307696 0.07692307692307693
2 0.2692307692307692 0.0985576923076923 0.0625 0.08173076923076923
2 0.40865384615384615 0.3401442307692308 0.04807692307692308 0.10336538461538461
2 0.28725961538461536 0.5600961538461539 0.05048076923076923 0.07692307692307693
2 0.15144230769230768 0.5721153846153846 0.07211538461538461 0.04326923076923077
2 0.17307692307692307 0.9543269230769231 0.04326923076923077 0.07692307692307693
2 0.13341346153846154 0.22596153846153846 0.06490384615384616 0.08653846153846154
2 0.06009615384615385 0.10336538461538461 0.052884615384615384 0.08173076923076923
2 0.8100961538461539 0.4362980769230769 0.28365384615384615 0.5841346153846154
2 0.9146634615384616 0.7620192307692307 0.17067307692307693 0.1875
2 0.9182692307692307 0.9206730769230769 0.15865384615384615 0.15384615384615385
2 0.49158653846153844 0.8629807692307693 0.6947115384615384 0.2692307692307692
2 0.8197115384615384 0.4855769230769231 0.27884615384615385 0.6730769230769231
2 0.9146634615384616 0.7572115384615384 0.17067307692307693 0.1971153846153846
2 0.9747596153846154 0.39663461538461536 0.05048076923076923 0.5144230769230769
2 0.9831730769230769 0.1045673076923077 0.03365384615384615 0.06009615384615385
2 0.9711538461538461 0.0733173076923077 0.057692307692307696 0.14182692307692307
2 0.6754807692307693 0.0733173076923077 0.22596153846153846 0.14182692307692307
2 0.8677884615384616 0.0733173076923077 0.15865384615384615 0.14182692307692307
2 0.5240384615384616 0.49399038461538464 0.4230769230769231 0.45913461538461536
2 0.15504807692307693 0.7319711538461539 0.30528846153846156 0.4206730769230769
2 0.09134615384615384 0.5264423076923077 0.1778846153846154 0.3269230769230769
2 0.11778846153846154 0.4026442307692308 0.23076923076923078 0.24278846153846154
2 0.09375 0.24158653846153846 0.16826923076923078 0.10336538461538461
2 0.2764423076923077 0.4362980769230769 0.08173076923076923 0.18028846153846154
2 0.07692307692307693 0.11057692307692307 0.14423076923076922 0.21153846153846154
2 0.20192307692307693 0.05048076923076923 0.09615384615384616 0.09134615384615384
2 0.3786057692307692 0.12259615384615384 0.2764423076923077 0.2403846153846154
2 0.35336538461538464 0.038461538461538464 0.04807692307692308 0.07211538461538461
2 0.33653846153846156 0.06971153846153846 0.18269230769230768 0.12980769230769232
2 0.5408653846153846 0.13701923076923078 0.04326923076923077 0.24519230769230768
2 0.671875 0.12620192307692307 0.21394230769230768 0.24759615384615385
2 0.25961538461538464 0.21634615384615385 0.20673076923076922 0.3173076923076923
2 0.34134615384615385 0.24278846153846154 0.34134615384615385 0.4807692307692308
2 0.39302884615384615 0.9230769230769231 0.14182692307692307 0.14903846153846154
2 0.5012019230769231 0.5 0.9975961538461539 0.9951923076923077
