2 0.21634615384615385 0.25961538461538464 0.24519230769230768 0.42788461538461536
2 0.203125 0.41225961538461536 0.10336538461538461 0.13221153846153846
2 0.26322115384615385 0.8882211538461539 0.0985576923076923 0.0985576923076923
2 0.22235576923076922 0.7331730769230769 0.23317307692307693 0.39903846153846156
2 0.5096153846153846 0.9182692307692307 0.08173076923076923 0.07211538461538461
2 0.7740384615384616 0.8846153846153846 0.09615384615384616 0.09134615384615384
2 0.8221153846153846 0.40024038461538464 0.09134615384615384 0.09375
2 0.5276442307692307 0.43509615384615385 0.08413461538461539 0.08653846153846154
2 0.5084134615384616 0.7379807692307693 0.2764423076923077 0.4326923076923077
2 0.5084134615384616 0.25961538461538464 0.2620192307692308 0.4375
2 0.7980769230769231 0.25721153846153844 0.19230769230769232 0.3557692307692308
2 0.7956730769230769 0.7151442307692307 0.2403846153846154 0.4206730769230769
