2 0.7800480769230769 0.4699519230769231 0.13701923076923078 0.7475961538461539
2 0.6382211538461539 0.5 0.16105769230769232 0.8317307692307693
2 0.6382211538461539 0.1310096153846154 0.08413461538461539 0.09375
2 0.7728365384615384 0.14182692307692307 0.07451923076923077 0.09134615384615384
2 0.4855769230769231 0.11298076923076923 0.09615384615384616 0.1201923076923077
2 0.35336538461538464 0.1201923076923077 0.07692307692307693 0.09134615384615384
2 0.24519230769230768 0.1310096153846154 0.07692307692307693 0.09375
2 0.47716346153846156 0.5120192307692307 0.19951923076923078 0.9182692307692307
2 0.3425480769230769 0.47596153846153844 0.17067307692307693 0.8028846153846154
2 0.23557692307692307 0.45552884615384615 0.14423076923076922 0.7427884615384616
