2 0.29447115384615385 0.8221153846153846 0.5552884615384616 0.27403846153846156
2 0.25961538461538464 0.5841346153846154 0.4567307692307692 0.15865384615384615
2 0.45552884615384615 0.5865384615384616 0.06490384615384616 0.08653846153846154
2 0.5576923076923077 0.8209134615384616 0.028846153846153848 0.055288461538461536
2 0.23798076923076922 0.4110576923076923 0.40384615384615385 0.15384615384615385
2 0.4098557692307692 0.41586538461538464 0.055288461538461536 0.08653846153846154
2 0.22355769230769232 0.27163461538461536 0.38461538461538464 0.11538461538461539
2 0.3942307692307692 0.2692307692307692 0.04326923076923077 0.07692307692307693
2 0.2091346153846154 0.11778846153846154 0.34615384615384615 0.15384615384615385
2 0.34975961538461536 0.11778846153846154 0.06490384615384616 0.08653846153846154
2 0.8233173076923077 0.8966346153846154 0.30528846153846156 0.07692307692307693
2 0.9591346153846154 0.8942307692307693 0.03365384615384615 0.038461538461538464
2 0.828125 0.8100961538461539 0.30528846153846156 0.07692307692307693
2 0.9591346153846154 0.8076923076923077 0.03365384615384615 0.038461538461538464
2 0.9591346153846154 0.71875 0.03365384615384615 0.04326923076923077
2 0.8257211538461539 0.7223557692307693 0.3004807692307692 0.07451923076923077
2 0.8233173076923077 0.6346153846153846 0.30528846153846156 0.07692307692307693
2 0.9567307692307693 0.6346153846153846 0.038461538461538464 0.03365384615384615
2 0.7427884615384616 0.48677884615384615 0.3894230769230769 0.0985576923076923
2 0.9230769230769231 0.4855769230769231 0.03365384615384615 0.028846153846153848
2 0.7403846153846154 0.3641826923076923 0.3942307692307692 0.10336538461538461
2 0.9230769230769231 0.3605769230769231 0.04326923076923077 0.038461538461538464
2 0.7403846153846154 0.23677884615384615 0.3942307692307692 0.0985576923076923
2 0.9230769230769231 0.23557692307692307 0.03365384615384615 0.03365384615384615
2 0.7608173076923077 0.10697115384615384 0.43028846153846156 0.10336538461538461
2 0.9615384615384616 0.10576923076923077 0.028846153846153848 0.03365384615384615
