2 0.38822115384615385 0.26802884615384615 0.05048076923076923 0.10336538461538461
2 0.6442307692307693 0.6394230769230769 0.052884615384615384 0.11538461538461539
2 0.8185096153846154 0.24278846153846154 0.0985576923076923 0.1201923076923077
2 0.9747596153846154 0.2824519230769231 0.05048076923076923 0.0985576923076923
2 0.25721153846153844 0.7548076923076923 0.028846153846153848 0.038461538461538464
2 0.042067307692307696 0.8846153846153846 0.036057692307692304 0.04807692307692308
2 0.06850961538461539 0.3605769230769231 0.036057692307692304 0.07211538461538461
2 0.2692307692307692 0.22115384615384615 0.04807692307692308 0.07692307692307693
2 0.24759615384615385 0.055288461538461536 0.038461538461538464 0.038461538461538464
2 0.31850961538461536 0.0625 0.036057692307692304 0.0673076923076923
2 0.15625 0.016826923076923076 0.038461538461538464 0.028846153846153848
2 0.8401442307692307 0.0985576923076923 0.05048076923076923 0.04807692307692308
2 0.4567307692307692 0.7980769230769231 0.04326923076923077 0.08173076923076923
2 0.7548076923076923 0.36538461538461536 0.2403846153846154 0.3557692307692308
2 0.84375 0.4831730769230769 0.23076923076923078 0.5673076923076923
2 0.9471153846153846 0.4182692307692308 0.10576923076923077 0.4375
2 0.8762019230769231 0.6706730769230769 0.24759615384615385 0.3605769230769231
2 0.9435096153846154 0.7920673076923077 0.11298076923076923 0.23317307692307693
2 0.8725961538461539 0.8689903846153846 0.2548076923076923 0.25721153846153844
2 0.7079326923076923 0.6033653846153846 0.15144230769230768 0.7884615384615384
2 0.5096153846153846 0.7572115384615384 0.34134615384615385 0.4807692307692308
2 0.2824519230769231 0.9206730769230769 0.11778846153846154 0.15384615384615385
2 0.45913461538461536 0.71875 0.27884615384615385 0.40384615384615385
2 0.4519230769230769 0.2608173076923077 0.23076923076923078 0.38221153846153844
2 0.6129807692307693 0.27403846153846156 0.10576923076923077 0.39903846153846156
2 0.36177884615384615 0.11778846153846154 0.08413461538461539 0.1201923076923077
2 0.4699519230769231 0.28966346153846156 0.2956730769230769 0.4543269230769231
2 0.13942307692307693 0.9459134615384616 0.09134615384615384 0.10336538461538461
2 0.25240384615384615 0.8413461538461539 0.14903846153846154 0.3125
2 0.265625 0.6646634615384616 0.06490384615384616 0.0985576923076923
2 0.08774038461538461 0.9074519230769231 0.055288461538461536 0.18028846153846154
2 0.14783653846153846 0.7860576923076923 0.07451923076923077 0.21153846153846154
2 0.203125 0.625 0.06490384615384616 0.11057692307692307
2 0.27884615384615385 0.5516826923076923 0.08653846153846154 0.12740384615384615
2 0.31009615384615385 0.6538461538461539 0.02403846153846154 0.07692307692307693
2 0.07091346153846154 0.7512019230769231 0.08413461538461539 0.2283653846153846
2 0.11538461538461539 0.6334134615384616 0.125 0.10336538461538461
2 0.12620192307692307 0.5216346153846154 0.10336538461538461 0.12980769230769232
2 0.2091346153846154 0.4855769230769231 0.09134615384615384 0.14903846153846154
2 0.265625 0.4963942307692308 0.055288461538461536 0.06009615384615385
2 0.1502403846153846 0.4182692307692308 0.06971153846153846 0.07692307692307693
2 0.06370192307692307 0.5048076923076923 0.07451923076923077 0.15384615384615385
2 0.030048076923076924 0.5685096153846154 0.055288461538461536 0.13701923076923078
2 0.03125 0.40625 0.057692307692307696 0.1201923076923077
2 0.15504807692307693 0.34615384615384615 0.13221153846153846 0.1875
2 0.25961538461538464 0.37259615384615385 0.07692307692307693 0.15865384615384615
2 0.3088942307692308 0.3581730769230769 0.05048076923076923 0.17307692307692307
2 0.037259615384615384 0.265625 0.06971153846153846 0.14182692307692307
2 0.1045673076923077 0.2512019230769231 0.07932692307692307 0.13701923076923078
2 0.054086538461538464 0.055288461538461536 0.10336538461538461 0.10576923076923077
2 0.054086538461538464 0.1502403846153846 0.10336538461538461 0.0889423076923077
2 0.13942307692307693 0.09615384615384616 0.12980769230769232 0.1875
2 0.17668269230769232 0.22355769230769232 0.07451923076923077 0.07211538461538461
2 0.2608173076923077 0.10096153846153846 0.11778846153846154 0.1971153846153846
2 0.2668269230769231 0.24639423076923078 0.10576923076923077 0.10336538461538461
2 0.39663461538461536 0.03245192307692308 0.14903846153846154 0.06009615384615385
2 0.4735576923076923 0.021634615384615384 0.04807692307692308 0.038461538461538464
2 0.5637019230769231 0.036057692307692304 0.18028846153846154 0.0673076923076923
2 0.6442307692307693 0.057692307692307696 0.019230769230769232 0.04326923076923077
2 0.640625 0.12980769230769232 0.040865384615384616 0.1201923076923077
2 0.6911057692307693 0.10096153846153846 0.06971153846153846 0.1971153846153846
2 0.7451923076923077 0.09254807692307693 0.04326923076923077 0.18028846153846154
2 0.7788461538461539 0.09014423076923077 0.04807692307692308 0.17548076923076922
2 0.9002403846153846 0.10336538461538461 0.19951923076923078 0.20192307692307693
2 0.953125 0.234375 0.04567307692307692 0.06971153846153846
