2 0.7716346153846154 0.9519230769230769 0.4519230769230769 0.09615384615384616
2 0.8533653846153846 0.84375 0.28846153846153844 0.20673076923076922
2 0.9014423076923077 0.2692307692307692 0.1971153846153846 0.5288461538461539
2 0.8185096153846154 0.2403846153846154 0.27163461538461536 0.47115384615384615
2 0.6971153846153846 0.16706730769230768 0.21634615384615385 0.3245192307692308
2 0.5444711538461539 0.31490384615384615 0.4879807692307692 0.375
2 0.7211538461538461 0.5576923076923077 0.38461538461538464 0.3076923076923077
2 0.9375 0.5865384615384616 0.1201923076923077 0.34615384615384615
2 0.7716346153846154 0.8882211538461539 0.4519230769230769 0.22355769230769232
2 0.3954326923076923 0.8425480769230769 0.2283653846153846 0.31490384615384615
2 0.40865384615384615 0.9423076923076923 0.4423076923076923 0.11538461538461539
2 0.14903846153846154 0.7848557692307693 0.2932692307692308 0.43028846153846156
2 0.421875 0.7259615384615384 0.36778846153846156 0.3798076923076923
2 0.38461538461538464 0.5757211538461539 0.32211538461538464 0.29086538461538464
2 0.3401442307692308 0.16947115384615385 0.6754807692307693 0.3293269230769231
2 0.42788461538461536 0.10817307692307693 0.2548076923076923 0.09134615384615384
2 0.2644230769230769 0.3786057692307692 0.5240384615384616 0.37259615384615385
2 0.5144230769230769 0.46634615384615385 0.13942307692307693 0.14423076923076922
2 0.5012019230769231 0.5036057692307693 0.9975961538461539 0.9975961538461539
