2 0.16947115384615385 0.42788461538461536 0.08413461538461539 0.057692307692307696
2 0.2644230769230769 0.8774038461538461 0.07211538461538461 0.038461538461538464
2 0.46875 0.9567307692307693 0.07211538461538461 0.038461538461538464
2 0.6418269230769231 0.9639423076923077 0.0673076923076923 0.04326923076923077
2 0.8269230769230769 0.8076923076923077 0.0673076923076923 0.04326923076923077
2 0.3473557692307692 0.40625 0.08413461538461539 0.04807692307692308
2 0.5240384615384616 0.4375 0.08173076923076923 0.04807692307692308
2 0.6947115384615384 0.39663461538461536 0.07692307692307693 0.04807692307692308
2 0.8641826923076923 0.3870192307692308 0.08413461538461539 0.04807692307692308
2 0.2668269230769231 0.6971153846153846 0.19230769230769232 0.39903846153846156
2 0.46875 0.7427884615384616 0.11538461538461539 0.46634615384615385
2 0.6418269230769231 0.75 0.11057692307692307 0.46153846153846156
2 0.8197115384615384 0.6646634615384616 0.15865384615384615 0.31971153846153844
2 0.16105769230769232 0.24519230769230768 0.13942307692307693 0.41346153846153844
2 0.34375 0.24158653846153846 0.12980769230769232 0.37740384615384615
2 0.5192307692307693 0.25 0.1346153846153846 0.41346153846153844
2 0.6995192307692307 0.23076923076923078 0.12980769230769232 0.375
2 0.8617788461538461 0.22596153846153846 0.14182692307692307 0.36538461538461536
