2 0.6298076923076923 0.8822115384615384 0.5625 0.14903846153846154
2 0.7163461538461539 0.7584134615384616 0.4423076923076923 0.14182692307692307
2 0.7331730769230769 0.6177884615384616 0.46153846153846156 0.14903846153846154
2 0.7524038461538461 0.49278846153846156 0.4423076923076923 0.14423076923076922
2 0.7740384615384616 0.3701923076923077 0.4567307692307692 0.13942307692307693
2 0.13221153846153846 0.6658653846153846 0.14423076923076922 0.10096153846153846
2 0.18990384615384615 0.9122596153846154 0.20673076923076922 0.17548076923076922
2 0.8341346153846154 0.8894230769230769 0.13942307692307693 0.08173076923076923
2 0.8653846153846154 0.7451923076923077 0.14423076923076922 0.07211538461538461
2 0.8942307692307693 0.6129807692307693 0.1346153846153846 0.08173076923076923
2 0.9086538461538461 0.49278846153846156 0.12980769230769232 0.07692307692307693
2 0.9375 0.36538461538461536 0.1201923076923077 0.0673076923076923
2 0.41586538461538464 0.7487980769230769 0.5384615384615384 0.17067307692307693
2 0.29927884615384615 0.5264423076923077 0.39663461538461536 0.2548076923076923
2 0.16105769230769232 0.45913461538461536 0.12980769230769232 0.1201923076923077
2 0.20673076923076922 0.3125 0.1346153846153846 0.10576923076923077
2 0.2620192307692308 0.18509615384615385 0.125 0.1201923076923077
2 0.30528846153846156 0.0673076923076923 0.11538461538461539 0.1201923076923077
2 0.33413461538461536 0.4170673076923077 0.38461538461538464 0.31971153846153844
2 0.36778846153846156 0.30408653846153844 0.33653846153846156 0.3485576923076923
2 0.41346153846153844 0.1622596153846154 0.33653846153846156 0.31971153846153844
