2 0.8990384615384616 0.05889423076923077 0.20673076923076922 0.11298076923076923
2 0.8798076923076923 0.1310096153846154 0.17307692307692307 0.06971153846153846
2 0.8605769230769231 0.20072115384615385 0.16826923076923078 0.06971153846153846
2 0.8221153846153846 0.421875 0.20673076923076922 0.10336538461538461
2 0.890625 0.5180288461538461 0.21875 0.0985576923076923
2 0.7115384615384616 0.5216346153846154 0.20192307692307693 0.12980769230769232
2 0.8233173076923077 0.8870192307692307 0.18990384615384615 0.1201923076923077
2 0.11298076923076923 0.9254807692307693 0.20673076923076922 0.14423076923076922
2 0.039663461538461536 0.7860576923076923 0.06009615384615385 0.07211538461538461
2 0.15144230769230768 0.7932692307692307 0.20192307692307693 0.1346153846153846
2 0.17067307692307693 0.8641826923076923 0.1778846153846154 0.10336538461538461
2 0.30649038461538464 0.8677884615384616 0.21394230769230768 0.14423076923076922
2 0.34134615384615385 0.9423076923076923 0.16826923076923078 0.09615384615384616
2 0.21514423076923078 0.9567307692307693 0.0889423076923077 0.03365384615384615
2 0.44350961538461536 0.9699519230769231 0.2620192307692308 0.06009615384615385
2 0.5384615384615384 0.90625 0.22596153846153846 0.1346153846153846
2 0.6826923076923077 0.9423076923076923 0.14423076923076922 0.08173076923076923
2 0.6995192307692307 0.9759615384615384 0.14423076923076922 0.04807692307692308
2 0.8125 0.9711538461538461 0.12980769230769232 0.057692307692307696
2 0.9014423076923077 0.9459134615384616 0.12980769230769232 0.06009615384615385
2 0.9254807692307693 0.9891826923076923 0.10576923076923077 0.021634615384615384
2 0.9447115384615384 0.8545673076923077 0.11057692307692307 0.11778846153846154
2 0.8918269230769231 0.7319711538461539 0.1971153846153846 0.10817307692307693
2 0.6983173076923077 0.7199519230769231 0.21394230769230768 0.10817307692307693
2 0.6358173076923077 0.8233173076923077 0.18509615384615385 0.11298076923076923
2 0.47716346153846156 0.8052884615384616 0.13701923076923078 0.09615384615384616
2 0.4206730769230769 0.71875 0.22596153846153846 0.1201923076923077
2 0.3088942307692308 0.7620192307692307 0.11298076923076923 0.07692307692307693
2 0.3076923076923077 0.6490384615384616 0.27403846153846156 0.1346153846153846
2 0.18389423076923078 0.6526442307692307 0.16105769230769232 0.11298076923076923
2 0.04567307692307692 0.6887019230769231 0.07211538461538461 0.11298076923076923
2 0.10817307692307693 0.6923076923076923 0.10096153846153846 0.11538461538461539
2 0.5048076923076923 0.6069711538461539 0.17307692307692307 0.10336538461538461
2 0.5949519230769231 0.6370192307692307 0.13701923076923078 0.08173076923076923
2 0.7548076923076923 0.6442307692307693 0.17307692307692307 0.08173076923076923
2 0.9170673076923077 0.6334134615384616 0.1658653846153846 0.0985576923076923
2 0.9326923076923077 0.390625 0.1346153846153846 0.15144230769230768
2 0.953125 0.28725961538461536 0.09375 0.10336538461538461
2 0.8365384615384616 0.29086538461538464 0.22596153846153846 0.14423076923076922
2 0.5985576923076923 0.28125 0.32211538461538464 0.1971153846153846
2 0.5673076923076923 0.3701923076923077 0.16826923076923078 0.08653846153846154
2 0.2956730769230769 0.33052884615384615 0.16826923076923078 0.10336538461538461
2 0.39302884615384615 0.3485576923076923 0.16105769230769232 0.08173076923076923
2 0.3245192307692308 0.4206730769230769 0.3317307692307692 0.125
2 0.09014423076923077 0.4423076923076923 0.16105769230769232 0.10576923076923077
2 0.08653846153846154 0.5288461538461539 0.15384615384615385 0.07692307692307693
2 0.1045673076923077 0.5805288461538461 0.18990384615384615 0.11298076923076923
2 0.23197115384615385 0.5360576923076923 0.16105769230769232 0.10096153846153846
2 0.375 0.5408653846153846 0.17307692307692307 0.10096153846153846
2 0.5288461538461539 0.5456730769230769 0.17307692307692307 0.08653846153846154
2 0.5384615384615384 0.45552884615384615 0.20192307692307693 0.11298076923076923
2 0.6225961538461539 0.41947115384615385 0.15384615384615385 0.09375
2 0.6586538461538461 0.05048076923076923 0.1778846153846154 0.09615384615384616
2 0.5961538461538461 0.1658653846153846 0.2932692307692308 0.14903846153846154
2 0.4110576923076923 0.24879807692307693 0.1971153846153846 0.1466346153846154
2 0.37259615384615385 0.09735576923076923 0.27403846153846156 0.15625
2 0.2848557692307692 0.078125 0.35336538461538464 0.15144230769230768
2 0.11658653846153846 0.15384615384615385 0.21394230769230768 0.07211538461538461
2 0.13701923076923078 0.2403846153846154 0.2548076923076923 0.15865384615384615
2 0.06610576923076923 0.07692307692307693 0.11298076923076923 0.07692307692307693
2 0.1201923076923077 0.35216346153846156 0.22115384615384615 0.09375
2 0.2608173076923077 0.23076923076923078 0.18509615384615385 0.125
2 0.5036057692307693 0.5012019230769231 0.9927884615384616 0.9975961538461539
