2 0.8365384615384616 0.59375 0.1346153846153846 0.6298076923076923
2 0.8389423076923077 0.8701923076923077 0.0673076923076923 0.07692307692307693
2 0.5841346153846154 0.8653846153846154 0.07211538461538461 0.07692307692307693
2 0.48677884615384615 0.8701923076923077 0.06490384615384616 0.07692307692307693
2 0.2403846153846154 0.8677884615384616 0.07211538461538461 0.08173076923076923
2 0.13701923076923078 0.875 0.0673076923076923 0.0673076923076923
2 0.6610576923076923 0.59375 0.21153846153846154 0.6201923076923077
2 0.49038461538461536 0.5889423076923077 0.12980769230769232 0.6298076923076923
2 0.31490384615384615 0.5889423076923077 0.20673076923076922 0.6298076923076923
2 0.140625 0.5889423076923077 0.13701923076923078 0.6394230769230769
