2 0.9014423076923077 0.5036057692307693 0.1971153846153846 0.9879807692307693
2 0.5336538461538461 0.5 0.5576923076923077 0.9951923076923077
2 0.18389423076923078 0.5036057692307693 0.3629807692307692 0.9879807692307693
2 0.9254807692307693 0.14783653846153846 0.13942307692307693 0.16105769230769232
2 0.5372596153846154 0.12139423076923077 0.2764423076923077 0.23798076923076922
2 0.18870192307692307 0.11057692307692307 0.18990384615384615 0.20192307692307693
2 0.3557692307692308 0.16346153846153846 0.11057692307692307 0.16826923076923078
2 0.05048076923076923 0.15504807692307693 0.09615384615384616 0.13701923076923078
2 0.057692307692307696 0.4338942307692308 0.11057692307692307 0.7091346153846154
2 0.34975961538461536 0.35336538461538464 0.1466346153846154 0.5480769230769231
2 0.8701923076923077 0.41947115384615385 0.23557692307692307 0.7139423076923077
