2 0.8197115384615384 0.4831730769230769 0.15865384615384615 0.6826923076923077
2 0.6778846153846154 0.4807692307692308 0.1778846153846154 0.75
2 0.49759615384615385 0.47475961538461536 0.24519230769230768 0.84375
2 0.3125 0.47836538461538464 0.18269230769230768 0.7451923076923077
2 0.1778846153846154 0.47596153846153844 0.16826923076923078 0.6778846153846154
2 0.8028846153846154 0.16706730769230768 0.07211538461538461 0.06009615384615385
2 0.6610576923076923 0.12860576923076922 0.07211538461538461 0.055288461538461536
2 0.49278846153846156 0.09134615384615384 0.09134615384615384 0.07211538461538461
2 0.3245192307692308 0.13341346153846154 0.08173076923076923 0.06971153846153846
2 0.18870192307692307 0.16466346153846154 0.07932692307692307 0.055288461538461536
