2 0.21153846153846154 0.8942307692307693 0.40384615384615385 0.21153846153846154
2 0.23076923076923078 0.9591346153846154 0.4423076923076923 0.08173076923076923
2 0.7007211538461539 0.8882211538461539 0.5985576923076923 0.19471153846153846
2 0.703125 0.9603365384615384 0.59375 0.07932692307692307
2 0.6850961538461539 0.7872596153846154 0.6009615384615384 0.17067307692307693
2 0.7415865384615384 0.020432692307692308 0.5168269230769231 0.03125
2 0.25721153846153844 0.028846153846153848 0.5 0.04807692307692308
2 0.11538461538461539 0.14182692307692307 0.21153846153846154 0.1778846153846154
2 0.5060096153846154 0.22956730769230768 0.65625 0.18509615384615385
2 0.6165865384615384 0.40384615384615385 0.06009615384615385 0.052884615384615384
2 0.6634615384615384 0.5997596153846154 0.0673076923076923 0.06490384615384616
2 0.07932692307692307 0.7043269230769231 0.1201923076923077 0.057692307692307696
2 0.9795673076923077 0.018028846153846152 0.040865384615384616 0.026442307692307692
2 0.8052884615384616 0.1658653846153846 0.0673076923076923 0.057692307692307696
2 0.6923076923076923 0.2548076923076923 0.08653846153846154 0.038461538461538464
2 0.5961538461538461 0.17548076923076922 0.038461538461538464 0.052884615384615384
2 0.9326923076923077 0.3269230769230769 0.07692307692307693 0.057692307692307696
2 0.8942307692307693 0.46033653846153844 0.07692307692307693 0.05048076923076923
2 0.9495192307692307 0.6081730769230769 0.10096153846153846 0.04326923076923077
2 0.9795673076923077 0.71875 0.040865384615384616 0.052884615384615384
2 0.49038461538461536 0.8341346153846154 0.0673076923076923 0.0625
2 0.20072115384615385 0.8161057692307693 0.38221153846153844 0.18509615384615385
2 0.2692307692307692 0.640625 0.5192307692307693 0.22355769230769232
2 0.21514423076923078 0.8413461538461539 0.38221153846153844 0.3173076923076923
2 0.7752403846153846 0.5288461538461539 0.25721153846153844 0.35096153846153844
2 0.34615384615384615 0.5228365384615384 0.6778846153846154 0.23317307692307693
2 0.33413461538461536 0.5961538461538461 0.6490384615384616 0.1971153846153846
2 0.9435096153846154 0.6310096153846154 0.11298076923076923 0.15144230769230768
2 0.9375 0.4807692307692308 0.12980769230769232 0.30288461538461536
2 0.7391826923076923 0.12980769230769232 0.5216346153846154 0.18269230769230768
2 0.859375 0.042067307692307696 0.28125 0.07451923076923077
2 0.6790865384615384 0.09975961538461539 0.6418269230769231 0.18990384615384615
2 0.24519230769230768 0.10096153846153846 0.24519230769230768 0.18269230769230768
2 0.15625 0.14182692307692307 0.04326923076923077 0.0625
2 0.10096153846153846 0.2848557692307692 0.1875 0.0985576923076923
2 0.3245192307692308 0.40865384615384615 0.6346153846153846 0.14903846153846154
2 0.8810096153846154 0.3112980769230769 0.23798076923076922 0.13221153846153846
2 0.5036057692307693 0.5024038461538461 0.9927884615384616 0.9951923076923077
