2 0.6177884615384616 0.14423076923076922 0.5576923076923077 0.14903846153846154
2 0.36778846153846156 0.14182692307692307 0.0625 0.057692307692307696
2 0.13341346153846154 0.33413461538461536 0.055288461538461536 0.0673076923076923
2 0.5048076923076923 0.3293269230769231 0.7932692307692307 0.1778846153846154
2 0.3737980769230769 0.5120192307692307 0.05048076923076923 0.057692307692307696
2 0.625 0.5120192307692307 0.5528846153846154 0.12980769230769232
2 0.14423076923076922 0.6887019230769231 0.0625 0.06971153846153846
2 0.36899038461538464 0.8581730769230769 0.05048076923076923 0.07211538461538461
2 0.5096153846153846 0.6899038461538461 0.7932692307692307 0.17307692307692307
2 0.625 0.859375 0.5625 0.12259615384615384
