2 0.03365384615384615 0.6418269230769231 0.057692307692307696 0.28365384615384615
2 0.10576923076923077 0.38822115384615385 0.1971153846153846 0.7572115384615384
2 0.24158653846153846 0.3737980769230769 0.28125 0.7283653846153846
2 0.46033653846153844 0.35096153846153844 0.41586538461538464 0.6826923076923077
2 0.33413461538461536 0.6538461538461539 0.1201923076923077 0.2932692307692308
2 0.5048076923076923 0.5853365384615384 0.21634615384615385 0.37259615384615385
2 0.7451923076923077 0.3713942307692308 0.3317307692307692 0.7235576923076923
2 0.6442307692307693 0.5913461538461539 0.14903846153846154 0.3942307692307692
2 0.8882211538461539 0.3870192307692308 0.22355769230769232 0.7596153846153846
2 0.9627403846153846 0.5961538461538461 0.07451923076923077 0.39903846153846156
2 0.03125 0.7355769230769231 0.04807692307692308 0.08653846153846154
2 0.1201923076923077 0.71875 0.1201923076923077 0.08653846153846154
2 0.27884615384615385 0.6826923076923077 0.1346153846153846 0.1201923076923077
2 0.3317307692307692 0.7572115384615384 0.11538461538461539 0.08653846153846154
2 0.4567307692307692 0.6225961538461539 0.16346153846153846 0.12980769230769232
2 0.49278846153846156 0.7139423076923077 0.125 0.09134615384615384
2 0.71875 0.6730769230769231 0.14423076923076922 0.10576923076923077
2 0.6610576923076923 0.7451923076923077 0.1201923076923077 0.08653846153846154
2 0.8557692307692307 0.7235576923076923 0.12980769230769232 0.09615384615384616
2 0.9819711538461539 0.7451923076923077 0.036057692307692304 0.08653846153846154
