2 0.8100961538461539 0.3870192307692308 0.28365384615384615 0.6730769230769231
2 0.8461538461538461 0.6021634615384616 0.3076923076923077 0.6995192307692307
2 0.9447115384615384 0.75 0.11057692307692307 0.375
2 0.23076923076923078 0.7644230769230769 0.42788461538461536 0.3798076923076923
2 0.11538461538461539 0.7139423076923077 0.15384615384615385 0.47115384615384615
2 0.35336538461538464 0.5528846153846154 0.375 0.5144230769230769
2 0.5925480769230769 0.5805288461538461 0.20432692307692307 0.7379807692307693
2 0.5913461538461539 0.7860576923076923 0.30288461538461536 0.25
2 0.45072115384615385 0.20552884615384615 0.43509615384615385 0.40625
2 0.23798076923076922 0.25 0.46634615384615385 0.49038461538461536
2 0.125 0.13942307692307693 0.2403846153846154 0.27403846153846156
2 0.9471153846153846 0.12139423076923077 0.10576923076923077 0.23798076923076922
2 0.8088942307692307 0.11177884615384616 0.17067307692307693 0.21875
