2 0.8425480769230769 0.6021634615384616 0.1466346153846154 0.6899038461538461
2 0.8389423076923077 0.28725961538461536 0.038461538461538464 0.05048076923076923
2 0.6742788461538461 0.5637019230769231 0.1466346153846154 0.7668269230769231
2 0.6730769230769231 0.2127403846153846 0.04326923076923077 0.06490384615384616
2 0.5024038461538461 0.22115384615384615 0.04807692307692308 0.07211538461538461
2 0.5036057692307693 0.5637019230769231 0.1466346153846154 0.7668269230769231
2 0.3401442307692308 0.20072115384615385 0.05048076923076923 0.06490384615384616
2 0.33774038461538464 0.5576923076923077 0.1466346153846154 0.7788461538461539
2 0.16706730769230768 0.6081730769230769 0.15144230769230768 0.7019230769230769
2 0.16826923076923078 0.28125 0.04326923076923077 0.0625
