2 0.15745192307692307 0.49759615384615385 0.3004807692307692 0.5384615384615384
2 0.4387019230769231 0.19471153846153846 0.15625 0.21634615384615385
2 0.28725961538461536 0.6394230769230769 0.5600961538461539 0.5817307692307693
2 0.2620192307692308 0.20673076923076922 0.5096153846153846 0.2403846153846154
2 0.5757211538461539 0.20192307692307693 0.43028846153846156 0.22115384615384615
2 0.8076923076923077 0.14182692307692307 0.14903846153846154 0.10096153846153846
2 0.8293269230769231 0.3269230769230769 0.34134615384615385 0.47596153846153844
2 0.5889423076923077 0.3894230769230769 0.27403846153846156 0.3125
2 0.8774038461538461 0.6418269230769231 0.24519230769230768 0.4326923076923077
2 0.8257211538461539 0.7307692307692307 0.3485576923076923 0.3269230769230769
2 0.28365384615384615 0.8774038461538461 0.1346153846153846 0.125
2 0.3173076923076923 0.9639423076923077 0.10576923076923077 0.07211538461538461
2 0.5588942307692307 0.8197115384615384 0.44471153846153844 0.3605769230769231
2 0.13701923076923078 0.9663461538461539 0.2548076923076923 0.0673076923076923
2 0.8737980769230769 0.8966346153846154 0.25240384615384615 0.20673076923076922
2 0.5024038461538461 0.5372596153846154 0.9951923076923077 0.9254807692307693
