2 0.6971153846153846 0.7992788461538461 0.3798076923076923 0.10817307692307693
2 0.6201923076923077 0.6826923076923077 0.5673076923076923 0.1346153846153846
2 0.5480769230769231 0.5528846153846154 0.6923076923076923 0.14903846153846154
2 0.4855769230769231 0.4014423076923077 0.8028846153846154 0.15865384615384615
2 0.4735576923076923 0.2548076923076923 0.8413461538461539 0.16346153846153846
2 0.5504807692307693 0.8004807692307693 0.08173076923076923 0.057692307692307696
2 0.39663461538461536 0.6850961538461539 0.11538461538461539 0.052884615384615384
2 0.24519230769230768 0.5480769230769231 0.08653846153846154 0.052884615384615384
2 0.12740384615384615 0.39903846153846156 0.08173076923076923 0.0625
2 0.10096153846153846 0.24278846153846154 0.08653846153846154 0.0625
