2 0.9110576923076923 0.09134615384615384 0.17307692307692307 0.17307692307692307
2 0.875 0.16105769230769232 0.12980769230769232 0.14903846153846154
2 0.8052884615384616 0.06490384615384616 0.14423076923076922 0.07692307692307693
2 0.6466346153846154 0.0625 0.3798076923076923 0.11538461538461539
2 0.7451923076923077 0.11057692307692307 0.14423076923076922 0.125
2 0.4831730769230769 0.11057692307692307 0.03365384615384615 0.019230769230769232
2 0.6850961538461539 0.19951923076923078 0.30288461538461536 0.1201923076923077
2 0.5240384615384616 0.14423076923076922 0.0625 0.028846153846153848
2 0.9639423076923077 0.2283653846153846 0.0625 0.10096153846153846
2 0.8846153846153846 0.25600961538461536 0.11057692307692307 0.04567307692307692
2 0.5276442307692307 0.25961538461538464 0.055288461538461536 0.028846153846153848
2 0.37259615384615385 0.19471153846153846 0.40865384615384615 0.15384615384615385
2 0.39663461538461536 0.07692307692307693 0.125 0.14423076923076922
2 0.5 0.04567307692307692 0.11057692307692307 0.08173076923076923
2 0.19230769230769232 0.07091346153846154 0.33653846153846156 0.13221153846153846
2 0.9519230769230769 0.28846153846153844 0.09134615384615384 0.028846153846153848
2 0.7572115384615384 0.27403846153846156 0.28365384615384615 0.08173076923076923
2 0.9375 0.2956730769230769 0.04807692307692308 0.028846153846153848
2 0.9471153846153846 0.33413461538461536 0.09615384615384616 0.09615384615384616
2 0.9543269230769231 0.4230769230769231 0.08173076923076923 0.08173076923076923
2 0.7211538461538461 0.34615384615384615 0.39903846153846156 0.17307692307692307
2 0.5625 0.20673076923076922 0.20673076923076922 0.11057692307692307
2 0.38461538461538464 0.2692307692307692 0.28365384615384615 0.0673076923076923
2 0.21033653846153846 0.20793269230769232 0.1658653846153846 0.10336538461538461
2 0.08653846153846154 0.12740384615384615 0.125 0.10576923076923077
2 0.06971153846153846 0.20673076923076922 0.12980769230769232 0.10576923076923077
2 0.12259615384615384 0.3545673076923077 0.04807692307692308 0.016826923076923076
2 0.17307692307692307 0.30528846153846156 0.12980769230769232 0.10576923076923077
2 0.1971153846153846 0.31009615384615385 0.11057692307692307 0.04326923076923077
2 0.1466346153846154 0.29927884615384615 0.028846153846153848 0.016826923076923076
2 0.859375 0.42788461538461536 0.040865384615384616 0.019230769230769232
2 0.7716346153846154 0.5024038461538461 0.2548076923076923 0.16826923076923078
2 0.9158653846153846 0.5925480769230769 0.15865384615384615 0.24278846153846154
2 0.8858173076923077 0.4795673076923077 0.055288461538461536 0.016826923076923076
2 0.8173076923076923 0.7584134615384616 0.11057692307692307 0.06971153846153846
2 0.8545673076923077 0.7379807692307693 0.19951923076923078 0.11538461538461539
2 0.9711538461538461 0.8245192307692307 0.04807692307692308 0.04326923076923077
2 0.9471153846153846 0.78125 0.09615384615384616 0.12980769230769232
2 0.7163461538461539 0.65625 0.22596153846153846 0.1201923076923077
2 0.5649038461538461 0.5769230769230769 0.12980769230769232 0.0625
2 0.5588942307692307 0.6274038461538461 0.21394230769230768 0.19230769230769232
2 0.375 0.5288461538461539 0.19230769230769232 0.13942307692307693
2 0.44471153846153844 0.49399038461538464 0.22115384615384615 0.07451923076923077
2 0.6165865384615384 0.4639423076923077 0.15144230769230768 0.21153846153846154
2 0.38461538461538464 0.4206730769230769 0.44711538461538464 0.13942307692307693
2 0.5480769230769231 0.3798076923076923 0.125 0.057692307692307696
2 0.31971153846153844 0.3629807692307692 0.028846153846153848 0.014423076923076924
2 0.43028846153846156 0.34134615384615385 0.25 0.0673076923076923
2 0.359375 0.36538461538461536 0.31009615384615385 0.10096153846153846
2 0.42788461538461536 0.31009615384615385 0.22596153846153846 0.0625
2 0.1778846153846154 0.3918269230769231 0.0625 0.04326923076923077
2 0.08173076923076923 0.41586538461538464 0.15865384615384615 0.04807692307692308
2 0.0889423076923077 0.3737980769230769 0.12980769230769232 0.04567307692307692
2 0.040865384615384616 0.3557692307692308 0.07692307692307693 0.03365384615384615
2 0.0625 0.3125 0.09134615384615384 0.0625
2 0.04807692307692308 0.46274038461538464 0.09134615384615384 0.055288461538461536
2 0.09615384615384616 0.4567307692307692 0.0625 0.028846153846153848
2 0.12860576923076922 0.9555288461538461 0.25240384615384615 0.0889423076923077
2 0.17548076923076922 0.9326923076923077 0.23557692307692307 0.08173076923076923
2 0.14423076923076922 0.8629807692307693 0.22596153846153846 0.08653846153846154
2 0.22956730769230768 0.8353365384615384 0.055288461538461536 0.026442307692307692
2 0.09615384615384616 0.7271634615384616 0.0625 0.01201923076923077
2 0.7728365384615384 0.9567307692307693 0.4495192307692308 0.08653846153846154
2 0.7475961538461539 0.8269230769230769 0.4951923076923077 0.1778846153846154
2 0.44711538461538464 0.796875 0.2692307692307692 0.11778846153846154
2 0.4026442307692308 0.7283653846153846 0.2620192307692308 0.09615384615384616
2 0.4951923076923077 0.8942307692307693 0.33653846153846156 0.15384615384615385
2 0.4230769230769231 0.9435096153846154 0.3317307692307692 0.0985576923076923
2 0.4362980769230769 0.9290865384615384 0.2091346153846154 0.14182692307692307
2 0.3786057692307692 0.9591346153846154 0.3389423076923077 0.08173076923076923
2 0.15144230769230768 0.7596153846153846 0.2980769230769231 0.0673076923076923
2 0.28846153846153844 0.7403846153846154 0.03365384615384615 0.014423076923076924
2 0.14423076923076922 0.8185096153846154 0.28365384615384615 0.09375
2 0.02283653846153846 0.8846153846153846 0.040865384615384616 0.038461538461538464
2 0.28846153846153844 0.6574519230769231 0.15865384615384615 0.07451923076923077
2 0.40024038461538464 0.6454326923076923 0.10336538461538461 0.06009615384615385
2 0.375 0.6069711538461539 0.11057692307692307 0.03125
2 0.18870192307692307 0.65625 0.2620192307692308 0.11538461538461539
2 0.10216346153846154 0.5649038461538461 0.19951923076923078 0.15865384615384615
2 0.23076923076923078 0.5048076923076923 0.0673076923076923 0.04807692307692308
2 0.21033653846153846 0.5456730769230769 0.2620192307692308 0.1201923076923077
2 0.13341346153846154 0.6802884615384616 0.2620192307692308 0.08653846153846154
2 0.5 0.5024038461538461 0.9951923076923077 0.9951923076923077
