2 0.12259615384615384 0.9266826923076923 0.23076923076923078 0.1466346153846154
2 0.4326923076923077 0.9435096153846154 0.41346153846153844 0.11298076923076923
2 0.14903846153846154 0.9519230769230769 0.23557692307692307 0.09615384615384616
2 0.6790865384615384 0.9362980769230769 0.6033653846153846 0.12740384615384615
2 0.9026442307692307 0.8942307692307693 0.19471153846153846 0.21153846153846154
2 0.9891826923076923 0.7524038461538461 0.021634615384615384 0.10096153846153846
2 0.5036057692307693 0.7704326923076923 0.9927884615384616 0.2620192307692308
2 0.8365384615384616 0.6370192307692307 0.3269230769230769 0.12980769230769232
2 0.038461538461538464 0.7524038461538461 0.0625 0.23557692307692307
2 0.5180288461538461 0.5276442307692307 0.9639423076923077 0.3004807692307692
2 0.019230769230769232 0.5889423076923077 0.02403846153846154 0.19230769230769232
2 0.47596153846153844 0.34134615384615385 0.9326923076923077 0.33653846153846156
2 0.9110576923076923 0.19471153846153846 0.1778846153846154 0.3798076923076923
2 0.5997596153846154 0.0625 0.22355769230769232 0.11538461538461539
2 0.7872596153846154 0.08173076923076923 0.17548076923076922 0.15384615384615385
2 0.6310096153846154 0.09615384615384616 0.43028846153846156 0.18269230769230768
2 0.4110576923076923 0.16466346153846154 0.3894230769230769 0.2091346153846154
2 0.21514423076923078 0.08173076923076923 0.41586538461538464 0.15384615384615385
2 0.16826923076923078 0.22355769230769232 0.16346153846153846 0.08653846153846154
2 0.06490384615384616 0.21514423076923078 0.11057692307692307 0.17067307692307693
2 0.5036057692307693 0.5012019230769231 0.9927884615384616 0.9975961538461539
