2 0.9278846153846154 0.3125 0.10576923076923077 0.5384615384615384
2 0.9314903846153846 0.5504807692307693 0.05048076923076923 0.07692307692307693
2 0.8257211538461539 0.7139423076923077 0.05048076923076923 0.057692307692307696
2 0.8245192307692307 0.39663461538461536 0.11538461538461539 0.6923076923076923
2 0.7211538461538461 0.6706730769230769 0.052884615384615384 0.057692307692307696
2 0.71875 0.36658653846153844 0.10576923076923077 0.6802884615384616
2 0.5901442307692307 0.9122596153846154 0.06009615384615385 0.0889423076923077
2 0.5913461538461539 0.49038461538461536 0.14903846153846154 0.9182692307692307
2 0.43028846153846156 0.9326923076923077 0.057692307692307696 0.07211538461538461
2 0.4387019230769231 0.5012019230769231 0.15144230769230768 0.9350961538461539
2 0.5877403846153846 0.3245192307692308 0.15144230769230768 0.38461538461538464
2 0.43509615384615385 0.31009615384615385 0.13942307692307693 0.23557692307692307
2 0.8245192307692307 0.20673076923076922 0.10576923076923077 0.17307692307692307
2 0.3004807692307692 0.7427884615384616 0.052884615384615384 0.12980769230769232
2 0.30528846153846156 0.4230769230769231 0.1201923076923077 0.7692307692307693
2 0.30649038461538464 0.27884615384615385 0.11778846153846154 0.28846153846153844
2 0.18509615384615385 0.6538461538461539 0.057692307692307696 0.07211538461538461
2 0.18990384615384615 0.3581730769230769 0.11538461538461539 0.6634615384615384
2 0.18990384615384615 0.43990384615384615 0.10576923076923077 0.15384615384615385
2 0.07932692307692307 0.5324519230769231 0.052884615384615384 0.06490384615384616
2 0.08173076923076923 0.2980769230769231 0.11057692307692307 0.5336538461538461
2 0.08413461538461539 0.24519230769230768 0.11057692307692307 0.21153846153846154
