2 0.5 0.18509615384615385 0.7740384615384616 0.11057692307692307
2 0.15144230769230768 0.18870192307692307 0.0625 0.055288461538461536
2 0.12980769230769232 0.3317307692307692 0.057692307692307696 0.0625
2 0.12740384615384615 0.49158653846153844 0.052884615384615384 0.06490384615384616
2 0.13701923076923078 0.6466346153846154 0.08173076923076923 0.0673076923076923
2 0.14182692307692307 0.8028846153846154 0.08173076923076923 0.07211538461538461
2 0.4951923076923077 0.3293269230769231 0.7740384615384616 0.14423076923076922
2 0.5048076923076923 0.49038461538461536 0.7980769230769231 0.14903846153846154
2 0.49759615384615385 0.6454326923076923 0.8028846153846154 0.14182692307692307
2 0.5 0.8004807692307693 0.7980769230769231 0.15865384615384615
