2 0.28125 0.7668269230769231 0.5576923076923077 0.46153846153846156
2 0.5336538461538461 0.7235576923076923 0.04807692307692308 0.14903846153846154
2 0.3485576923076923 0.47836538461538464 0.625 0.8461538461538461
2 0.7884615384615384 0.4423076923076923 0.33653846153846156 0.8798076923076923
2 0.7331730769230769 0.4519230769230769 0.28846153846153844 0.8990384615384616
2 0.8810096153846154 0.8834134615384616 0.23798076923076922 0.22355769230769232
2 0.8557692307692307 0.8173076923076923 0.07211538461538461 0.11538461538461539
2 0.7512019230769231 0.8233173076923077 0.055288461538461536 0.12740384615384615
2 0.6887019230769231 0.8233173076923077 0.06490384615384616 0.12740384615384615
2 0.6201923076923077 0.8197115384615384 0.07211538461538461 0.14903846153846154
2 0.22956730769230768 0.29447115384615385 0.34375 0.5841346153846154
2 0.17427884615384615 0.24278846153846154 0.34375 0.4807692307692308
2 0.46274038461538464 0.47115384615384615 0.33413461538461536 0.9375
