2 0.4254807692307692 0.4543269230769231 0.7211538461538461 0.4951923076923077
2 0.6213942307692307 0.1310096153846154 0.7524038461538461 0.24759615384615385
2 0.7884615384615384 0.23557692307692307 0.4182692307692308 0.30288461538461536
2 0.8269230769230769 0.5192307692307693 0.34134615384615385 0.34615384615384615
2 0.8581730769230769 0.7704326923076923 0.27884615384615385 0.22355769230769232
2 0.8810096153846154 0.9086538461538461 0.23317307692307693 0.18269230769230768
2 0.5432692307692307 0.8209134615384616 0.5817307692307693 0.3581730769230769
2 0.20192307692307693 0.9483173076923077 0.3125 0.10336538461538461
5 0.22115384615384615 0.8076923076923077 0.2932692307692308 0.28365384615384615
5 0.20793269230769232 0.5168269230769231 0.40625 0.34615384615384615
5 0.12980769230769232 0.18629807692307693 0.25 0.35336538461538464
