2 0.9158653846153846 0.06971153846153846 0.11057692307692307 0.1201923076923077
2 0.9855769230769231 0.10096153846153846 0.028846153846153848 0.1875
2 0.9302884615384616 0.20192307692307693 0.125 0.16826923076923078
2 0.9375 0.33413461538461536 0.125 0.125
2 0.9254807692307693 0.3701923076923077 0.057692307692307696 0.07692307692307693
2 0.9639423076923077 0.4519230769230769 0.07211538461538461 0.12980769230769232
2 0.8221153846153846 0.13581730769230768 0.16826923076923078 0.25721153846153844
2 0.8701923076923077 0.04326923076923077 0.052884615384615384 0.07211538461538461
2 0.8389423076923077 0.3173076923076923 0.07211538461538461 0.11538461538461539
2 0.9038461538461539 0.3894230769230769 0.09134615384615384 0.15865384615384615
2 0.8221153846153846 0.5612980769230769 0.24519230769230768 0.21875
2 0.7151442307692307 0.6466346153846154 0.021634615384615384 0.03365384615384615
2 0.96875 0.5745192307692307 0.0625 0.11538461538461539
2 0.9182692307692307 0.7139423076923077 0.09134615384615384 0.15384615384615385
2 0.9783653846153846 0.7163461538461539 0.04326923076923077 0.15865384615384615
2 0.9639423076923077 0.8918269230769231 0.07211538461538461 0.20192307692307693
2 0.8004807692307693 0.8966346153846154 0.3605769230769231 0.20673076923076922
2 0.7223557692307693 0.8533653846153846 0.4110576923076923 0.2932692307692308
2 0.53125 0.9567307692307693 0.038461538461538464 0.07211538461538461
2 0.7211538461538461 0.5793269230769231 0.0625 0.08173076923076923
2 0.7043269230769231 0.5528846153846154 0.08653846153846154 0.14903846153846154
2 0.6730769230769231 0.40384615384615385 0.0625 0.08173076923076923
2 0.6382211538461539 0.4182692307692308 0.12740384615384615 0.16346153846153846
2 0.6694711538461539 0.28966346153846156 0.29086538461538464 0.18028846153846154
2 0.5805288461538461 0.20432692307692307 0.18509615384615385 0.1875
2 0.6766826923076923 0.10336538461538461 0.12740384615384615 0.19230769230769232
2 0.6213942307692307 0.06009615384615385 0.05048076923076923 0.07211538461538461
2 0.6514423076923077 0.03125 0.08653846153846154 0.04326923076923077
2 0.5048076923076923 0.1658653846153846 0.1971153846153846 0.3173076923076923
2 0.5264423076923077 0.04326923076923077 0.11057692307692307 0.07211538461538461
2 0.4230769230769231 0.07572115384615384 0.1201923076923077 0.13701923076923078
2 0.3173076923076923 0.04326923076923077 0.10576923076923077 0.07211538461538461
2 0.33533653846153844 0.16706730769230768 0.0985576923076923 0.2620192307692308
2 0.4110576923076923 0.18990384615384615 0.04807692307692308 0.08653846153846154
2 0.4074519230769231 0.31971153846153844 0.33413461538461536 0.1875
2 0.23798076923076922 0.13701923076923078 0.10576923076923077 0.24519230769230768
2 0.1346153846153846 0.039663461538461536 0.0625 0.06009615384615385
2 0.6346153846153846 0.5360576923076923 0.04326923076923077 0.09134615384615384
2 0.47836538461538464 0.4375 0.35096153846153844 0.28846153846153844
2 0.43028846153846156 0.5360576923076923 0.038461538461538464 0.09134615384615384
2 0.3701923076923077 0.5625 0.15384615384615385 0.14903846153846154
2 0.5144230769230769 0.5985576923076923 0.19230769230769232 0.12980769230769232
2 0.578125 0.7427884615384616 0.24759615384615385 0.16826923076923078
2 0.6274038461538461 0.8173076923076923 0.21153846153846154 0.1971153846153846
2 0.055288461538461536 0.06490384615384616 0.10576923076923077 0.11538461538461539
2 0.1658653846153846 0.1346153846153846 0.11538461538461539 0.1875
2 0.07932692307692307 0.2800480769230769 0.15384615384615385 0.34375
2 0.04326923076923077 0.28365384615384615 0.08173076923076923 0.19230769230769232
2 0.11057692307692307 0.43990384615384615 0.21634615384615385 0.23076923076923078
2 0.07932692307692307 0.6225961538461539 0.15384615384615385 0.28846153846153844
2 0.17668269230769232 0.7572115384615384 0.05048076923076923 0.08653846153846154
2 0.28125 0.8004807692307693 0.052884615384615384 0.0673076923076923
2 0.2403846153846154 0.8810096153846154 0.12980769230769232 0.23798076923076922
2 0.1622596153846154 0.8533653846153846 0.12740384615384615 0.2932692307692308
2 0.051682692307692304 0.9158653846153846 0.0985576923076923 0.17307692307692307
2 0.007211538461538462 0.9711538461538461 0.009615384615384616 0.057692307692307696
2 0.057692307692307696 0.7487980769230769 0.11057692307692307 0.20432692307692307
2 0.375 0.9651442307692307 0.052884615384615384 0.06971153846153846
2 0.33653846153846156 0.9302884615384616 0.1201923076923077 0.13942307692307693
2 0.4014423076923077 0.8341346153846154 0.25 0.3173076923076923
2 0.4014423076923077 0.6766826923076923 0.07692307692307693 0.10336538461538461
2 0.4855769230769231 0.9975961538461539 0.0625 0.009615384615384616
2 0.4951923076923077 0.9759615384615384 0.1778846153846154 0.052884615384615384
2 0.34134615384615385 0.6814903846153846 0.07211538461538461 0.0985576923076923
2 0.2668269230769231 0.5625 0.14903846153846154 0.23557692307692307
2 0.2283653846153846 0.7115384615384616 0.11057692307692307 0.16826923076923078
2 0.2283653846153846 0.34615384615384615 0.14423076923076922 0.20673076923076922
2 0.5012019230769231 0.5048076923076923 0.9975961538461539 0.9951923076923077
