2 0.5240384615384616 0.8209134615384616 0.6826923076923077 0.16105769230769232
2 0.5264423076923077 0.6778846153846154 0.75 0.1778846153846154
2 0.5300480769230769 0.49759615384615385 0.84375 0.24519230769230768
2 0.5288461538461539 0.3125 0.7451923076923077 0.18269230769230768
2 0.53125 0.1778846153846154 0.6778846153846154 0.16826923076923078
2 0.8401442307692307 0.8028846153846154 0.06009615384615385 0.07211538461538461
2 0.8786057692307693 0.6610576923076923 0.055288461538461536 0.07211538461538461
2 0.9158653846153846 0.49278846153846156 0.07211538461538461 0.09134615384615384
2 0.8713942307692307 0.3245192307692308 0.06971153846153846 0.08173076923076923
2 0.8425480769230769 0.1875 0.055288461538461536 0.07692307692307693
