2 0.4110576923076923 0.8365384615384616 0.6298076923076923 0.1346153846153846
2 0.1346153846153846 0.8377403846153846 0.07692307692307693 0.06971153846153846
2 0.14182692307692307 0.5841346153846154 0.07692307692307693 0.07211538461538461
2 0.1346153846153846 0.48677884615384615 0.07692307692307693 0.06490384615384616
2 0.13942307692307693 0.2403846153846154 0.08173076923076923 0.07211538461538461
2 0.12980769230769232 0.13701923076923078 0.0673076923076923 0.0673076923076923
2 0.4110576923076923 0.6610576923076923 0.6201923076923077 0.21153846153846154
2 0.41586538461538464 0.49038461538461536 0.6298076923076923 0.12980769230769232
2 0.41586538461538464 0.31490384615384615 0.6298076923076923 0.20673076923076922
2 0.41586538461538464 0.140625 0.6394230769230769 0.13701923076923078
