2 0.5793269230769231 0.8353365384615384 0.057692307692307696 0.08413461538461539
2 0.12980769230769232 0.7403846153846154 0.038461538461538464 0.07211538461538461
2 0.05048076923076923 0.5360576923076923 0.038461538461538464 0.07211538461538461
2 0.04326923076923077 0.36538461538461536 0.04326923076923077 0.0673076923076923
2 0.19951923076923078 0.1778846153846154 0.04326923076923077 0.0673076923076923
2 0.6009615384615384 0.6574519230769231 0.04807692307692308 0.08413461538461539
2 0.5697115384615384 0.4831730769230769 0.04807692307692308 0.08173076923076923
2 0.6105769230769231 0.3125 0.04807692307692308 0.07692307692307693
2 0.6177884615384616 0.14302884615384615 0.04807692307692308 0.08413461538461539
2 0.31009615384615385 0.7379807692307693 0.39903846153846156 0.19230769230769232
2 0.2620192307692308 0.5360576923076923 0.46634615384615385 0.11538461538461539
2 0.25721153846153844 0.36538461538461536 0.46153846153846156 0.11057692307692307
2 0.3401442307692308 0.18509615384615385 0.31971153846153844 0.15865384615384615
2 0.7596153846153846 0.8461538461538461 0.41346153846153844 0.13942307692307693
2 0.765625 0.6634615384615384 0.37740384615384615 0.12980769230769232
2 0.7572115384615384 0.4879807692307692 0.41346153846153844 0.1346153846153846
2 0.7764423076923077 0.3076923076923077 0.375 0.12980769230769232
2 0.78125 0.14543269230769232 0.36538461538461536 0.14182692307692307
