2 0.10096153846153846 0.5216346153846154 0.08173076923076923 0.13942307692307693
2 0.2548076923076923 0.4831730769230769 0.07692307692307693 0.125
2 0.39783653846153844 0.42788461538461536 0.0889423076923077 0.12980769230769232
2 0.5456730769230769 0.3942307692307692 0.07211538461538461 0.11538461538461539
2 0.6778846153846154 0.36778846153846156 0.07211538461538461 0.11538461538461539
2 0.8149038461538461 0.3485576923076923 0.0673076923076923 0.1201923076923077
2 0.9375 0.3245192307692308 0.07211538461538461 0.1201923076923077
2 0.7572115384615384 0.6947115384615384 0.07692307692307693 0.12980769230769232
2 0.5745192307692307 0.7692307692307693 0.07692307692307693 0.12980769230769232
2 0.3786057692307692 0.875 0.08413461538461539 0.125
2 0.14543269230769232 0.9230769230769231 0.0889423076923077 0.125
2 0.9086538461538461 0.6995192307692307 0.08173076923076923 0.12980769230769232
2 0.10336538461538461 0.3293269230769231 0.1201923076923077 0.5192307692307693
2 0.14783653846153846 0.5985576923076923 0.2091346153846154 0.7740384615384616
2 0.375 0.5817307692307693 0.19230769230769232 0.7115384615384616
2 0.5733173076923077 0.5252403846153846 0.1658653846153846 0.6177884615384616
2 0.7584134615384616 0.4879807692307692 0.14182692307692307 0.5432692307692307
2 0.9086538461538461 0.49278846153846156 0.125 0.5336538461538461
2 0.25240384615384615 0.31009615384615385 0.11538461538461539 0.4807692307692308
2 0.3942307692307692 0.28365384615384615 0.11538461538461539 0.4182692307692308
2 0.5420673076923077 0.2608173076923077 0.10336538461538461 0.38221153846153844
2 0.6778846153846154 0.24759615384615385 0.09615384615384616 0.3557692307692308
2 0.8137019230769231 0.23677884615384615 0.09375 0.33413461538461536
2 0.9375 0.2247596153846154 0.08173076923076923 0.31971153846153844
