2 0.9050480769230769 0.05889423076923077 0.18990384615384615 0.10817307692307693
2 0.5036057692307693 0.14423076923076922 0.9927884615384616 0.27884615384615385
2 0.8221153846153846 0.34375 0.16346153846153846 0.16826923076923078
2 0.7692307692307693 0.5649038461538461 0.12980769230769232 0.1346153846153846
2 0.7307692307692307 0.7127403846153846 0.11057692307692307 0.11298076923076923
2 0.703125 0.8293269230769231 0.0985576923076923 0.10096153846153846
2 0.6850961538461539 0.9194711538461539 0.07692307692307693 0.07451923076923077
2 0.46033653846153844 0.3786057692307692 0.9014423076923077 0.36778846153846156
2 0.4206730769230769 0.6057692307692307 0.8269230769230769 0.27403846153846156
2 0.3942307692307692 0.7548076923076923 0.7692307692307693 0.20673076923076922
2 0.38221153846153844 0.8521634615384616 0.75 0.15625
2 0.36538461538461536 0.9326923076923077 0.7163461538461539 0.10576923076923077
