2 0.9290865384615384 0.13701923076923078 0.13701923076923078 0.1875
2 0.890625 0.03365384615384615 0.21394230769230768 0.052884615384615384
2 0.8689903846153846 0.0673076923076923 0.11298076923076923 0.09134615384615384
2 0.7331730769230769 0.17067307692307693 0.17307692307692307 0.19230769230769232
2 0.7788461538461539 0.08413461538461539 0.04326923076923077 0.019230769230769232
2 0.6670673076923077 0.16105769230769232 0.06490384615384616 0.038461538461538464
2 0.6466346153846154 0.13942307692307693 0.07211538461538461 0.04326923076923077
2 0.6923076923076923 0.06971153846153846 0.08173076923076923 0.10576923076923077
2 0.7139423076923077 0.028846153846153848 0.028846153846153848 0.019230769230769232
2 0.4326923076923077 0.15625 0.16826923076923078 0.0625
2 0.4543269230769231 0.21634615384615385 0.12980769230769232 0.0625
2 0.5721153846153846 0.2512019230769231 0.125 0.05048076923076923
2 0.4495192307692308 0.25961538461538464 0.09615384615384616 0.0673076923076923
2 0.3629807692307692 0.25961538461538464 0.10096153846153846 0.10576923076923077
2 0.4098557692307692 0.29086538461538464 0.0889423076923077 0.04807692307692308
2 0.375 0.35096153846153844 0.23076923076923078 0.08173076923076923
2 0.5 0.34975961538461536 0.14903846153846154 0.12740384615384615
2 0.5516826923076923 0.2932692307692308 0.036057692307692304 0.03365384615384615
2 0.7451923076923077 0.3401442307692308 0.052884615384615384 0.026442307692307692
2 0.9471153846153846 0.26802884615384615 0.052884615384615384 0.026442307692307692
2 0.9855769230769231 0.28125 0.02403846153846154 0.02403846153846154
2 0.9759615384615384 0.30528846153846156 0.04326923076923077 0.0625
2 0.8088942307692307 0.38461538461538464 0.31490384615384615 0.25961538461538464
2 0.7764423076923077 0.7067307692307693 0.1778846153846154 0.2644230769230769
2 0.6298076923076923 0.6947115384615384 0.14903846153846154 0.20673076923076922
2 0.6875 0.5961538461538461 0.04807692307692308 0.038461538461538464
2 0.6658653846153846 0.59375 0.2932692307692308 0.16346153846153846
2 0.9086538461538461 0.8185096153846154 0.04807692307692308 0.026442307692307692
2 0.9411057692307693 0.7463942307692307 0.11298076923076923 0.18028846153846154
2 0.8605769230769231 0.8173076923076923 0.04807692307692308 0.02403846153846154
2 0.8774038461538461 0.7584134615384616 0.09615384615384616 0.13221153846153846
2 0.8509615384615384 0.7019230769230769 0.1971153846153846 0.13942307692307693
2 0.9495192307692307 0.6129807692307693 0.09615384615384616 0.07692307692307693
2 0.8233173076923077 0.9350961538461539 0.1658653846153846 0.12980769230769232
2 0.6983173076923077 0.9110576923076923 0.15625 0.1778846153846154
2 0.6274038461538461 0.8653846153846154 0.16826923076923078 0.12980769230769232
2 0.5240384615384616 0.7692307692307693 0.1971153846153846 0.13942307692307693
2 0.4831730769230769 0.6646634615384616 0.125 0.06971153846153846
2 0.3581730769230769 0.6189903846153846 0.028846153846153848 0.026442307692307692
2 0.3894230769230769 0.6081730769230769 0.08173076923076923 0.04807692307692308
2 0.43509615384615385 0.5264423076923077 0.17307692307692307 0.18269230769230768
2 0.38100961538461536 0.4266826923076923 0.0889423076923077 0.06971153846153846
2 0.47716346153846156 0.44471153846153844 0.0889423076923077 0.04807692307692308
2 0.5036057692307693 0.45552884615384615 0.036057692307692304 0.016826923076923076
2 0.5360576923076923 0.5528846153846154 0.07692307692307693 0.11057692307692307
2 0.39663461538461536 0.7043269230769231 0.1201923076923077 0.09615384615384616
2 0.21634615384615385 0.71875 0.22596153846153846 0.1875
2 0.30408653846153844 0.6418269230769231 0.06490384615384616 0.038461538461538464
2 0.1778846153846154 0.6694711538461539 0.17307692307692307 0.17548076923076922
2 0.21514423076923078 0.5961538461538461 0.06490384615384616 0.019230769230769232
2 0.11538461538461539 0.6586538461538461 0.1201923076923077 0.23557692307692307
2 0.2283653846153846 0.5456730769230769 0.10576923076923077 0.125
2 0.15504807692307693 0.44471153846153844 0.11298076923076923 0.16826923076923078
2 0.3004807692307692 0.47115384615384615 0.12980769230769232 0.17307692307692307
2 0.3629807692307692 0.5949519230769231 0.10096153846153846 0.21394230769230768
2 0.5288461538461539 0.8870192307692307 0.10096153846153846 0.10576923076923077
2 0.4423076923076923 0.8617788461538461 0.08173076923076923 0.09375
2 0.38461538461538464 0.7752403846153846 0.1201923076923077 0.06009615384615385
2 0.2956730769230769 0.8581730769230769 0.25 0.0673076923076923
2 0.10336538461538461 0.828125 0.1778846153846154 0.13701923076923078
2 0.014423076923076924 0.8641826923076923 0.02403846153846154 0.06971153846153846
2 0.03245192307692308 0.75 0.06009615384615385 0.09615384615384616
2 0.0673076923076923 0.9110576923076923 0.07211538461538461 0.04326923076923077
2 0.18269230769230768 0.8954326923076923 0.10576923076923077 0.06490384615384616
2 0.19831730769230768 0.9759615384615384 0.10817307692307693 0.04807692307692308
2 0.11057692307692307 0.9639423076923077 0.21634615384615385 0.07211538461538461
2 0.1935096153846154 0.9399038461538461 0.036057692307692304 0.019230769230769232
2 0.07451923076923077 0.9555288461538461 0.08173076923076923 0.03125
2 0.046875 0.9447115384615384 0.0889423076923077 0.04326923076923077
2 0.2668269230769231 0.9362980769230769 0.10096153846153846 0.09375
2 0.36538461538461536 0.9423076923076923 0.16826923076923078 0.09134615384615384
2 0.39903846153846156 0.9879807692307693 0.11538461538461539 0.02403846153846154
2 0.43990384615384615 0.9543269230769231 0.10096153846153846 0.07692307692307693
2 0.546875 0.984375 0.17548076923076922 0.03125
2 0.6033653846153846 0.9807692307692307 0.04807692307692308 0.02403846153846154
