2 0.09615384615384616 0.7223557692307693 0.08653846153846154 0.0889423076923077
2 0.0985576923076923 0.6634615384615384 0.07211538461538461 0.052884615384615384
2 0.1045673076923077 0.9915865384615384 0.09375 0.016826923076923076
2 0.29086538461538464 0.8245192307692307 0.038461538461538464 0.028846153846153848
2 0.12980769230769232 0.6298076923076923 0.07692307692307693 0.04807692307692308
2 0.14182692307692307 0.5913461538461539 0.09134615384615384 0.04807692307692308
2 0.07451923076923077 0.6081730769230769 0.04326923076923077 0.04807692307692308
2 0.08653846153846154 0.5600961538461539 0.07211538461538461 0.04807692307692308
2 0.036057692307692304 0.5504807692307693 0.03365384615384615 0.02403846153846154
2 0.15625 0.5384615384615384 0.052884615384615384 0.0625
2 0.10096153846153846 0.5096153846153846 0.0673076923076923 0.057692307692307696
2 0.16706730769230768 0.3858173076923077 0.14182692307692307 0.18509615384615385
2 0.11778846153846154 0.33413461538461536 0.16346153846153846 0.10096153846153846
2 0.04326923076923077 0.38461538461538464 0.07211538461538461 0.09615384615384616
2 0.06971153846153846 0.4254807692307692 0.07692307692307693 0.057692307692307696
2 0.06971153846153846 0.4723557692307692 0.04326923076923077 0.05048076923076923
2 0.03125 0.3076923076923077 0.04326923076923077 0.04326923076923077
2 0.07211538461538461 0.2403846153846154 0.125 0.11538461538461539
2 0.09375 0.14903846153846154 0.08173076923076923 0.10096153846153846
2 0.03125 0.11658653846153846 0.04326923076923077 0.08413461538461539
2 0.07211538461538461 0.055288461538461536 0.08173076923076923 0.07692307692307693
2 0.12980769230769232 0.02403846153846154 0.07692307692307693 0.03365384615384615
2 0.18629807692307693 0.08533653846153846 0.13701923076923078 0.0985576923076923
2 0.22115384615384615 0.040865384615384616 0.11057692307692307 0.0673076923076923
2 0.2800480769230769 0.07692307692307693 0.06009615384615385 0.057692307692307696
2 0.28966346153846156 0.1201923076923077 0.06009615384615385 0.04326923076923077
2 0.22355769230769232 0.24519230769230768 0.23557692307692307 0.10576923076923077
2 0.15144230769230768 0.1814903846153846 0.04326923076923077 0.036057692307692304
2 0.6009615384615384 0.4831730769230769 0.21153846153846154 0.10096153846153846
2 0.7379807692307693 0.4387019230769231 0.09134615384615384 0.06490384615384616
2 0.734375 0.3641826923076923 0.0985576923076923 0.08413461538461539
2 0.7439903846153846 0.3076923076923077 0.10336538461538461 0.0625
2 0.7259615384615384 0.2932692307692308 0.04807692307692308 0.038461538461538464
2 0.71875 0.25 0.03365384615384615 0.057692307692307696
2 0.6442307692307693 0.2403846153846154 0.11538461538461539 0.07692307692307693
2 0.71875 0.19230769230769232 0.052884615384615384 0.028846153846153848
2 0.7548076923076923 0.1622596153846154 0.125 0.05048076923076923
2 0.7223557692307693 0.11778846153846154 0.06009615384615385 0.0625
2 0.8100961538461539 0.2403846153846154 0.14903846153846154 0.13942307692307693
2 0.8245192307692307 0.31009615384615385 0.08173076923076923 0.02403846153846154
2 0.8233173076923077 0.3605769230769231 0.0985576923076923 0.07692307692307693
